czas [s],X,Y,Z,rpm
0.0,-8,-10,256,0
0.0006250000001273293,0,-30,246,0
0.0012500000000272848,-6,-16,246,0
0.0018749999999272404,-6,-14,250,0
0.0025000000000545697,-12,-10,238,0
0.0031249999999545253,-6,-6,256,0
0.0037500000000818545,-16,-14,256,0
0.00437499999998181,0,-30,246,0
0.005000000000109139,-4,-16,252,0
0.005625000000009095,-12,-4,256,0
0.0062499999999090505,0,-26,242,0
0.00687500000003638,0,-18,248,0
0.007499999999936335,-14,-10,258,0
0.008125000000063665,4,-30,250,0
0.00874999999996362,0,-26,256,0
0.00937500000009095,-6,-8,258,0
0.009999999999990905,2,-36,242,0
0.010625000000118234,-8,-8,262,0
0.01125000000001819,-8,-18,260,0
0.011874999999918145,0,-30,246,0
0.012500000000045475,0,-16,258,0
0.01312499999994543,-12,-16,246,0
0.01375000000007276,-8,-6,242,0
0.014374999999972715,-10,-18,236,0
0.015000000000100044,0,-16,240,0
0.015625,-20,0,242,0
0.01625000000012733,2,-28,232,0
0.016875000000027285,0,-28,254,0
0.01749999999992724,-20,-10,252,0
0.01812500000005457,-4,-18,238,0
0.018749999999954525,0,-10,256,0
0.019375000000081855,-4,-12,254,0
0.01999999999998181,0,-32,250,0
0.02062500000010914,-4,-18,264,0
0.021250000000009095,0,-20,244,0
0.02187499999990905,-6,-20,254,0
0.02250000000003638,0,-14,256,0
0.023124999999936335,6,-24,246,0
0.023750000000063665,-10,-12,264,0
0.02437499999996362,0,-10,256,0
0.02500000000009095,0,-26,242,0
0.025624999999990905,-8,-10,258,0
0.026250000000118234,-12,-6,250,0
0.02687500000001819,2,-18,236,0
0.027499999999918145,0,0,264,0
0.028125000000045475,-10,-10,256,0
0.02874999999994543,2,-26,246,0
0.02937500000007276,-12,-8,268,0
0.029999999999972715,-16,-8,248,0
0.030625000000100044,2,-22,238,0
0.03125,-18,-10,264,0
0.03187500000012733,0,-18,240,0
0.032500000000027285,-10,-24,254,0
0.03312499999992724,0,-18,246,0
0.03375000000005457,0,-26,240,0
0.034374999999954525,-10,-16,252,0
0.035000000000081855,2,-32,236,0
0.03562499999998181,0,-26,246,0
0.03625000000010914,-8,-4,262,0
0.036875000000009095,0,-28,246,0
0.03749999999990905,0,-24,252,0
0.03812500000003638,-10,-10,256,0
0.038749999999936335,-4,-28,240,0
0.039375000000063665,-12,-10,264,0
0.03999999999996362,2,-18,238,0
0.04062500000009095,-24,-6,240,0
0.041249999999990905,-4,-30,230,0
0.041875000000118234,-4,-24,248,0
0.04250000000001819,-10,-4,256,0
0.043124999999918145,-4,-24,232,0
0.043750000000045475,-10,-14,260,0
0.04437499999994543,0,-20,256,0
0.04500000000007276,-12,-8,268,0
0.045624999999972715,-16,-12,244,0
0.046250000000100044,2,-24,248,0
0.046875,-18,-10,260,0
0.04750000000012733,0,-24,238,0
0.048125000000027285,-8,-24,250,0
0.04874999999992724,-8,-22,244,0
0.04937500000005457,0,-26,248,0
0.049999999999954525,-10,-10,262,0
0.050625000000081855,0,-26,242,0
0.05124999999998181,-6,-12,256,0
0.05187500000010914,-16,-12,260,0
0.052500000000009095,-12,-12,242,0
0.05312499999990905,-6,-8,262,0
0.05375000000003638,0,-20,244,0
0.054374999999936335,-8,0,238,0
0.055000000000063665,0,-26,228,0
0.05562499999996362,0,-22,240,0
0.05625000000009095,-20,-14,252,0
0.056874999999990905,0,-30,228,0
0.057500000000118234,-8,-16,256,0
0.05812500000001819,0,-6,248,0
0.058749999999918145,-4,-28,250,0
0.059375000000045475,-8,-14,256,0
0.05999999999994543,0,-24,246,0
0.06062500000007276,-8,-12,266,0
0.061249999999972715,0,-24,240,0
0.061875000000100044,10,-30,246,0
0.0625,-18,-12,258,0
0.06312500000012733,2,-26,240,0
0.06375000000002728,-14,-18,252,0
0.06437499999992724,-4,-22,264,0
0.06500000000005457,-10,-12,262,0
0.06562499999995453,-4,-8,262,0
0.06625000000008185,10,-34,242,0
0.06687499999998181,-12,-14,236,0
0.06750000000010914,2,-24,232,0
0.0681250000000091,-12,-10,252,0
0.06874999999990905,0,-16,236,0
0.06937500000003638,-4,-14,254,0
0.06999999999993634,0,0,256,0
0.07062500000006366,0,-30,246,0
0.07124999999996362,-6,-12,256,0
0.07187500000009095,0,-30,250,0
0.0724999999999909,-14,-8,270,0
0.07312500000011823,-8,-12,248,0
0.07375000000001819,4,-36,242,0
0.07437499999991815,-14,-10,262,0
0.07500000000004547,0,-28,246,0
0.07562499999994543,-10,-10,252,0
0.07625000000007276,0,-32,238,0
0.07687499999997272,-6,-18,262,0
0.07750000000010004,-12,-22,246,0
0.078125,-12,-8,240,0
0.07875000000012733,-16,-12,242,0
0.07937500000002728,0,-22,232,0
0.07999999999992724,-24,0,258,0
0.08062500000005457,0,-26,234,0
0.08124999999995453,-4,-10,256,0
0.08187500000008185,0,-22,250,0
0.08249999999998181,0,-26,242,0
0.08312500000010914,-14,-16,258,0
0.0837500000000091,0,-22,244,0
0.08437499999990905,-6,-28,256,0
0.08500000000003638,-10,-10,242,0
0.08562499999993634,2,-26,244,0
0.08625000000006366,-16,-8,262,0
0.08687499999996362,0,-24,238,0
0.08750000000009095,-6,-10,264,0
0.0881249999999909,2,-38,244,0
0.08875000000011823,-6,-12,262,0
0.08937500000001819,-4,-16,244,0
0.08999999999991815,-24,4,256,0
0.09062500000004547,-4,-16,240,0
0.09124999999994543,-6,-14,256,0
0.09187500000007276,8,-24,248,0
0.09249999999997272,-10,-8,266,0
0.09312500000010004,0,-18,242,0
0.09375,-12,-26,252,0
0.09437500000012733,-14,-22,264,0
0.09500000000002728,-8,-16,240,0
0.09562499999992724,-14,-20,254,0
0.09625000000005457,0,-18,262,0
0.09687499999995453,0,-24,238,0
0.09750000000008185,-10,-8,258,0
0.09812499999998181,-8,-20,240,0
0.09875000000010914,0,-26,230,0
0.0993750000000091,-8,-18,252,0
0.09999999999990905,-4,-22,248,0
0.10062500000003638,-10,-14,236,0
0.10124999999993634,-10,-18,248,0
0.10187500000006366,-6,-18,240,0
0.10249999999996362,0,-24,234,0
0.10312500000009095,-6,-20,254,0
0.1037499999999909,-8,-24,248,0
0.10437500000011823,2,-24,244,0
0.10500000000001819,-12,-14,256,0
0.10562499999991815,2,-30,244,0
0.10625000000004547,-8,-20,248,0
0.10687499999994543,-14,-16,250,0
0.10750000000007276,-12,-12,238,0
0.10812499999997272,-12,-8,266,0
0.10875000000010004,-14,-22,250,0
0.109375,-6,-8,242,0
0.11000000000012733,-16,-22,264,0
0.11062500000002728,0,-16,240,0
0.11124999999992724,-26,-4,252,0
0.11187500000005457,0,-22,236,0
0.11249999999995453,0,-22,252,0
0.11312500000008185,0,-6,252,0
0.11374999999998181,0,-24,238,0
0.11437500000010914,-8,-12,260,0
0.1150000000000091,2,-26,246,0
0.11562499999990905,-8,-6,264,0
0.11625000000003638,-4,-22,240,0
0.11687499999993634,-8,-16,246,0
0.11750000000006366,0,-30,238,0
0.11812499999996362,-6,-8,258,0
0.11875000000009095,-14,-6,260,0
0.1193749999999909,-8,-12,238,0
0.12000000000011823,-14,-10,256,0
0.12062500000001819,-12,-20,240,0
0.12124999999991815,-10,-4,236,0
0.12187500000004547,-16,-16,236,0
0.12249999999994543,-8,-14,236,0
0.12312500000007276,-20,-8,244,0
0.12374999999997272,0,-26,232,0
0.12437500000010004,-4,-16,236,0
0.125,0,-6,248,0
0.12562500000012733,-12,-12,260,0
0.12625000000002728,-10,-14,254,0
0.12687499999992724,6,-28,240,0
0.12750000000005457,-14,-12,264,0
0.12812499999995453,0,-16,230,0
0.12875000000008185,6,-24,238,0
0.1293749999999818,-16,-24,268,0
0.13000000000010914,0,-24,252,0
0.1306250000000091,-6,-18,254,0
0.13124999999990905,0,-18,244,0
0.13187500000003638,0,-10,260,0
0.13249999999993634,-12,-14,254,0
0.13312500000006366,0,-28,244,0
0.13374999999996362,-12,-12,240,0
0.13437500000009095,0,-24,242,0
0.1349999999999909,-18,2,236,0
0.13562500000011823,0,-28,234,0
0.1362500000000182,-8,-12,256,0
0.13687499999991815,2,-18,248,0
0.13750000000004547,-8,-10,272,0
0.13812499999994543,-14,-14,248,0
0.13875000000007276,0,-24,246,0
0.13937499999997272,-22,-8,262,0
0.14000000000010004,0,-16,242,0
0.140625,-10,-10,254,0
0.14125000000012733,0,-32,240,0
0.14187500000002728,2,-26,256,0
0.14249999999992724,-12,-10,268,0
0.14312500000005457,0,-18,248,0
0.14374999999995453,-4,-10,260,0
0.14437500000008185,0,-18,236,0
0.1449999999999818,0,0,242,0
0.14562500000010914,-12,-8,236,0
0.1462500000000091,2,-20,240,0
0.14687499999990905,-20,-8,230,0
0.14750000000003638,-12,-18,242,0
0.14812499999993634,0,-20,262,0
0.14875000000006366,-18,-8,248,0
0.14937499999996362,0,-18,222,0
0.15000000000009095,0,-12,256,0
0.1506249999999909,6,-26,250,0
0.15125000000011823,0,-26,246,0
0.1518750000000182,-8,-14,250,0
0.15249999999991815,6,-18,242,0
0.15312500000004547,-14,-10,262,0
0.15374999999994543,0,-22,236,0
0.15437500000007276,-10,-18,252,0
0.15499999999997272,-10,-20,248,0
0.15562500000010004,0,-26,250,0
0.15625,-14,-14,246,0
0.15687500000012733,-10,-16,234,0
0.15750000000002728,-16,-18,248,0
0.15812499999992724,0,-26,234,0
0.15875000000005457,-20,-6,250,0
0.15937499999995453,2,-26,230,0
0.16000000000008185,-10,-8,260,0
0.1606249999999818,4,-30,246,0
0.16125000000010914,-10,-8,262,0
0.1618750000000091,-12,-16,250,0
0.16249999999990905,4,-24,242,0
0.16312500000003638,-20,-8,270,0
0.16374999999993634,-6,-18,238,0
0.16437500000006366,-14,-16,256,0
0.16499999999996362,0,-20,256,0
0.16562500000009095,0,-22,244,0
0.1662499999999909,0,-4,262,0
0.16687500000011823,-8,-16,242,0
0.1675000000000182,-6,-14,252,0
0.16812499999991815,-10,-16,262,0
0.16875000000004547,-12,0,238,0
0.16937499999994543,-16,-20,246,0
0.17000000000007276,0,-24,238,0
0.17062499999997272,-8,-8,254,0
0.17125000000010004,0,-22,234,0
0.171875,-4,-10,256,0
0.17250000000012733,0,-20,242,0
0.17312500000002728,-4,-12,262,0
0.17374999999992724,-20,-14,250,0
0.17437500000005457,-10,-22,252,0
0.17499999999995453,-6,-20,258,0
0.17562500000008185,-8,-14,254,0
0.1762499999999818,-16,-14,248,0
0.17687500000010914,0,-24,230,0
0.1775000000000091,-12,-12,234,0
0.17812499999990905,0,-20,240,0
0.17875000000003638,-18,0,248,0
0.17937499999993634,-8,-16,226,0
0.18000000000006366,-4,-24,250,0
0.18062499999996362,4,-24,250,0
0.18125000000009095,0,-26,224,0
0.1818749999999909,-6,-18,260,0
0.18250000000011823,0,-8,250,0
0.1831250000000182,0,-24,230,0
0.18374999999991815,-4,-14,248,0
0.18437500000004547,0,-4,256,0
0.18499999999994543,2,-28,230,0
0.18562500000007276,-10,-12,254,0
0.18624999999997272,-8,-8,254,0
0.18687500000010004,-4,-26,256,0
0.1875,0,-16,254,0
0.18812500000012733,0,-14,248,0
0.18875000000002728,0,-26,252,0
0.18937499999992724,0,-12,258,0
0.19000000000005457,0,-26,246,0
0.19062499999995453,0,-12,272,0
0.19125000000008185,-12,-12,264,0
0.1918749999999818,0,-22,248,0
0.19250000000010914,-16,0,256,0
0.1931250000000091,-14,-10,264,0
0.19374999999990905,0,-26,248,0
0.19437500000003638,0,-10,264,0
0.19499999999993634,-10,-10,258,0
0.19562500000006366,2,-22,252,0
0.19624999999996362,-4,-4,264,0
0.19687500000009095,-12,-16,250,0
0.1974999999999909,2,-28,244,0
0.19812500000011823,-8,-10,248,0
0.1987500000000182,-18,-6,258,0
0.19937499999991815,6,-24,240,0
0.20000000000004547,0,-26,248,0
0.20062499999994543,-14,-10,256,0
0.20125000000007276,2,-22,240,0
0.20187499999997272,0,-26,252,0
0.20250000000010004,-10,-6,258,0
0.203125,0,-20,254,0
0.20375000000012733,-10,-16,246,0
0.20437500000002728,-4,-10,256,0
0.20499999999992724,2,-18,244,0
0.20562500000005457,-6,-18,254,0
0.20624999999995453,-10,-12,252,0
0.20687500000008185,10,-22,244,0
0.2074999999999818,-8,-8,264,0
0.20812500000010914,-16,-12,248,0
0.2087500000000091,10,-24,236,0
0.20937499999990905,-14,-12,268,0
0.21000000000003638,0,-24,244,0
0.21062499999993634,-10,-16,266,0
0.21125000000006366,0,-32,240,0
0.21187499999996362,-6,-10,256,0
0.21250000000009095,-10,-24,244,0
0.2131249999999909,-12,-4,236,0
0.21375000000011823,-16,-10,244,0
0.2143750000000182,-4,-16,252,0
0.21499999999991815,-10,0,236,0
0.21562500000004547,-8,-6,260,0
0.21624999999994543,-12,-10,256,0
0.21687500000007276,0,-28,244,0
0.21749999999997272,-6,-14,262,0
0.21812500000010004,-8,-10,268,0
0.21875,0,-26,244,0
0.21937500000012733,-4,-10,260,0
0.22000000000002728,-8,-10,260,0
0.22062499999992724,-12,-14,240,0
0.22125000000005457,-12,-18,244,0
0.22187499999995453,-4,-18,236,0
0.22250000000008185,-22,-8,248,0
0.2231249999999818,0,-26,232,0
0.22375000000010914,-4,-12,254,0
0.2243750000000091,0,-20,244,0
0.22499999999990905,-16,-16,260,0
0.22562500000003638,-6,-18,230,0
0.22624999999993634,-12,-22,254,0
0.22687500000006366,0,-28,246,0
0.22749999999996362,-6,-16,254,0
0.22812500000009095,-4,-18,246,0
0.2287499999999909,-24,0,244,0
0.22937500000011823,-4,-18,230,0
0.2300000000000182,0,-20,248,0
0.23062499999991815,0,-12,256,0
0.23125000000004547,0,-24,248,0
0.23187499999994543,0,-14,252,0
0.23250000000007276,2,-28,240,0
0.23312499999997272,-18,-10,256,0
0.23375000000010004,-14,-12,238,0
0.234375,2,-22,238,0
0.23500000000012733,-20,-14,262,0
0.23562500000002728,-4,-20,242,0
0.23624999999992724,-14,-18,242,0
0.23687500000005457,-6,-24,266,0
0.23749999999995453,-4,-22,238,0
0.23812500000008185,-4,-20,240,0
0.2387499999999818,-6,-20,250,0
0.23937500000010914,-8,-12,254,0
0.2400000000000091,-10,-10,268,0
0.24062499999990905,0,-30,244,0
0.24125000000003638,-12,-10,256,0
0.24187499999993634,-12,-18,254,0
0.24250000000006366,-18,-8,256,0
0.24312499999996362,0,-20,230,0
0.24375000000009095,0,-4,256,0
0.2443749999999909,4,-24,256,0
0.24500000000011823,-10,-12,258,0
0.2456250000000182,-14,-16,256,0
0.24624999999991815,0,-24,252,0
0.24687500000004547,-10,-8,260,0
0.24749999999994543,-14,-24,252,0
0.24812500000007276,2,-24,242,0
0.24874999999997272,-20,-8,256,0
0.24937500000010004,0,-20,244,0
0.25,0,-16,240,0
0.25062500000012733,-16,-6,262,0
0.2512500000000273,-4,-10,238,0
0.25187499999992724,2,-24,234,0
0.25250000000005457,-16,-12,254,0
0.2531249999999545,-4,-18,230,0
0.25375000000008185,-16,-22,254,0
0.2543749999999818,0,-20,252,0
0.25500000000010914,-6,-16,250,0
0.2556250000000091,-16,-14,246,0
0.25624999999990905,-8,-8,240,0
0.2568750000000364,0,-18,230,0
0.25749999999993634,0,-20,254,0
0.25812500000006366,-16,-8,256,0
0.2587499999999636,-8,-28,250,0
0.25937500000009095,-10,-10,252,0
0.2599999999999909,2,-28,234,0
0.26062500000011823,-16,-12,256,0
0.2612500000000182,-8,-18,236,0
0.26187499999991815,0,-24,250,0
0.2625000000000455,-4,-20,246,0
0.26312499999994543,-4,-20,252,0
0.26375000000007276,-8,-12,248,0
0.2643749999999727,0,-34,244,0
0.26500000000010004,-8,-8,256,0
0.265625,6,-24,240,0
0.26625000000012733,-18,-10,248,0
0.2668750000000273,0,-12,238,0
0.26749999999992724,2,-28,258,0
0.26812500000005457,-16,-8,252,0
0.2687499999999545,-8,-22,252,0
0.26937500000008185,-6,-6,268,0
0.2699999999999818,2,-30,246,0
0.27062500000010914,-8,-12,264,0
0.2712500000000091,0,-20,238,0
0.27187499999990905,-16,-22,246,0
0.2725000000000364,-8,-26,264,0
0.27312499999993634,2,-34,254,0
0.27375000000006366,-14,-14,258,0
0.2743749999999636,2,-26,242,0
0.27500000000009095,-14,-26,244,0
0.2756249999999909,-4,-24,238,0
0.27625000000011823,-16,-6,256,0
0.2768750000000182,-6,-18,252,0
0.27749999999991815,-8,-12,256,0
0.2781250000000455,6,-26,240,0
0.27874999999994543,-10,-8,258,0
0.27937500000007276,-10,-20,238,0
0.2799999999999727,2,-26,240,0
0.28062500000010004,-12,-10,264,0
0.28125,0,-24,238,0
0.28187500000012733,-10,-16,258,0
0.2825000000000273,0,-20,260,0
0.28312499999992724,0,-18,242,0
0.28375000000005457,-8,-20,240,0
0.2843749999999545,-6,-10,260,0
0.28500000000008185,-8,-16,248,0
0.2856249999999818,0,-28,246,0
0.28625000000010914,0,-30,252,0
0.2868750000000091,-4,-10,262,0
0.28749999999990905,2,-20,246,0
0.2881250000000364,0,-28,228,0
0.28874999999993634,-6,-18,256,0
0.28937500000006366,6,-26,250,0
0.2899999999999636,-8,-12,254,0
0.29062500000009095,-10,-14,258,0
0.2912499999999909,0,-22,254,0
0.29187500000011823,-6,-26,254,0
0.2925000000000182,-10,-10,248,0
0.29312499999991815,6,-24,256,0
0.2937500000000455,-10,-12,264,0
0.29437499999994543,-12,-18,268,0
0.29500000000007276,2,-18,250,0
0.2956249999999727,-12,-20,266,0
0.29625000000010004,-8,-26,236,0
0.296875,-12,-20,240,0
0.29750000000012733,0,-18,254,0
0.2981250000000273,0,-26,240,0
0.29874999999992724,-10,-20,250,0
0.29937500000005457,-14,-26,258,0
0.2999999999999545,0,-30,244,0
0.30062500000008185,-14,-22,256,0
0.3012499999999818,-18,-24,266,0
0.30187500000010914,0,-24,250,0
0.3025000000000091,-6,-26,240,0
0.30312499999990905,-16,-8,264,0
0.3037500000000364,0,-28,230,0
0.30437499999993634,6,-20,242,0
0.30500000000006366,-10,-6,264,0
0.3056249999999636,-4,-14,240,0
0.30625000000009095,2,-20,240,0
0.3068749999999909,-16,-12,260,0
0.30750000000011823,0,-22,234,0
0.3081250000000182,-10,-24,248,0
0.30874999999991815,-16,-10,260,0
0.3093750000000455,-6,-20,236,0
0.30999999999994543,-8,-18,258,0
0.31062500000007276,-6,-18,234,0
0.3112499999999727,0,-20,252,0
0.31187500000010004,-8,-10,258,0
0.3125,0,-28,240,0
0.31312500000012733,-4,-12,256,0
0.3137500000000273,-14,-12,260,0
0.31437499999992724,0,-30,246,0
0.31500000000005457,-6,-16,262,0
0.3156249999999545,-16,-8,262,0
0.31625000000008185,-8,-16,242,0
0.3168749999999818,-6,-8,262,0
0.31750000000010914,-14,-10,254,0
0.3181250000000091,0,-34,240,0
0.31874999999990905,0,-10,258,0
0.3193750000000364,0,-16,268,0
0.31999999999993634,2,-28,242,0
0.32062500000006366,0,-10,262,0
0.3212499999999636,-10,-12,260,0
0.32187500000009095,6,-32,246,0
0.3224999999999909,-14,-12,260,0
0.32312500000011823,-10,-6,268,0
0.3237500000000182,0,-30,250,0
0.32437499999991815,-14,-14,244,0
0.3250000000000455,-12,-8,250,0
0.32562499999994543,-14,-8,244,0
0.32625000000007276,-14,-10,248,0
0.3268749999999727,0,-12,244,0
0.32750000000010004,-12,-14,240,0
0.328125,-18,-12,258,0
0.32875000000012733,0,-20,232,0
0.3293750000000273,-8,-16,240,0
0.32999999999992724,-12,-8,256,0
0.33062500000005457,0,-16,242,0
0.3312499999999545,-12,-10,242,0
0.33187500000008185,0,-20,258,0
0.3324999999999818,-14,-10,254,0
0.33312500000010914,0,-28,244,0
0.3337500000000091,-4,-16,254,0
0.33437499999990905,-12,-8,258,0
0.3350000000000364,-4,-30,238,0
0.33562499999993634,0,-24,256,0
0.33625000000006366,-4,-16,260,0
0.3368749999999636,0,-28,246,0
0.33750000000009095,0,-28,238,0
0.3381249999999909,-8,-10,258,0
0.33875000000011823,6,-34,244,0
0.3393750000000182,0,-26,254,0
0.33999999999991815,-8,-10,266,0
0.3406250000000455,0,-28,242,0
0.34124999999994543,-8,-12,258,0
0.34187500000007276,-10,-4,260,0
0.3424999999999727,0,-22,248,0
0.34312500000010004,-22,-4,266,0
0.34375,-6,-16,252,0
0.34437500000012733,-4,-24,244,0
0.3450000000000273,-16,-10,268,0
0.34562499999992724,-12,-8,260,0
0.34625000000005457,-4,-28,248,0
0.3468749999999545,0,-22,258,0
0.34750000000008185,-8,-6,264,0
0.3481249999999818,0,-30,242,0
0.34875000000010914,0,-20,250,0
0.3493750000000091,-10,-14,252,0
0.34999999999990905,-16,-16,256,0
0.3506250000000364,0,-22,248,0
0.35124999999993634,-14,-20,252,0
0.35187500000006366,-12,-8,260,0
0.3524999999999636,-18,-18,246,0
0.35312500000009095,4,-24,248,0
0.3537499999999909,-10,-12,264,0
0.35437500000011823,-12,-12,242,0
0.3550000000000182,0,-20,236,0
0.35562499999991815,-4,-24,248,0
0.3562500000000455,-10,-14,258,0
0.35687499999994543,0,-24,248,0
0.35750000000007276,0,-26,252,0
0.3581249999999727,0,-10,262,0
0.35875000000010004,0,-18,244,0
0.359375,0,-20,224,0
0.36000000000012733,-8,-8,258,0
0.3606250000000273,0,-24,246,0
0.36124999999992724,0,-26,240,0
0.36187500000005457,-12,-8,252,0
0.3624999999999545,0,-22,246,0
0.36312500000008185,-8,-14,240,0
0.3637499999999818,0,-10,260,0
0.36437500000010914,2,-24,242,0
0.3650000000000091,-12,-10,270,0
0.36562499999990905,-8,-10,258,0
0.3662500000000364,-20,-8,256,0
0.36687499999993634,-6,-20,228,0
0.36750000000006366,0,-22,236,0
0.3681249999999636,-8,0,240,0
0.36875000000009095,-16,-6,258,0
0.3693749999999909,-12,-14,258,0
0.37000000000011823,0,-28,250,0
0.3706250000000182,-8,-16,262,0
0.37124999999991815,-16,-14,254,0
0.3718750000000455,0,-34,244,0
0.37249999999994543,-16,-12,262,0
0.37312500000007276,0,-16,246,0
0.3737499999999727,-12,-8,246,0
0.37437500000010004,-22,-16,252,0
0.375,-4,-20,234,0
0.37562500000012733,-26,4,242,0
0.3762500000000273,-16,-20,250,0
0.37687499999992724,2,-26,236,0
0.37750000000005457,-8,0,262,0
0.3781249999999545,-4,-14,238,0
0.37875000000008185,-4,-18,250,0
0.3793749999999818,-20,0,252,0
0.38000000000010914,-4,-26,230,0
0.3806250000000091,-6,-14,252,0
0.38124999999990905,4,-24,246,0
0.3818750000000364,2,-32,230,0
0.38249999999993634,0,-24,256,0
0.38312500000006366,8,-24,246,0
0.3837499999999636,0,-26,234,0
0.38437500000009095,0,-10,258,0
0.3849999999999909,2,-18,238,0
0.38562500000011823,-8,-18,252,0
0.3862500000000182,-8,-14,260,0
0.38687499999991815,6,-28,246,0
0.3875000000000455,-16,-14,264,0
0.38812499999994543,-4,-18,240,0
0.38875000000007276,-14,-18,250,0
0.3893749999999727,0,-32,242,0
0.39000000000010004,2,-22,242,0
0.390625,-6,-14,260,0
0.39125000000012733,0,-26,248,0
0.3918750000000273,-4,-14,250,0
0.39249999999992724,-8,-12,254,0
0.39312500000005457,0,-30,240,0
0.3937499999999545,-4,-20,256,0
0.39437500000008185,-2,-18,248,0
0.3949999999999818,-18,-8,240,0
0.39562500000010914,-14,-10,256,0
0.3962500000000091,0,-18,248,0
0.39687499999990905,-6,0,236,0
0.3975000000000364,-8,-14,262,0
0.39812499999993634,-16,-14,236,0
0.39875000000006366,-14,-16,238,0
0.3993749999999636,-8,-8,262,0
0.40000000000009095,-10,-16,260,0
0.4006249999999909,0,-30,248,0
0.40125000000011823,0,-8,256,0
0.4018750000000182,-8,-18,254,0
0.40249999999991815,0,-38,238,0
0.4031250000000455,0,-28,256,0
0.40374999999994543,-4,-12,256,0
0.40437500000007276,-4,-22,244,0
0.4049999999999727,-6,-14,250,0
0.40562500000010004,-12,-10,256,0
0.40625,0,-30,238,0
0.40687500000012733,-10,-10,256,0
0.4075000000000273,-14,-20,248,0
0.40812499999992724,-8,-14,232,0
0.40875000000005457,-18,-12,242,0
0.4093749999999545,0,-24,236,0
0.41000000000008185,-8,-8,232,0
0.4106249999999818,-14,-14,238,0
0.41125000000010914,0,-18,240,0
0.4118750000000091,-6,0,254,0
0.41249999999990905,0,-14,234,0
0.4131250000000364,-6,-20,250,0
0.41374999999993634,-18,-8,256,0
0.41437500000006366,0,-26,234,0
0.4149999999999636,-8,-14,254,0
0.41562500000009095,2,-26,242,0
0.4162499999999909,-4,-6,260,0
0.41687500000011823,-12,-16,244,0
0.4175000000000182,2,-18,240,0
0.41812499999991815,-18,-10,260,0
0.4187500000000455,-6,-16,244,0
0.41937499999994543,-12,-16,250,0
0.42000000000007276,-16,-26,268,0
0.4206249999999727,0,-24,244,0
0.42125000000010004,-8,-10,258,0
0.421875,0,-26,244,0
0.42250000000012733,0,-24,254,0
0.4231250000000273,-16,-14,246,0
0.42374999999992724,-12,-10,242,0
0.42437500000005457,-18,0,266,0
0.4249999999999545,0,-16,234,0
0.42562500000008185,-24,4,248,0
0.4262499999999818,-16,-20,248,0
0.42687500000010914,0,-22,240,0
0.4275000000000091,-18,-8,248,0
0.42812499999990905,0,-20,250,0
0.4287500000000364,0,-30,252,0
0.42937499999993634,4,-20,242,0
0.43000000000006366,-14,-6,246,0
0.4306249999999636,-10,-12,246,0
0.43125000000009095,0,-22,246,0
0.4318749999999909,-18,-8,262,0
0.43250000000011823,-8,-10,246,0
0.4331250000000182,6,-20,246,0
0.43374999999991815,-16,-14,260,0
0.4343750000000455,0,-12,240,0
0.43499999999994543,-12,-20,240,0
0.43562500000007276,4,-30,246,0
0.4362499999999727,0,-28,256,0
0.43687500000010004,-8,-16,256,0
0.4375,0,-30,244,0
0.43812500000012733,-8,-10,262,0
0.4387500000000273,-8,-6,256,0
0.43937499999992724,0,-26,236,0
0.44000000000005457,-8,-14,258,0
0.4406249999999545,-16,-4,262,0
0.44125000000008185,-6,-16,244,0
0.4418749999999818,-16,-14,240,0
0.44250000000010914,0,-18,230,0
0.4431250000000091,0,0,248,0
0.44374999999990905,-4,-26,252,0
0.4443750000000364,-8,-12,262,0
0.44499999999993634,4,-18,246,0
0.44562500000006366,-6,-12,270,0
0.4462499999999636,-12,-16,258,0
0.44687500000009095,4,-24,244,0
0.4474999999999909,-16,-22,260,0
0.44812500000011823,-10,-18,256,0
0.4487500000000182,-8,-14,250,0
0.44937499999991815,0,-32,236,0
0.4500000000000455,-12,-14,250,0
0.45062499999994543,0,-20,240,0
0.45125000000007276,0,0,236,0
0.4518749999999727,0,-16,230,0
0.45250000000010004,2,-18,232,0
0.453125,-8,-6,242,0
0.45375000000012733,0,-18,244,0
0.4543750000000273,0,-24,238,0
0.45499999999992724,-14,-4,240,0
0.45562500000005457,-4,-16,236,0
0.4562499999999545,0,-26,232,0
0.45687500000008185,-16,-8,242,0
0.4574999999999818,0,-32,224,0
0.45812500000010914,-4,-4,256,0
0.4587500000000091,4,-24,256,0
0.45937499999990905,-12,-10,256,0
0.4600000000000364,-12,-12,248,0
0.46062499999993634,2,-28,240,0
0.46125000000006366,-16,-22,268,0
0.4618749999999636,0,-28,256,0
0.46250000000009095,-6,-14,256,0
0.4631249999999909,0,-26,246,0
0.46375000000011823,-6,-14,262,0
0.4643750000000182,-12,-18,250,0
0.46499999999991815,-6,0,232,0
0.4656250000000455,-18,-16,240,0
0.46624999999994543,-4,-16,254,0
0.46687500000007276,-20,0,256,0
0.4674999999999727,0,-16,236,0
0.46812500000010004,-6,-10,246,0
0.46875,-8,0,250,0
0.46937500000012733,0,-20,236,0
0.4700000000000273,-6,-6,260,0
0.47062499999992724,2,-26,244,0
0.47125000000005457,-10,-16,254,0
0.4718749999999545,-16,-16,250,0
0.47250000000008185,4,-24,238,0
0.4731249999999818,-14,-6,260,0
0.47375000000010914,-4,-26,244,0
0.4743750000000091,-8,-14,266,0
0.47499999999990905,-8,-16,242,0
0.4756250000000364,-4,-10,258,0
0.47624999999993634,-12,-20,248,0
0.47687500000006366,-6,-18,238,0
0.4774999999999636,-18,-22,242,0
0.47812500000009095,-6,-20,250,0
0.4787499999999909,-16,-8,256,0
0.47937500000011823,0,-26,236,0
0.4800000000000182,0,-14,264,0
0.48062499999991815,4,-26,242,0
0.4812500000000455,-16,-6,264,0
0.48187499999994543,-8,-18,238,0
0.48250000000007276,-10,-8,256,0
0.4831249999999727,-6,-22,244,0
0.48375000000010004,0,-24,256,0
0.484375,-14,-14,258,0
0.48500000000012733,0,-30,238,0
0.4856250000000273,-4,-8,254,0
0.48624999999992724,-8,-20,242,0
0.48687500000005457,-8,-12,240,0
0.4874999999999545,-18,-10,238,0
0.48812500000008185,-4,-20,240,0
0.4887499999999818,4,-24,240,0
0.48937500000010914,0,-24,230,0
0.4900000000000091,-10,-12,256,0
0.49062499999990905,2,-22,240,0
0.4912500000000364,-10,-14,256,0
0.49187499999993634,-10,-8,248,0
0.49250000000006366,0,-16,240,0
0.4931249999999636,-16,-8,262,0
0.49375000000009095,0,-14,256,0
0.4943749999999909,0,-22,240,0
0.49500000000011823,-20,-4,268,0
0.4956250000000182,0,-24,236,0
0.49624999999991815,-14,-18,254,0
0.4968750000000455,-14,-18,266,0
0.49749999999994543,4,-24,238,0
0.49812500000007276,-10,-12,262,0
0.4987499999999727,2,-30,244,0
0.49937500000010004,0,-24,256,0
0.5,-8,-12,262,0
0.5006250000001273,-14,-10,238,0
0.5012500000000273,-8,-10,262,0
0.5018749999999272,-8,-12,260,0
0.5025000000000546,-14,-14,244,0
0.5031249999999545,-4,-10,256,0
0.5037500000000819,-12,-8,246,0
0.5043749999999818,-14,0,236,0
0.5050000000001091,-16,-16,252,0
0.5056250000000091,0,-18,240,0
0.506249999999909,-22,-6,236,0
0.5068750000000364,0,-26,232,0
0.5074999999999363,0,-24,248,0
0.5081250000000637,-4,-8,256,0
0.5087499999999636,-8,-26,234,0
0.509375000000091,-8,-18,258,0
0.5099999999999909,4,-22,252,0
0.5106250000001182,-8,-10,248,0
0.5112500000000182,-10,-8,256,0
0.5118749999999181,2,-24,242,0
0.5125000000000455,-14,-24,266,0
0.5131249999999454,0,-26,230,0
0.5137500000000728,-8,-18,260,0
0.5143749999999727,0,-32,238,0
0.5150000000001,0,-14,264,0
0.515625,0,-18,248,0
0.5162500000001273,-20,-12,254,0
0.5168750000000273,0,-26,228,0
0.5174999999999272,-4,-14,262,0
0.5181250000000546,0,-8,248,0
0.5187499999999545,-6,-24,252,0
0.5193750000000819,0,-16,256,0
0.5199999999999818,0,-8,250,0
0.5206250000001091,-6,-28,254,0
0.5212500000000091,-10,-14,248,0
0.521874999999909,0,-20,252,0
0.5225000000000364,-8,-10,264,0
0.5231249999999363,-10,-10,256,0
0.5237500000000637,0,-20,248,0
0.5243749999999636,-8,-10,270,0
0.525000000000091,-14,-16,250,0
0.5256249999999909,8,-24,240,0
0.5262500000001182,-16,-10,258,0
0.5268750000000182,-8,-18,244,0
0.5274999999999181,0,-26,250,0
0.5281250000000455,-18,-22,268,0
0.5287499999999454,0,-26,238,0
0.5293750000000728,-12,-12,254,0
0.5299999999999727,0,-22,262,0
0.5306250000001,0,-12,260,0
0.53125,-16,-14,254,0
0.5318750000001273,0,-22,244,0
0.5325000000000273,-4,-6,258,0
0.5331249999999272,-4,-16,236,0
0.5337500000000546,-16,-6,238,0
0.5343749999999545,-10,-16,240,0
0.5350000000000819,0,-16,238,0
0.5356249999999818,-18,-10,252,0
0.5362500000001091,-16,-20,244,0
0.5368750000000091,0,-20,242,0
0.537499999999909,-24,-4,246,0
0.5381250000000364,-12,-18,248,0
0.5387499999999363,0,-22,238,0
0.5393750000000637,0,-8,246,0
0.5399999999999636,0,-26,234,0
0.540625000000091,-10,-12,254,0
0.5412499999999909,4,-24,238,0
0.5418750000001182,-12,-8,256,0
0.5425000000000182,0,-22,232,0
0.5431249999999181,-6,-14,256,0
0.5437500000000455,6,-26,242,0
0.5443749999999454,-14,-12,238,0
0.5450000000000728,0,-20,240,0
0.5456249999999727,-24,-4,262,0
0.5462500000001,0,-28,232,0
0.546875,0,-10,258,0
0.5475000000001273,8,-22,242,0
0.5481250000000273,-12,-8,270,0
0.5487499999999272,-6,-12,248,0
0.5493750000000546,10,-30,246,0
0.5499999999999545,-14,-14,258,0
0.5506250000000819,-10,-18,248,0
0.5512499999999818,-10,-22,256,0
0.5518750000001091,-18,-24,264,0
0.5525000000000091,0,-22,232,0
0.553124999999909,-12,-18,258,0
0.5537500000000364,0,-18,262,0
0.5543749999999363,0,-24,248,0
0.5550000000000637,-8,0,266,0
0.5556249999999636,-4,-4,236,0
0.556250000000091,-10,-12,256,0
0.5568749999999909,-8,-16,250,0
0.5575000000001182,-22,0,234,0
0.5581250000000182,-20,-8,260,0
0.5587499999999181,-4,-20,240,0
0.5593750000000455,-18,-8,248,0
0.5599999999999454,-8,-18,238,0
0.5606250000000728,0,-24,248,0
0.5612499999999727,0,-14,244,0
0.5618750000001,0,-30,226,0
0.5625,-8,-10,264,0
0.5631250000001273,2,-26,246,0
0.5637500000000273,-8,-14,250,0
0.5643749999999272,-10,-16,248,0
0.5650000000000546,2,-18,242,0
0.5656249999999545,-16,-8,270,0
0.5662500000000819,0,-26,238,0
0.5668749999999818,-10,-10,256,0
0.5675000000001091,-6,-24,246,0
0.5681250000000091,-6,-10,258,0
0.568749999999909,-10,-14,250,0
0.5693750000000364,-18,-4,246,0
0.5699999999999363,-18,-20,248,0
0.5706250000000637,0,-20,238,0
0.5712499999999636,-18,-10,252,0
0.571875000000091,-16,-18,242,0
0.5724999999999909,0,-12,242,0
0.5731250000001182,-20,0,242,0
0.5737500000000182,0,-18,238,0
0.5743749999999181,2,-24,242,0
0.5750000000000455,0,0,256,0
0.5756249999999454,-6,-24,254,0
0.5762500000000728,-6,-14,260,0
0.5768749999999727,2,-20,246,0
0.5775000000001,-6,-4,262,0
0.578125,-10,-8,262,0
0.5787500000001273,2,-22,250,0
0.5793750000000273,-16,-10,258,0
0.5799999999999272,-10,-10,254,0
0.5806250000000546,2,-32,240,0
0.5812499999999545,-22,-6,262,0
0.5818750000000819,-4,-16,234,0
0.5824999999999818,2,-18,244,0
0.5831250000001091,-20,-8,260,0
0.5837500000000091,0,-24,240,0
0.584374999999909,-4,-24,234,0
0.5850000000000364,0,-24,268,0
0.5856249999999363,2,-24,240,0
0.5862500000000637,-8,-8,256,0
0.5868749999999636,0,-28,244,0
0.587500000000091,-12,-16,254,0
0.5881249999999909,-16,-10,242,0
0.5887500000001182,-12,-12,244,0
0.5893750000000182,-14,-10,238,0
0.5899999999999181,-10,-16,246,0
0.5906250000000455,0,-26,244,0
0.5912499999999454,-16,-22,238,0
0.5918750000000728,0,-24,234,0
0.5924999999999727,-14,-14,248,0
0.5931250000001,2,-18,238,0
0.59375,0,-18,262,0
0.5943750000001273,-4,-6,258,0
0.5950000000000273,-4,-20,242,0
0.5956249999999272,-10,-6,256,0
0.5962500000000546,-4,-10,256,0
0.5968749999999545,-6,-26,254,0
0.5975000000000819,-10,-10,260,0
0.5981249999999818,0,-22,242,0
0.5987500000001091,-4,-22,252,0
0.5993750000000091,-10,-10,258,0
0.599999999999909,6,-28,246,0
0.6006250000000364,-6,-8,266,0
0.6012499999999363,-6,-18,248,0
0.6018750000000637,-8,-26,240,0
0.6024999999999636,-18,-12,256,0
0.603125000000091,-12,-16,242,0
0.6037499999999909,0,-14,238,0
0.6043750000001182,-6,-8,262,0
0.6050000000000182,-12,-12,246,0
0.6056249999999181,2,-18,240,0
0.6062500000000455,-10,-12,264,0
0.6068749999999454,-14,-16,252,0
0.6075000000000728,0,-24,240,0
0.6081249999999727,-4,-28,244,0
0.6087500000001,-8,-12,256,0
0.609375,4,-28,242,0
0.6100000000001273,-4,-12,256,0
0.6106250000000273,-6,-16,262,0
0.6112499999999272,6,-24,248,0
0.6118750000000546,-8,-8,260,0
0.6124999999999545,-6,-18,260,0
0.6131250000000819,2,-26,246,0
0.6137499999999818,-8,0,266,0
0.6143750000001091,-14,-10,262,0
0.6150000000000091,0,-28,240,0
0.615624999999909,-10,-4,262,0
0.6162500000000364,-12,-20,258,0
0.6168749999999363,0,-20,238,0
0.6175000000000637,-8,-4,258,0
0.6181249999999636,-8,-14,250,0
0.618750000000091,0,-26,246,0
0.6193749999999909,-4,-26,256,0
0.6200000000001182,-14,-12,252,0
0.6206250000000182,0,-26,242,0
0.6212499999999181,0,-30,244,0
0.6218750000000455,-16,-8,262,0
0.6224999999999454,2,-22,240,0
0.6231250000000728,0,-22,244,0
0.6237499999999727,0,-12,262,0
0.6243750000001,0,-10,248,0
0.625,0,-26,236,0
0.6256250000001273,-6,-10,256,0
0.6262500000000273,2,-16,254,0
0.6268749999999272,0,-22,238,0
0.6275000000000546,-4,-6,262,0
0.6281249999999545,0,-24,248,0
0.6287500000000819,0,-32,248,0
0.6293749999999818,-12,-8,254,0
0.6300000000001091,0,-24,242,0
0.6306250000000091,0,-16,252,0
0.631249999999909,-12,-12,250,0
0.6318750000000364,0,-26,240,0
0.6324999999999363,-16,-6,270,0
0.6331250000000637,-12,-22,250,0
0.6337499999999636,6,-26,240,0
0.634375000000091,-12,-10,262,0
0.6349999999999909,-8,-14,240,0
0.6356250000001182,2,-16,242,0
0.6362500000000182,-16,-12,256,0
0.6368749999999181,-10,-16,246,0
0.6375000000000455,0,-26,248,0
0.6381249999999454,-10,-6,262,0
0.6387500000000728,-12,-12,256,0
0.6393749999999727,0,-28,248,0
0.6400000000001,-6,-8,262,0
0.640625,0,-16,230,0
0.6412500000001273,4,-18,248,0
0.6418750000000273,-12,-14,260,0
0.6424999999999272,0,-26,236,0
0.6431250000000546,-12,-24,254,0
0.6437499999999545,0,-22,250,0
0.6443750000000819,0,-24,256,0
0.6449999999999818,-8,-12,264,0
0.6456250000001091,0,-30,246,0
0.6462500000000091,-10,-4,260,0
0.646874999999909,-6,-14,244,0
0.6475000000000364,-18,-6,240,0
0.6481249999999363,-4,-14,236,0
0.6487500000000637,0,-24,238,0
0.6493749999999636,-4,-8,254,0
0.650000000000091,-10,-16,254,0
0.6506249999999909,-10,-6,260,0
0.6512500000001182,0,-22,248,0
0.6518750000000182,-14,-14,258,0
0.6524999999999181,0,-20,234,0
0.6531250000000455,-16,-10,260,0
0.6537499999999454,0,-18,242,0
0.6543750000000728,-6,-14,248,0
0.6549999999999727,-6,-4,258,0
0.6556250000001,6,-30,238,0
0.65625,-6,-8,256,0
0.6568750000001273,0,-22,240,0
0.6575000000000273,-12,-6,240,0
0.6581249999999272,-18,-8,238,0
0.6587500000000546,-4,-18,248,0
0.6593749999999545,-8,-18,240,0
0.6600000000000819,-4,-18,244,0
0.6606249999999818,-6,-22,240,0
0.6612500000001091,-20,-10,246,0
0.6618750000000091,0,-18,234,0
0.662499999999909,-8,-10,250,0
0.6631250000000364,0,-6,252,0
0.6637499999999363,-8,-24,248,0
0.6643750000000637,0,-10,256,0
0.6649999999999636,4,-24,242,0
0.665625000000091,-8,-10,254,0
0.6662499999999909,-10,-8,256,0
0.6668750000001182,0,-20,248,0
0.6675000000000182,-12,-14,270,0
0.6681249999999181,-14,-8,260,0
0.6687500000000455,2,-16,242,0
0.6693749999999454,-6,-8,262,0
0.6700000000000728,-6,-14,260,0
0.6706249999999727,4,-20,246,0
0.6712500000001,-16,-8,262,0
0.671875,-10,-12,252,0
0.6725000000001273,4,-30,240,0
0.6731250000000273,-6,-14,270,0
0.6737499999999272,-6,-24,242,0
0.6743750000000546,0,-16,246,0
0.6749999999999545,2,-30,238,0
0.6756250000000819,0,-24,238,0
0.6762499999999818,-14,-18,254,0
0.6768750000001091,-14,-16,242,0
0.6775000000000091,-10,-8,256,0
0.678124999999909,0,-16,246,0
0.6787500000000364,-18,-8,248,0
0.6793749999999363,-8,-18,246,0
0.6800000000000637,-4,-24,256,0
0.6806249999999636,2,-20,256,0
0.681250000000091,0,-24,244,0
0.6818749999999909,-14,-14,250,0
0.6825000000001182,4,-26,244,0
0.6831250000000182,-16,-6,266,0
0.6837499999999181,-6,-22,238,0
0.6843750000000455,-12,-14,262,0
0.6849999999999454,0,-32,242,0
0.6856250000000728,0,-16,252,0
0.6862499999999727,-10,-8,262,0
0.6868750000001,0,-30,242,0
0.6875,-8,-4,264,0
0.6881250000001273,-10,-10,246,0
0.6887500000000273,-12,-16,232,0
0.6893749999999272,-10,-16,240,0
0.6900000000000546,0,-16,236,0
0.6906249999999545,-18,-10,244,0
0.6912500000000819,0,-26,256,0
0.6918749999999818,-8,-12,262,0
0.6925000000001091,0,-20,246,0
0.6931250000000091,-4,-8,258,0
0.693749999999909,-16,-4,260,0
0.6943750000000364,6,-22,240,0
0.6949999999999363,-14,-12,264,0
0.6956250000000637,-12,-18,250,0
0.6962499999999636,-6,-16,238,0
0.696875000000091,-4,-14,254,0
0.6974999999999909,4,-26,228,0
0.6981250000001182,-6,-12,262,0
0.6987500000000182,0,-22,244,0
0.6993749999999181,-14,-14,262,0
0.7000000000000455,-6,-24,250,0
0.7006249999999454,-18,0,234,0
0.7012500000000728,-4,-20,242,0
0.7018749999999727,0,-16,240,0
0.7025000000001,-20,-12,246,0
0.703125,0,-28,226,0
0.7037500000001273,-10,-8,260,0
0.7043750000000273,0,-22,256,0
0.7049999999999272,-2,-16,252,0
0.7056250000000546,-6,-14,258,0
0.7062499999999545,6,-22,240,0
0.7068750000000819,-12,-10,250,0
0.7074999999999818,-10,-4,262,0
0.7081250000001091,0,-26,244,0
0.7087500000000091,-8,-8,256,0
0.709374999999909,-14,-12,246,0
0.7100000000000364,6,-30,240,0
0.7106249999999363,0,-24,268,0
0.7112500000000637,4,-26,238,0
0.7118749999999636,-10,-14,256,0
0.712500000000091,0,-28,234,0
0.7131249999999909,-14,-18,256,0
0.7137500000001182,-4,-18,248,0
0.7143750000000182,-18,-10,240,0
0.7149999999999181,0,-14,226,0
0.7156250000000455,-8,-20,236,0
0.7162499999999454,-20,-14,246,0
0.7168750000000728,-8,-24,232,0
0.7174999999999727,-6,-8,256,0
0.7181250000001,0,0,256,0
0.71875,-8,-26,252,0
0.7193750000001273,0,-14,256,0
0.7200000000000273,0,-10,250,0
0.7206249999999272,0,-20,254,0
0.7212500000000546,-10,-12,256,0
0.7218749999999545,0,-20,246,0
0.7225000000000819,0,-24,252,0
0.7231249999999818,-10,-14,244,0
0.7237500000001091,4,-24,242,0
0.7243750000000091,-14,-12,260,0
0.724999999999909,0,-28,236,0
0.7256250000000364,-8,-22,252,0
0.7262499999999363,-16,-24,268,0
0.7268750000000637,0,-26,250,0
0.7274999999999636,-12,-10,256,0
0.728125000000091,-8,-26,250,0
0.7287499999999909,-8,-14,262,0
0.7293750000001182,-16,-14,248,0
0.7300000000000182,-8,-16,230,0
0.7306249999999181,-12,-20,238,0
0.7312500000000455,0,-20,242,0
0.7318749999999454,-16,-10,250,0
0.7325000000000728,-4,-26,248,0
0.7331249999999727,0,-10,256,0
0.7337500000001,0,-4,246,0
0.734375,0,-30,230,0
0.7350000000001273,-6,-8,256,0
0.7356250000000273,2,-16,244,0
0.7362499999999272,0,-34,248,0
0.7368750000000546,-12,-16,250,0
0.7374999999999545,0,-16,236,0
0.7381250000000819,-8,0,260,0
0.7387499999999818,-8,-8,258,0
0.7393750000001091,4,-16,240,0
0.7400000000000091,-18,-4,256,0
0.740624999999909,-6,-14,248,0
0.7412500000000364,-10,-20,242,0
0.7418749999999363,-14,-16,258,0
0.7425000000000637,0,-26,244,0
0.7431249999999636,-12,-12,256,0
0.743750000000091,0,-16,246,0
0.7443749999999909,0,-22,248,0
0.7450000000001182,-6,-6,258,0
0.7456250000000182,0,-32,248,0
0.7462499999999181,-6,-14,260,0
0.7468750000000455,-12,-12,244,0
0.7474999999999454,-10,-16,246,0
0.7481250000000728,-16,-8,270,0
0.7487499999999727,0,-20,246,0
0.7493750000001,-22,0,242,0
0.75,-6,-14,232,0
0.7506250000001273,-10,-16,254,0
0.7512500000000273,6,-24,244,0
0.7518749999999272,-4,-18,252,0
0.7525000000000546,-12,-10,248,0
0.7531249999999545,6,-22,238,0
0.7537500000000819,-14,-26,272,0
0.7543749999999818,0,-28,236,0
0.7550000000001091,-8,-20,256,0
0.7556250000000091,0,-30,236,0
0.756249999999909,-10,-16,250,0
0.7568750000000364,-8,-10,256,0
0.7574999999999363,6,-34,242,0
0.7581250000000637,0,-32,254,0
0.7587499999999636,-6,-8,260,0
0.759375000000091,-8,-32,242,0
0.7599999999999909,-16,-4,258,0
0.7606250000001182,-16,-18,244,0
0.7612500000000182,-10,-8,240,0
0.7618749999999181,0,-16,226,0
0.7625000000000455,0,-22,228,0
0.7631249999999454,-16,-4,256,0
0.7637500000000728,0,-24,228,0
0.7643749999999727,-4,-16,254,0
0.7650000000001,8,-22,250,0
0.765625,-8,-8,262,0
0.7662500000001273,-14,-18,250,0
0.7668750000000273,-10,-18,258,0
0.7674999999999272,0,-32,242,0
0.7681250000000546,-18,-10,266,0
0.7687499999999545,-14,-16,254,0
0.7693750000000819,-18,-6,236,0
0.7699999999999818,2,-28,232,0
0.7706250000001091,0,-14,256,0
0.7712500000000091,0,-20,244,0
0.771874999999909,-6,-6,266,0
0.7725000000000364,-16,-16,248,0
0.7731249999999363,4,-16,244,0
0.7737500000000637,-14,-20,262,0
0.7743749999999636,0,-22,234,0
0.775000000000091,-6,-18,244,0
0.7756249999999909,0,-16,248,0
0.7762500000001182,-8,-16,260,0
0.7768750000000182,-14,-12,258,0
0.7774999999999181,-12,-12,242,0
0.7781250000000455,-18,-14,258,0
0.7787499999999454,-10,-16,246,0
0.7793750000000728,-18,-8,240,0
0.7799999999999727,-22,-8,244,0
0.7806250000001,0,-18,242,0
0.78125,-16,0,236,0
0.7818750000001273,-18,-14,238,0
0.7825000000000273,0,-20,232,0
0.7831249999999272,-20,0,236,0
0.7837500000000546,-4,-18,234,0
0.7843749999999545,-4,-28,234,0
0.7850000000000819,-12,-12,250,0
0.7856249999999818,0,-20,232,0
0.7862500000001091,-8,-10,256,0
0.7868750000000091,0,-4,248,0
0.787499999999909,0,-30,232,0
0.7881250000000364,0,-22,258,0
0.7887499999999363,542,456,386,0
0.7893750000000637,-140,-462,-22,0
0.7899999999999636,-180,0,616,0
0.790625000000091,250,40,-36,0
0.7912499999999909,-100,-324,144,0
0.7918750000001182,-232,-176,352,0
0.7925000000000182,206,62,354,0
0.7931249999999181,-58,-162,320,0
0.7937500000000455,88,56,264,0
0.7943749999999454,64,564,564,0
0.7950000000000728,64,38,182,0
0.7956249999999727,-310,-34,244,0
0.7962500000001,-46,288,52,0
0.796875,44,224,72,0
0.7975000000001273,-158,-66,-92,0
0.7981250000000273,-86,78,128,0
0.7987499999999272,-26,206,402,0
0.7993750000000546,-24,-60,286,0
0.7999999999999545,-78,-88,380,0
0.8006250000000819,76,126,534,0
0.8012499999999818,0,-16,406,0
0.8018750000001091,464,-18,334,0
0.8025000000000091,276,414,-56,0
0.803124999999909,-50,260,512,0
0.8037500000000364,138,-80,-142,0
0.8043749999999363,-62,-136,-142,0
0.8050000000000637,-160,-8,232,0
0.8056249999999636,74,-100,86,0
0.806250000000091,-78,-192,72,0
0.8068749999999909,-82,-34,418,0
0.8075000000001182,-54,-16,378,0
0.8081250000000182,392,304,412,0
0.8087499999999181,-250,-434,60,0
0.8093750000000455,-366,-194,624,0
0.8099999999999454,448,312,112,0
0.8106250000000728,106,126,54,0
0.8112499999999727,-206,-144,294,0
0.8118750000001,206,4,278,0
0.8125,76,144,192,0
0.8131250000001273,4,-98,240,0
0.8137500000000273,-154,8,148,0
0.8143749999999272,870,1096,444,0
0.8150000000000546,-524,-412,-34,0
0.8156249999999545,-100,-98,314,0
0.8162500000000819,126,56,196,0
0.8168749999999818,110,88,352,0
0.8175000000001091,-46,-88,208,0
0.8181250000000091,120,54,520,0
0.818749999999909,150,-256,566,0
0.8193750000000364,-232,-590,26,0
0.8199999999999363,-210,-216,576,0
0.8206250000000637,-130,-212,-172,0
0.8212499999999636,206,372,146,0
0.821875000000091,116,-90,-192,0
0.8224999999999909,-126,0,286,0
0.8231250000001182,108,30,384,0
0.8237500000000182,-1052,-1486,592,0
0.8243749999999181,-454,-1024,506,0
0.8250000000000455,-128,-442,614,0
0.8256249999999454,96,-138,322,0
0.8262500000000728,-64,-206,112,0
0.8268749999999727,-32,-32,170,0
0.8275000000001,10,-102,200,0
0.828125,-286,-532,32,0
0.8287500000001273,-282,-128,28,0
0.8293750000000273,388,326,228,0
0.8299999999999272,-104,-282,294,0
0.8306250000000546,-536,-326,484,0
0.8312499999999545,468,238,402,0
0.8318750000000819,250,144,582,0
0.8324999999999818,-280,-200,206,0
0.8331250000001091,122,186,198,0
0.8337500000000091,20,314,302,0
0.834374999999909,-174,-226,-200,0
0.8350000000000364,-258,-176,346,0
0.8356249999999363,-256,182,-48,0
0.8362500000000637,316,474,166,0
0.8368749999999636,-170,-30,268,0
0.837500000000091,-186,320,520,0
0.8381249999999909,174,-236,104,0
0.8387500000001182,-256,-28,714,0
0.8393750000000182,-266,-170,280,0
0.8399999999999181,118,204,198,0
0.8406250000000455,-54,6,274,0
0.8412499999999454,-398,-364,-10,0
0.8418750000000728,-542,-330,106,0
0.8424999999999727,384,230,190,0
0.8431250000001,-306,-182,140,0
0.84375,-720,-936,542,0
0.8443750000001273,260,-258,230,0
0.8450000000000273,14,40,324,0
0.8456249999999272,870,334,320,0
0.8462500000000546,-236,-276,-210,0
0.8468749999999545,-154,-94,418,0
0.8475000000000819,24,-8,-208,0
0.8481249999999818,216,310,254,0
0.8487500000001091,96,86,356,0
0.8493750000000091,-294,56,486,0
0.849999999999909,356,26,230,0
0.8506250000000364,786,606,422,0
0.8512499999999363,-506,-240,72,0
0.8518750000000637,-8,-94,374,0
0.8524999999999636,124,-44,-18,0
0.853125000000091,288,224,166,0
0.8537499999999909,-1038,-1344,578,0
0.8543750000001182,-408,-484,628,0
0.8550000000000182,418,-84,240,0
0.8556249999999181,-250,-486,268,0
0.8562500000000455,-910,-966,40,0
0.8568749999999454,380,426,462,0
0.8575000000000728,302,306,-72,0
0.8581249999999727,-254,-314,144,0
0.8587500000001,-256,-86,1002,0
0.859375,1234,1020,312,0
0.8600000000001273,-378,-664,-214,0
0.8606250000000273,42,-148,462,0
0.8612499999999272,156,372,286,0
0.8618750000000546,-628,-1508,-274,0
0.8624999999999545,-634,-556,678,0
0.8631250000000819,300,14,586,0
0.8637499999999818,432,112,470,0
0.8643750000001091,-446,-700,-28,0
0.8650000000000091,-350,-408,412,0
0.865624999999909,68,186,416,0
0.8662500000000364,714,856,-216,0
0.8668749999999363,64,80,168,0
0.8675000000000637,-116,-34,724,0
0.8681249999999636,-44,-392,106,0
0.868750000000091,-546,-678,240,0
0.8693749999999909,-66,372,468,0
0.8700000000001182,0,212,388,0
0.8706250000000182,-136,-266,76,0
0.8712499999999181,-150,-248,62,0
0.8718750000000455,-148,-126,412,0
0.8724999999999454,-250,-224,318,0
0.8731250000000728,1316,954,-500,0
0.8737499999999727,-544,98,506,0
0.8743750000001,4,112,438,0
0.875,-14,-226,132,0
0.8756250000001273,-578,-470,398,0
0.8762500000000273,450,994,422,0
0.8768749999999272,-152,-756,-234,0
0.8775000000000546,362,568,534,0
0.8781249999999545,-312,106,-20,0
0.8787500000000819,272,410,206,0
0.8793749999999818,-66,-46,590,0
0.8800000000001091,388,402,-114,0
0.8806250000000091,144,128,482,0
0.881249999999909,-184,-200,-82,0
0.8818750000000364,-706,-348,414,0
0.8824999999999363,328,-10,172,0
0.8831250000000637,196,52,322,0
0.8837499999999636,380,76,474,0
0.884375000000091,-92,422,248,0
0.8849999999999909,494,550,338,0
0.8856250000001182,488,438,40,0
0.8862500000000182,-220,140,656,0
0.8868749999999181,178,-192,-26,0
0.8875000000000455,48,-310,200,0
0.8881249999999454,-322,-222,316,0
0.8887500000000728,808,1354,360,0
0.8893749999999727,-128,-306,-68,0
0.8900000000001,-254,-272,656,0
0.890625,56,-32,334,0
0.8912500000001273,264,-78,226,0
0.8918750000000273,-452,-522,6,0
0.8924999999999272,370,634,900,0
0.8931250000000546,-70,-276,-44,0
0.8937499999999545,32,182,654,0
0.8943750000000819,262,376,-50,0
0.8949999999999818,340,598,498,0
0.8956250000001091,-326,-578,-38,0
0.8962500000000091,864,1036,296,0
0.896874999999909,80,270,348,0
0.8975000000000364,0,-252,452,0
0.8981249999999363,-406,-654,244,0
0.8987500000000637,906,1052,508,0
0.8993749999999636,32,118,428,0
0.900000000000091,112,-362,-88,0
0.9006249999999909,-484,-478,458,0
0.9012500000001182,828,868,416,0
0.9018750000000182,-20,96,132,0
0.9024999999999181,-364,-692,298,0
0.9031250000000455,-554,-814,28,0
0.9037499999999454,-694,-760,534,0
0.9043750000000728,144,-202,-110,0
0.9049999999999727,-332,-648,110,0
0.9056250000001,-400,-454,472,0
0.90625,-492,-378,80,0
0.9068750000001273,690,830,512,0
0.9075000000000273,-368,-212,-10,0
0.9081249999999272,-318,-56,456,0
0.9087500000000546,216,-124,140,0
0.9093749999999545,-272,-370,306,0
0.9100000000000819,-202,-634,28,0
0.9106249999999818,422,396,146,0
0.9112500000001091,-286,-658,-90,0
0.9118750000000091,-286,-500,46,0
0.912499999999909,-954,-684,218,0
0.9131250000000364,-234,60,306,0
0.9137499999999363,678,380,142,0
0.9143750000000637,-184,-84,30,0
0.9149999999999636,8,420,422,0
0.915625000000091,-88,342,300,0
0.9162499999999909,16,-52,236,0
0.9168750000001182,-584,-856,-44,0
0.9175000000000182,-514,-312,452,0
0.9181249999999181,42,-82,-60,0
0.9187500000000455,-568,-234,10,0
0.9193749999999454,-300,28,314,0
0.9200000000000728,204,642,446,0
0.9206249999999727,222,-10,190,0
0.9212500000001,-228,-688,-156,0
0.921875,-164,-432,400,0
0.9225000000001273,596,900,286,0
0.9231250000000273,-412,-122,-128,0
0.9237499999999272,18,550,774,0
0.9243750000000546,598,638,350,0
0.9249999999999545,672,400,40,0
0.9256250000000819,-710,-1050,-208,0
0.9262499999999818,-372,-82,582,0
0.9268750000001091,750,728,126,0
0.9275000000000091,494,340,152,0
0.928124999999909,288,168,402,0
0.9287500000000364,288,358,254,0
0.9293749999999363,42,-224,278,0
0.9300000000000637,-236,-18,398,0
0.9306249999999636,746,926,334,0
0.931250000000091,636,198,186,0
0.9318749999999909,-512,-666,274,0
0.9325000000001182,278,412,192,0
0.9331250000000182,400,398,244,1099
0.9337499999999181,-148,-660,224,1099
0.9343750000000455,94,392,364,1099
0.9349999999999454,0,210,-88,1099
0.9356250000000728,486,262,0,1099
0.9362499999999727,-534,-130,326,1099
0.9368750000001,628,706,670,1099
0.9375,536,434,-154,1099
0.9381250000001273,-594,-658,236,1099
0.9387500000000273,-936,-476,668,1099
0.9393749999999272,1816,1614,-62,1099
0.9400000000000546,-822,-676,-140,1099
0.9406249999999545,-310,170,826,1099
0.9412500000000819,726,318,64,1099
0.9418749999999818,-130,18,166,1099
0.9425000000001091,-242,-598,246,1099
0.9431250000000091,860,476,484,1099
0.943749999999909,-760,-488,-4,1099
0.9443750000000364,30,-536,530,1099
0.9449999999999363,-118,-350,-42,1099
0.9456250000000637,-212,414,448,1099
0.9462499999999636,350,-132,882,1099
0.946875000000091,-448,-618,-752,1099
0.9474999999999909,-6,958,1230,1099
0.9481250000001182,540,-388,290,1099
0.9487500000000182,-1024,-452,-282,1099
0.9493749999999181,500,544,628,1099
0.9500000000000455,260,-356,616,1099
0.9506249999999454,350,676,-360,1099
0.9512500000000728,180,384,76,1099
0.9518749999999727,-196,-398,798,1099
0.9525000000001,-754,-676,242,1099
0.953125,784,190,-36,1099
0.9537500000001273,-524,-608,202,1099
0.9543750000000273,358,674,568,1099
0.9549999999999272,-682,-418,412,1099
0.9556250000000546,1344,-328,-442,1099
0.9562499999999545,-1062,-1326,-400,1099
0.9568750000000819,-1150,662,2124,1099
0.9574999999999818,-510,-1622,384,1099
0.9581250000001091,134,-1760,-1262,1099
0.9587500000000091,-152,1664,930,1099
0.959374999999909,-1312,-494,1170,1099
0.9600000000000364,864,-786,270,1099
0.9606249999999363,-148,-1498,-232,1099
0.9612500000000637,-1098,-640,-18,1099
0.9618749999999636,898,2260,706,1099
0.962500000000091,-1000,-1056,188,1099
0.9631249999999909,-64,-372,1004,1099
0.9637500000001182,62,-1168,-72,1099
0.9643750000000182,518,370,-314,1099
0.9649999999999181,-640,-656,418,1099
0.9656250000000455,-1080,-1242,-168,1099
0.9662499999999454,-32,-562,858,1099
0.9668750000000728,840,1088,828,1099
0.9674999999999727,-70,-216,242,1099
0.9681250000001,-144,-468,-116,1099
0.96875,434,616,128,1099
0.9693750000001273,1940,2382,78,1164
0.9700000000000273,-200,142,306,1164
0.9706249999999272,-1130,-716,344,1164
0.9712500000000546,120,-192,292,1164
0.9718749999999545,298,254,88,1164
0.9725000000000819,82,548,358,1164
0.9731249999999818,-32,-324,390,1164
0.9737500000001091,-952,-1896,-8,1164
0.9743750000000091,690,198,404,1164
0.974999999999909,848,1224,338,1164
0.9756250000000364,426,814,218,1164
0.9762499999999363,-512,-1088,540,1164
0.9768750000000637,-456,-980,-40,1164
0.9774999999999636,1198,2030,392,1164
0.978125000000091,-1006,-474,-12,1164
0.9787499999999909,-620,58,286,1164
0.9793750000001182,-1236,-1386,184,1164
0.9800000000000182,-1544,-1540,460,1164
0.9806249999999181,-920,-1424,302,1164
0.9812500000000455,-1876,-2048,410,1164
0.9818749999999454,-212,-934,86,1164
0.9825000000000728,-1210,-1818,436,1164
0.9831249999999727,262,390,448,1164
0.9837500000001,-1676,-1540,386,1164
0.984375,-154,-336,222,1164
0.9850000000001273,-1690,-1502,532,1164
0.9856250000000273,382,322,184,1164
0.9862499999999272,-1242,-1458,70,1164
0.9868750000000546,-390,-480,372,1164
0.9874999999999545,-330,258,562,1164
0.9881250000000819,-794,-664,170,1164
0.9887499999999818,1028,1482,292,1164
0.9893750000001091,-84,310,396,1164
0.9900000000000091,1824,2350,-92,1164
0.990624999999909,762,1610,62,1164
0.9912500000000364,-828,-1044,192,1164
0.9918749999999363,-206,-1140,-92,1164
0.9925000000000637,236,80,192,1164
0.9931249999999636,-578,-748,68,1164
0.993750000000091,1322,1096,-26,1164
0.9943749999999909,680,1086,66,1164
0.9950000000001182,-298,386,256,1164
0.9956250000000182,-1726,-1776,0,1285
0.9962499999999181,-508,-156,240,1285
0.9968750000000455,14,910,276,1285
0.9974999999999454,-150,256,296,1285
0.9981250000000728,-128,-1204,-26,1285
0.9987499999999727,-656,-1442,242,1285
0.9993750000001,152,-130,432,1285
1.0,284,412,158,1285
1.0006250000001273,-640,-658,466,1285
1.0012500000000273,-1468,-2188,-8,1285
1.0018749999999272,-916,-1428,522,1285
1.0025000000000546,1688,1386,-100,1285
1.0031249999999545,1472,1866,88,1285
1.0037500000000819,-882,-902,420,1285
1.0043749999999818,-574,-606,350,1285
1.0050000000001091,-576,-1348,380,1285
1.005625000000009,-1758,-2200,252,1285
1.006249999999909,-1036,-1236,432,1285
1.0068750000000364,1350,654,74,1285
1.0074999999999363,556,150,222,1285
1.0081250000000637,922,790,250,1285
1.0087499999999636,236,-146,70,1285
1.009375000000091,-332,-90,-48,1285
1.009999999999991,1438,2454,230,1285
1.0106250000001182,1696,2518,98,1285
1.0112500000000182,598,1262,188,1285
1.0118749999999181,384,528,120,1285
1.0125000000000455,-330,72,232,1285
1.0131249999999454,304,1664,322,1285
1.0137500000000728,1112,1632,326,1285
1.0143749999999727,100,880,532,1285
1.0150000000001,-104,240,224,1285
1.015625,270,1164,342,1285
1.0162500000001273,900,2520,250,1285
1.0168750000000273,1086,1862,212,1285
1.0174999999999272,610,1550,378,1285
1.0181250000000546,354,850,102,1474
1.0187499999999545,-428,624,450,1474
1.0193750000000819,1640,2252,254,1474
1.0199999999999818,-202,-90,326,1474
1.0206250000001091,40,-16,392,1474
1.021250000000009,-796,-1086,360,1474
1.021874999999909,-496,-546,310,1474
1.0225000000000364,-822,-1574,280,1474
1.0231249999999363,-612,-914,350,1474
1.0237500000000637,-600,-414,412,1474
1.0243749999999636,890,1118,306,1474
1.025000000000091,1152,704,38,1474
1.025624999999991,662,434,278,1474
1.0262500000001182,-416,-1042,-40,1474
1.0268750000000182,220,-270,444,1474
1.0274999999999181,-326,-1174,376,1474
1.0281250000000455,-330,-680,344,1474
1.0287499999999454,-260,-258,758,1474
1.0293750000000728,808,302,230,1474
1.0299999999999727,-78,-370,414,1474
1.0306250000001,-34,-850,268,1474
1.03125,-612,-842,-102,1474
1.0318750000001273,964,1038,152,1474
1.0325000000000273,320,498,142,1474
1.0331249999999272,-494,-242,166,1474
1.0337500000000546,-320,-98,440,1474
1.0343749999999545,-714,-534,448,1474
1.0350000000000819,-114,-38,60,1474
1.0356249999999818,180,870,256,1474
1.0362500000001091,-514,-10,422,1474
1.036875000000009,-764,-732,326,1474
1.037499999999909,-576,-508,180,1474
1.0381250000000364,532,1182,66,1474
1.0387499999999363,236,800,72,1776
1.0393750000000637,-672,-334,52,1776
1.0399999999999636,474,1344,114,1776
1.040625000000091,392,1168,224,1776
1.041249999999991,-4,-278,272,1776
1.0418750000001182,598,1110,546,1776
1.0425000000000182,576,1468,586,1776
1.0431249999999181,700,448,150,1776
1.0437500000000455,128,-244,-24,1776
1.0443749999999454,-462,-656,280,1776
1.0450000000000728,640,268,182,1776
1.0456249999999727,-278,-508,52,1776
1.0462500000001,470,56,168,1776
1.046875,294,-194,-68,1776
1.0475000000001273,-534,-754,468,1776
1.0481250000000273,-16,-1002,160,1776
1.0487499999999272,-128,-670,648,1776
1.0493750000000546,-638,-1034,596,1776
1.0499999999999545,366,-712,396,1776
1.0506250000000819,280,-142,724,1776
1.0512499999999818,-550,-912,74,1776
1.0518750000001091,204,-234,-114,1776
1.052500000000009,246,316,-60,1776
1.053124999999909,-1188,-1064,22,1776
1.0537500000000364,-96,-86,338,1776
1.0543749999999363,30,158,412,1776
1.0550000000000637,-212,18,142,1776
1.0556249999999636,-198,-200,256,1776
1.056250000000091,336,800,570,1776
1.056874999999991,-218,398,386,1776
1.0575000000001182,132,436,444,1776
1.0581250000000182,98,630,160,1776
1.0587499999999181,-148,840,72,2321
1.0593750000000455,-412,168,-108,2321
1.0599999999999454,186,636,20,2321
1.0606250000000728,596,1598,162,2321
1.0612499999999727,-576,76,524,2321
1.0618750000001,-32,-292,556,2321
1.0625,764,1240,434,2321
1.0631250000001273,384,1134,546,2321
1.0637500000000273,-482,-540,134,2321
1.0643749999999272,1352,942,-194,2321
1.0650000000000546,656,758,168,2321
1.0656249999999545,-520,-770,188,2321
1.0662500000000819,418,-312,-226,2321
1.0668749999999818,304,8,200,2321
1.0675000000001091,62,-82,256,2321
1.068125000000009,6,-552,128,2321
1.068749999999909,-488,-1280,674,2321
1.0693750000000364,814,348,616,2321
1.0699999999999363,-390,-896,846,2321
1.0706250000000637,-854,-1910,332,2321
1.0712499999999636,120,-764,32,2321
1.071875000000091,426,166,-60,2321
1.072499999999991,-718,-646,-70,2321
1.0731250000001182,-656,-1222,48,2321
1.0737500000000182,8,-400,176,2321
1.0743749999999181,576,662,110,2321
1.0750000000000455,-208,-40,184,2321
1.0756249999999454,-1142,-1498,436,2321
1.0762500000000728,362,260,398,2321
1.0768749999999727,266,792,574,2321
1.0775000000001,-370,602,402,2321
1.078125,-760,-592,202,2173
1.0787500000001273,-548,-524,-36,2173
1.0793750000000273,624,1484,16,2173
1.0799999999999272,-218,488,-56,2173
1.0806250000000546,-1560,-758,422,2173
1.0812499999999545,-434,-196,472,2173
1.0818750000000819,774,712,410,2173
1.0824999999999818,1096,1908,370,2173
1.0831250000001091,-416,300,452,2173
1.083750000000009,-892,-1218,334,2173
1.084374999999909,414,308,104,2173
1.0850000000000364,736,796,220,2173
1.0856249999999363,468,562,122,2173
1.0862500000000637,-1096,-1512,284,2173
1.0868749999999636,-846,-1890,8,2173
1.087500000000091,710,170,422,2173
1.088124999999991,784,578,358,2173
1.0887500000001182,-98,-178,708,2173
1.0893750000000182,-832,-2012,600,2173
1.0899999999999181,-288,-1676,338,2173
1.0906250000000455,684,-24,160,2173
1.0912499999999454,748,726,64,2173
1.0918750000000728,-282,-182,134,2173
1.0924999999999727,-968,-1832,260,2173
1.0931250000001,-742,-1830,-38,2173
1.09375,700,636,-140,2173
1.0943750000001273,776,1552,382,2173
1.0950000000000273,-188,658,284,2173
1.0956249999999272,-550,-578,468,2173
1.0962500000000546,-984,-1372,344,2173
1.0968749999999545,838,954,218,2171
1.0975000000000819,804,1592,166,2171
1.0981249999999818,60,1242,192,2171
1.0987500000001091,-986,-606,10,2171
1.099375000000009,-1840,-1554,0,2171
1.099999999999909,294,550,260,2171
1.1006250000000364,1156,1552,182,2171
1.1012499999999363,1262,2592,418,2171
1.1018750000000637,-490,522,568,2171
1.1024999999999636,-1012,-1078,414,2171
1.103125000000091,-454,-718,294,2171
1.103749999999991,-104,-398,304,2171
1.1043750000001182,1410,1542,-20,2171
1.1050000000000182,128,860,268,2171
1.1056249999999181,-862,-890,76,2171
1.1062500000000455,-466,-1172,454,2171
1.1068749999999454,-224,-1508,136,2171
1.1075000000000728,1194,754,420,2171
1.1081249999999727,926,614,578,2171
1.1087500000001,192,144,540,2171
1.109375,-940,-1414,354,2171
1.1100000000001273,-1688,-3192,56,2171
1.1106250000000273,-268,-1640,-86,2171
1.1112499999999272,424,14,320,2171
1.1118750000000546,1454,1580,-102,2171
1.1124999999999545,374,936,84,2171
1.1131250000000819,-1032,-808,334,2171
1.1137499999999818,-1262,-1890,366,2171
1.1143750000001091,-1336,-1856,368,2551
1.115000000000009,526,502,266,2551
1.115624999999909,1408,1898,362,2551
1.1162500000000364,772,2132,248,2551
1.1168749999999363,-438,728,380,2551
1.1175000000000637,-1370,-1020,110,2551
1.1181249999999636,-742,-960,240,2551
1.118750000000091,-544,-734,126,2551
1.119374999999991,1260,1654,366,2551
1.1200000000001182,810,1784,286,2551
1.1206250000000182,1048,2486,380,2551
1.1212499999999181,-238,572,496,2551
1.1218750000000455,-1308,-1498,416,2551
1.1224999999999454,-466,-1346,0,2551
1.1231250000000728,-208,-630,306,2551
1.1237499999999727,1296,1260,82,2551
1.1243750000001,670,1110,0,2551
1.125,448,886,398,2551
1.1256250000001273,-832,-1180,422,2551
1.1262500000000273,-1136,-1966,698,2551
1.1268749999999272,-494,-1882,408,2551
1.1275000000000546,-72,-1258,402,2551
1.1281249999999545,1060,866,128,2551
1.1287500000000819,1138,1422,214,2551
1.1293749999999818,522,1062,28,2551
1.1300000000001091,-552,-460,342,2551
1.130625000000009,-1550,-2176,226,2551
1.131249999999909,-1004,-2536,126,2551
1.1318750000000364,-462,-1514,-52,2551
1.1324999999999363,1058,1126,20,2551
1.1331250000000637,1304,1944,314,2551
1.1337499999999636,1046,2716,288,2827
1.134375000000091,-220,1202,384,2827
1.134999999999991,-872,-404,328,2827
1.1356250000001182,-1242,-1704,322,2827
1.1362500000000182,-1770,-2044,216,2827
1.1368749999999181,694,552,128,2827
1.1375000000000455,1304,1544,-24,2827
1.1381249999999454,1646,2958,264,2827
1.1387500000000728,534,2196,540,2827
1.1393749999999727,-112,740,412,2827
1.1400000000001,-1228,-1100,530,2827
1.140625,-1320,-1778,292,2827
1.1412500000001273,-640,-2000,240,2827
1.1418750000000273,338,-390,200,2827
1.1424999999999272,1508,1448,-154,2827
1.1431250000000546,900,1124,318,2827
1.1437499999999545,1020,1284,208,2827
1.1443750000000819,-618,-286,638,2827
1.1449999999999818,-702,-1420,360,2827
1.1456250000001091,-990,-2000,370,2827
1.146250000000009,-688,-1786,434,2827
1.146874999999909,410,-992,64,2827
1.1475000000000364,562,-532,-202,2827
1.1481249999999363,966,1790,322,2827
1.1487500000000637,1032,1816,352,2827
1.1493749999999636,522,1162,6,2827
1.150000000000091,-770,-368,174,2827
1.150624999999991,-1256,-1382,166,2827
1.1512500000001182,-1080,-2024,320,2827
1.1518750000000182,-1548,-2482,188,2977
1.1524999999999181,472,304,128,2977
1.1531250000000455,1142,1406,198,2977
1.1537499999999454,1682,3046,120,2977
1.1543750000000728,752,2502,260,2977
1.1549999999999727,-224,1016,294,2977
1.1556250000001,-1012,-384,280,2977
1.15625,-1326,-832,570,2977
1.1568750000001273,-768,-1506,468,2977
1.1575000000000273,-406,-1350,-20,2977
1.1581249999999272,572,538,292,2977
1.1587500000000546,754,952,524,2977
1.1593749999999545,1606,1840,42,2977
1.1600000000000819,616,1564,336,2977
1.1606249999999818,288,782,246,2977
1.1612500000001091,-516,-736,410,2977
1.161875000000009,-1206,-2254,192,2977
1.162499999999909,-1480,-3008,536,2977
1.1631250000000364,-684,-2452,228,2977
1.1637499999999363,184,-1024,210,2977
1.1643750000000637,748,278,312,2977
1.1649999999999636,1984,2020,-22,2977
1.165625000000091,812,1214,44,2977
1.166249999999991,30,894,460,2977
1.1668750000001182,-480,-440,298,2977
1.1675000000000182,-1516,-2144,184,2977
1.1681249999999181,-1562,-2368,124,2977
1.1687500000000455,-1046,-1990,262,2977
1.1693749999999454,50,-798,174,2977
1.1700000000000728,-84,-314,210,3065
1.1706249999999727,1052,1700,122,3065
1.1712500000001,1048,2016,122,3065
1.171875,1236,3232,188,3065
1.1725000000001273,394,2300,280,3065
1.1731250000000273,-840,122,300,3065
1.1737499999999272,-1406,-1132,384,3065
1.1743750000000546,-1660,-1426,676,3065
1.1749999999999545,-768,-1792,476,3065
1.1756250000000819,-100,-1028,-78,3065
1.1762499999999818,654,932,530,3065
1.1768750000001091,1064,1148,284,3065
1.177500000000009,1522,2020,108,3065
1.178124999999909,812,1724,312,3065
1.1787500000000364,670,1334,164,3065
1.1793749999999363,-246,-258,582,3065
1.1800000000000637,-1114,-1920,230,3065
1.1806249999999636,-1518,-2894,606,3065
1.181250000000091,-1136,-2964,176,3065
1.181874999999991,-176,-1818,238,3065
1.1825000000001182,348,-602,138,3065
1.1831250000000182,1746,1200,-66,3065
1.1837499999999181,1054,1168,-18,3065
1.1843750000000455,904,1974,454,3065
1.1849999999999454,492,1130,214,3065
1.1856250000000728,-140,316,182,3065
1.1862499999999727,-1112,-830,354,3065
1.1868750000001,-1338,-1650,322,3065
1.1875,-1204,-2226,318,3065
1.1881250000001273,-1776,-2670,230,3120
1.1887500000000273,-12,-576,64,3120
1.1893749999999272,924,732,30,3120
1.1900000000000546,1326,2294,48,3120
1.1906249999999545,910,2270,166,3120
1.1912500000000819,894,2406,128,3120
1.1918749999999818,264,1640,260,3120
1.1925000000001091,-144,1248,762,3120
1.193125000000009,-1242,-1004,532,3120
1.193749999999909,-1458,-1812,196,3120
1.1943750000000364,-1352,-1934,658,3120
1.1949999999999363,-1176,-2304,220,3120
1.1956250000000637,134,-924,88,3120
1.1962499999999636,608,198,206,3120
1.196875000000091,1926,1966,-176,3120
1.197499999999991,1088,1424,384,3120
1.1981250000001182,1496,2168,274,3120
1.1987500000000182,252,770,698,3120
1.1993749999999181,148,-52,340,3120
1.2000000000000455,-962,-1604,578,3120
1.2006249999999454,-1302,-2422,456,3120
1.2012500000000728,-1516,-3546,206,3120
1.2018749999999727,-1178,-2986,-228,3120
1.2025000000001,-252,-1020,390,3120
1.203125,496,-212,168,3120
1.2037500000001273,1470,1276,-212,3120
1.2043750000000273,844,1300,50,3120
1.2049999999999272,1074,2118,236,3120
1.2056250000000546,712,1906,358,3120
1.2062499999999545,-62,1554,428,3160
1.2068750000000819,-660,396,320,3160
1.2074999999999818,-1032,-682,336,3160
1.2081250000001091,-1568,-2060,200,3160
1.208750000000009,-2164,-2448,244,3160
1.209374999999909,-334,-1022,30,3160
1.2100000000000364,192,-306,70,3160
1.2106249999999363,784,964,212,3160
1.2112500000000637,682,1296,366,3160
1.2118749999999636,1622,2442,214,3160
1.212500000000091,718,1760,530,3160
1.213124999999991,1216,2324,418,3160
1.2137500000001182,-70,554,400,3160
1.2143750000000182,-616,-488,410,3160
1.2149999999999181,-1254,-2044,6,3160
1.2156250000000455,-1728,-2832,302,3160
1.2162499999999454,-1438,-3332,336,3160
1.2168750000000728,-1008,-2418,504,3160
1.2174999999999727,642,-1006,190,3160
1.2181250000001,256,-664,188,3160
1.21875,800,888,414,3160
1.2193750000001273,1488,1614,62,3160
1.2200000000000273,1700,2342,34,3160
1.2206249999999272,198,1004,306,3160
1.2212500000000546,98,788,444,3160
1.2218749999999545,-1044,-982,380,3160
1.2225000000000819,-1208,-1500,142,3160
1.2231249999999818,-1254,-1818,398,3160
1.2237500000001091,-1564,-2652,318,3160
1.224375000000009,-890,-2008,150,3186
1.224999999999909,-836,-1232,112,3186
1.2256250000000364,888,654,22,3186
1.2262499999999363,1086,1520,-190,3186
1.2268750000000637,1828,3712,210,3186
1.2274999999999636,1374,3000,382,3186
1.228125000000091,950,2508,282,3186
1.228749999999991,-32,1264,290,3186
1.2293750000001182,174,1564,722,3186
1.2300000000000182,-662,-578,396,3186
1.2306249999999181,-1492,-1686,374,3186
1.2312500000000455,-1402,-2240,298,3186
1.2318749999999454,-1640,-2452,320,3186
1.2325000000000728,-218,-1634,0,3186
1.2331249999999727,-264,-1072,-24,3186
1.2337500000001,1154,480,188,3186
1.234375,1102,608,58,3186
1.2350000000001273,1388,1896,608,3186
1.2356250000000273,1116,1344,384,3186
1.2362499999999272,1520,1952,348,3186
1.2368750000000546,-44,576,364,3186
1.2374999999999545,-324,-64,472,3186
1.2381250000000819,-1412,-2240,282,3186
1.2387499999999818,-1378,-2314,146,3186
1.2393750000001091,-1268,-2256,102,3186
1.240000000000009,-1044,-2250,352,3186
1.240624999999909,-188,-1600,30,3186
1.2412500000000364,-472,-960,26,3186
1.2418749999999363,710,776,190,3207
1.2425000000000637,1558,1710,110,3207
1.2431249999999636,1648,3134,102,3207
1.243750000000091,582,2272,260,3207
1.244374999999991,1116,2648,48,3207
1.2450000000001182,48,1694,392,3207
1.2456250000000182,-752,576,486,3207
1.2462499999999181,-582,-170,580,3207
1.2468750000000455,-1576,-1516,400,3207
1.2474999999999454,-1602,-2238,358,3207
1.2481250000000728,-1618,-2366,294,3207
1.2487499999999727,-140,-1234,522,3207
1.2493750000001,-184,-1006,-132,3207
1.25,868,494,332,3207
1.2506250000001273,774,270,-204,3207
1.2512500000000273,1978,2530,224,3207
1.2518749999999272,1444,1890,92,3207
1.2525000000000546,1782,2404,222,3207
1.2531249999999545,300,704,506,3207
1.2537500000000819,-326,-66,746,3207
1.2543749999999818,-668,-1392,332,3207
1.2550000000001091,-906,-1828,338,3207
1.255625000000009,-1652,-2810,302,3207
1.256249999999909,-1360,-2534,396,3207
1.2568750000000364,-550,-2366,-140,3207
1.2574999999999363,-972,-2274,-44,3207
1.2581250000000637,362,-240,182,3207
1.2587499999999636,504,318,64,3207
1.259375000000091,1564,2182,138,3217
1.259999999999991,1170,2410,302,3217
1.2606250000001182,1150,2648,282,3217
1.2612500000000182,518,1922,254,3217
1.2618749999999181,740,2720,402,3217
1.2625000000000455,-378,1024,220,3217
1.2631249999999454,-1188,-658,224,3217
1.2637500000000728,-1520,-1326,394,3217
1.2643749999999727,-1600,-1752,624,3217
1.2650000000001,-1458,-2634,452,3217
1.265625,-1024,-1974,64,3217
1.2662500000001273,-356,-914,442,3217
1.2668750000000273,194,-580,314,3217
1.2674999999999272,940,576,-24,3217
1.2681250000000546,1318,1636,224,3217
1.2687499999999545,1996,2594,-94,3217
1.2693750000000819,946,1526,324,3217
1.2699999999999818,928,1336,228,3217
1.2706250000001091,226,708,736,3217
1.271250000000009,-280,-546,366,3217
1.271874999999909,-788,-1256,510,3217
1.2725000000000364,-1216,-2174,524,3217
1.2731249999999363,-1424,-3456,96,3217
1.2737500000000637,-1396,-2978,-106,3217
1.2743749999999636,-590,-1690,342,3217
1.275000000000091,-288,-1518,24,3217
1.275624999999991,1006,158,-128,3217
1.2762500000001182,424,360,18,3217
1.2768750000000182,1444,2120,128,3217
1.2774999999999181,1422,2416,264,3217
1.2781250000000455,1442,3478,248,3230
1.2787499999999454,602,2320,212,3230
1.2793750000000728,320,1542,280,3230
1.2799999999999727,-756,334,260,3230
1.2806250000001,-1432,-186,456,3230
1.28125,-978,-844,330,3230
1.2818750000001273,-1486,-2032,210,3230
1.2825000000000273,-1510,-2262,406,3230
1.2831249999999272,-1230,-1972,370,3230
1.2837500000000546,328,-618,192,3230
1.2843749999999545,-28,-348,238,3230
1.2850000000000819,1562,1544,52,3230
1.2856249999999818,1130,1572,340,3230
1.2862500000001091,1824,2444,126,3230
1.286875000000009,1186,1894,88,3230
1.287499999999909,1322,2300,452,3230
1.2881250000000364,234,460,320,3230
1.2887499999999363,-110,256,762,3230
1.2893750000000637,-1126,-1882,512,3230
1.2899999999999636,-1044,-2012,388,3230
1.290625000000091,-1406,-2504,376,3230
1.291249999999991,-1460,-3048,206,3230
1.2918750000001182,-622,-2712,-8,3230
1.2925000000000182,-968,-2200,190,3230
1.2931249999999181,110,-724,10,3230
1.2937500000000455,708,152,152,3230
1.2943749999999454,1328,1574,70,3230
1.2950000000000728,682,1468,144,3251
1.2956249999999727,1310,2640,316,3251
1.2962500000001,1272,2838,328,3251
1.296875,524,2366,250,3251
1.2975000000001273,-322,1038,306,3251
1.2981250000000273,-410,380,116,3251
1.2987499999999272,-1384,-752,398,3251
1.2993750000000546,-1798,-1618,376,3251
1.2999999999999545,-882,-1304,448,3251
1.3006250000000819,-1490,-2086,256,3251
1.3012499999999818,-730,-1736,292,3251
1.3018750000001091,-584,-1452,198,3251
1.302500000000009,850,486,354,3251
1.303124999999909,876,846,-88,3251
1.3037500000000364,1908,2586,364,3251
1.3043749999999363,1340,1436,-104,3251
1.3050000000000637,1630,2654,278,3251
1.3056249999999636,806,1468,304,3251
1.306250000000091,868,1548,430,3251
1.306874999999991,-524,-472,658,3251
1.3075000000001182,-910,-1124,710,3251
1.3081250000000182,-1226,-2598,360,3251
1.3087499999999181,-1844,-3372,230,3251
1.3093750000000455,-1258,-2680,272,3251
1.3099999999999454,-1280,-2800,256,3251
1.3106250000000728,-30,-1842,-248,3251
1.3112499999999727,-312,-1232,2,3251
1.3118750000001,692,522,128,3251
1.3125,1152,1340,90,3251
1.3131250000001273,1504,2320,98,3251
1.3137500000000273,798,2060,398,3256
1.3143749999999272,1374,2954,376,3256
1.3150000000000546,304,1898,308,3256
1.3156249999999545,262,1920,396,3256
1.3162500000000819,-450,510,162,3256
1.3168749999999818,-1202,-610,256,3256
1.3175000000001091,-1680,-1634,306,3256
1.318125000000009,-1396,-1472,574,3256
1.318749999999909,-1168,-1988,494,3256
1.3193750000000364,-1228,-2374,-20,3256
1.3199999999999363,-210,-494,518,3256
1.3206250000000637,-16,-722,302,3256
1.3212499999999636,938,472,0,3256
1.321875000000091,1438,1652,202,3256
1.322499999999991,1682,1922,-138,3256
1.3231250000001182,1036,1388,292,3256
1.3237500000000182,1242,1828,262,3256
1.3243749999999181,414,1040,734,3256
1.3250000000000455,440,282,308,3256
1.3256249999999454,-546,-760,498,3256
1.3262500000000728,-1158,-1642,666,3256
1.3268749999999727,-1464,-3094,142,3256
1.3275000000001,-1500,-3004,-120,3256
1.328125,-1044,-2186,386,3256
1.3287500000001273,-1034,-2532,106,3256
1.3293750000000273,78,-1426,-120,3256
1.3299999999999272,-218,-840,-18,3256
1.3306250000000546,1210,1358,120,3256
1.3312499999999545,1234,1698,240,3256
1.3318750000000819,1714,3232,148,3257
1.3324999999999818,956,2646,184,3257
1.3331250000001091,1162,2794,268,3257
1.333750000000009,14,1504,106,3257
1.334374999999909,-320,1810,546,3257
1.3350000000000364,-434,390,434,3257
1.3356249999999363,-1128,-1036,210,3257
1.3362500000000637,-1974,-2230,440,3257
1.3368749999999636,-1820,-2288,636,3257
1.337500000000091,-554,-1756,128,3257
1.338124999999991,-1366,-2276,200,3257
1.3387500000001182,208,-686,176,3257
1.3393750000000182,8,-442,192,3257
1.3399999999999181,1300,978,34,3257
1.3406250000000455,1134,1234,0,3257
1.3412499999999454,1936,2564,264,3257
1.3418750000000728,920,1288,246,3257
1.3424999999999727,1192,2198,710,3257
1.3431250000001,94,296,520,3257
1.34375,158,4,442,3257
1.3443750000001273,-1016,-1236,454,3257
1.3450000000000273,-1162,-1822,352,3257
1.3456249999999272,-1552,-3112,228,3257
1.3462500000000546,-1614,-2928,140,3257
1.3468749999999545,-988,-2284,18,3257
1.3475000000000819,-880,-2244,280,3257
1.3481249999999818,336,-768,-110,3257
1.3487500000001091,-68,-152,98,3257
1.349375000000009,1076,1448,240,3260
1.349999999999909,1690,2374,164,3260
1.3506250000000364,1680,3402,160,3260
1.3512499999999363,562,2236,258,3260
1.3518750000000637,966,2382,62,3260
1.3524999999999636,278,1956,388,3260
1.353125000000091,-588,958,580,3260
1.353749999999991,-678,12,504,3260
1.3543750000001182,-1224,-1022,410,3260
1.3550000000000182,-1818,-2282,448,3260
1.3556249999999181,-1600,-2238,334,3260
1.3562500000000455,-448,-1480,502,3260
1.3568749999999454,-826,-1802,-64,3260
1.3575000000000728,194,-698,344,3260
1.3581249999999727,296,-676,-234,3260
1.3587500000001,1168,1116,254,3260
1.359375,1350,1240,-46,3260
1.3600000000001273,2274,2864,154,3260
1.3606250000000273,996,1316,424,3260
1.3612499999999272,790,1450,672,3260
1.3618750000000546,576,764,420,3260
1.3624999999999545,118,178,240,3260
1.3631250000000819,-824,-898,316,3260
1.3637499999999818,-1248,-1596,456,3260
1.3643750000001091,-1354,-2676,58,3260
1.365000000000009,-2102,-3578,94,3260
1.365624999999909,-1138,-2414,216,3260
1.3662500000000364,-842,-1968,38,3260
1.3668749999999363,-84,-1096,142,3260
1.3675000000000637,-294,-656,234,3261
1.3681249999999636,998,1186,158,3261
1.368750000000091,1198,1766,148,3261
1.369374999999991,1932,3602,146,3261
1.3700000000001182,1390,3182,88,3261
1.3706250000000182,900,2650,154,3261
1.3712499999999181,394,2082,368,3261
1.3718750000000455,236,1862,624,3261
1.3724999999999454,-806,-60,552,3261
1.3731250000000728,-1066,-912,296,3261
1.3737499999999727,-1690,-1614,762,3261
1.3743750000001,-1600,-2408,414,3261
1.375,-1478,-3004,306,3261
1.3756250000001273,-1016,-2326,170,3261
1.3762500000000273,-226,-1598,-18,3261
1.3768749999999272,-128,-1282,96,3261
1.3775000000000546,902,216,88,3261
1.3781249999999545,1158,954,494,3261
1.3787500000000819,2058,2156,152,3261
1.3793749999999818,962,1334,390,3261
1.3800000000001091,876,1498,506,3261
1.380625000000009,518,886,224,3261
1.381249999999909,384,768,124,3261
1.3818750000000364,-602,-384,406,3261
1.3824999999999363,-846,-1108,310,3261
1.3831250000000637,-1400,-2254,274,3261
1.3837499999999636,-1812,-2744,158,3261
1.384375000000091,-834,-1892,246,3261
1.384999999999991,-854,-1826,248,3261
1.3856250000001182,-604,-1408,184,3261
1.3862500000000182,-356,-670,12,3261
1.3868749999999181,916,994,58,3261
1.3875000000000455,1024,1532,-150,3261
1.3881249999999454,1598,3226,194,3261
1.3887500000000728,1732,3340,316,3261
1.3893749999999727,1264,2770,258,3261
1.3900000000001,206,1718,264,3261
1.390625,948,2704,622,3261
1.3912500000001273,196,868,402,3261
1.3918750000000273,-964,-512,412,3261
1.3924999999999272,-1288,-1486,386,3261
1.3931250000000546,-1582,-2092,542,3261
1.3937499999999545,-894,-2352,80,3261
1.3943750000000819,-1144,-2138,136,3261
1.3949999999999818,-282,-1666,200,3261
1.3956250000001091,-552,-1928,-26,3261
1.396250000000009,700,30,478,3261
1.396874999999909,782,238,330,3261
1.3975000000000364,1916,1592,74,3261
1.3981249999999363,1134,1544,252,3261
1.3987500000000637,1242,2100,298,3261
1.3993749999999636,352,786,312,3261
1.400000000000091,690,1280,184,3261
1.400624999999991,-390,326,218,3261
1.4012500000001182,-894,-738,646,3261
1.4018750000000182,-1194,-1814,248,3261
1.4024999999999181,-1502,-1786,246,3261
1.4031250000000455,-1600,-2368,424,3253
1.4037499999999454,-1056,-2368,202,3253
1.4043750000000728,-704,-1396,110,3253
1.4049999999999727,-802,-728,166,3253
1.4056250000001,594,74,-144,3253
1.40625,1148,1308,28,3253
1.4068750000001273,1376,2636,150,3253
1.4075000000000273,1314,2544,418,3253
1.4081249999999272,1974,3532,292,3253
1.4087500000000546,1178,2802,296,3253
1.4093749999999545,746,2308,588,3253
1.4100000000000819,274,932,722,3253
1.4106249999999818,-238,46,248,3253
1.4112500000001091,-1570,-1612,646,3253
1.411875000000009,-1152,-1932,54,3253
1.412499999999909,-1324,-2404,464,3253
1.4131250000000364,-1458,-3172,-30,3253
1.4137499999999363,-936,-2846,358,3253
1.4143750000000637,-734,-2406,168,3253
1.4149999999999636,386,-740,348,3253
1.415625000000091,892,-52,130,3253
1.416249999999991,1764,1346,-62,3253
1.4168750000001182,826,950,-38,3253
1.4175000000000182,1590,2846,490,3253
1.4181249999999181,1126,1920,144,3253
1.4187500000000455,928,2100,174,3253
1.4193749999999454,-192,658,320,3253
1.4200000000000728,-276,472,398,3253
1.4206249999999727,-1252,-1154,434,3253
1.4212500000001,-1638,-1514,484,3253
1.421875,-1384,-1830,230,3253
1.4225000000001273,-1410,-2058,188,3253
1.4231250000000273,-982,-1922,114,3253
1.4237499999999272,-1086,-1444,24,3253
1.4243750000000546,336,62,-20,3253
1.4249999999999545,846,850,76,3253
1.4256250000000819,1140,1512,82,3253
1.4262499999999818,748,1600,402,3253
1.4268750000001091,1892,3000,318,3253
1.427500000000009,1080,2578,466,3253
1.428124999999909,1254,2396,518,3253
1.4287500000000364,228,832,452,3253
1.4293749999999363,16,592,460,3253
1.4300000000000637,-1018,-1216,138,3253
1.4306249999999636,-1142,-1604,338,3253
1.431250000000091,-1296,-2552,220,3253
1.431874999999991,-1868,-3160,592,3253
1.4325000000001182,-822,-2900,364,3253
1.4331250000000182,-868,-2472,214,3253
1.4337499999999181,-132,-1188,310,3253
1.4343750000000455,772,-182,-8,3253
1.4349999999999454,1464,1146,-150,3253
1.4356250000000728,648,840,144,3253
1.4362499999999727,1294,2052,190,3253
1.4368750000001,1486,2522,318,3253
1.4375,1084,2224,206,3253
1.4381250000001273,-24,934,352,3253
1.4387500000000273,-82,832,534,3241
1.4393749999999272,-934,-396,452,3241
1.4400000000000546,-1272,-800,216,3241
1.4406249999999545,-1058,-1172,168,3241
1.4412500000000819,-1340,-1900,-122,3241
1.4418749999999818,-1238,-1764,278,3241
1.4425000000001091,-1176,-1630,292,3241
1.443125000000009,142,-384,182,3241
1.443749999999909,124,70,60,3241
1.4443750000000364,1408,1762,312,3241
1.4449999999999363,1008,1172,248,3241
1.4456250000000637,1434,2286,366,3241
1.4462499999999636,1534,2560,154,3241
1.446875000000091,1820,3418,560,3241
1.447499999999991,778,1300,0,3241
1.4481250000001182,64,700,456,3241
1.4487500000000182,-584,-518,346,3241
1.4493749999999181,-958,-1380,362,3241
1.4500000000000455,-1202,-2186,556,3241
1.4506249999999454,-1550,-2816,470,3241
1.4512500000000728,-1008,-3138,152,3241
1.4518749999999727,-1578,-3376,124,3241
1.4525000000001,-258,-1550,118,3241
1.453125,60,-1046,128,3241
1.4537500000001273,1308,684,-72,3241
1.4543750000000273,1122,1112,-24,3241
1.4549999999999272,1340,2156,316,3241
1.4556250000000546,1158,2022,190,3241
1.4562499999999545,1600,3382,156,3241
1.4568750000000819,796,2714,450,3241
1.4574999999999818,192,1472,410,3241
1.4581250000001091,-774,392,388,3241
1.458750000000009,-1106,2,486,3241
1.459374999999909,-1436,-1362,218,3241
1.4600000000000364,-1788,-2282,126,3241
1.4606249999999363,-1698,-2130,362,3241
1.4612500000000637,-1486,-2038,428,3241
1.4618749999999636,-340,-1370,204,3241
1.462500000000091,-56,-576,120,3241
1.463124999999991,1086,1322,478,3241
1.4637500000001182,1218,1158,222,3241
1.4643750000000182,1420,1764,134,3241
1.4649999999999181,1364,2232,438,3241
1.4656250000000455,1752,2694,-54,3241
1.4662499999999454,674,1302,438,3241
1.4668750000000728,338,506,230,3241
1.4674999999999727,-490,-310,754,3241
1.4681250000001,-858,-1530,338,3241
1.46875,-948,-1826,540,3241
1.4693750000001273,-1178,-2418,446,3241
1.4700000000000273,-1516,-3594,176,3241
1.4706249999999272,-1596,-3622,-302,3241
1.4712500000000546,-460,-1436,502,3241
1.4718749999999545,138,-840,92,3241
1.4725000000000819,864,110,-176,3241
1.4731249999999818,918,934,52,3241
1.4737500000001091,1410,2244,104,3241
1.474375000000009,1206,2192,258,3241
1.474999999999909,1338,3168,300,3241
1.4756250000000364,770,2736,308,3241
1.4762499999999363,378,1722,312,3241
1.4768750000000637,-772,202,270,3241
1.4774999999999636,-1046,180,336,3241
1.478125000000091,-828,-524,274,3241
1.478749999999991,-1292,-1424,286,3241
1.4793750000001182,-1612,-2296,256,3241
1.4800000000000182,-1634,-2206,414,3241
1.4806249999999181,-30,-1038,244,3241
1.4812500000000455,-392,-794,298,3241
1.4818749999999454,880,364,138,3241
1.4825000000000728,768,726,224,3241
1.4831249999999727,1478,1728,124,3241
1.4837500000001,1072,1456,-62,3241
1.484375,2012,2772,244,3241
1.4850000000001273,994,1646,332,3241
1.4856250000000273,326,1112,788,3241
1.4862499999999272,-340,-592,526,3241
1.4868750000000546,-420,-1056,480,3241
1.4874999999999545,-1674,-2212,486,3241
1.4881250000000819,-1156,-2340,128,3241
1.4887499999999818,-1312,-3074,206,3241
1.4893750000001091,-1656,-3294,-42,3241
1.490000000000009,-950,-2372,62,3241
1.490624999999909,36,-1152,168,3241
1.4912500000000364,718,192,4,3241
1.4918749999999363,424,624,88,3241
1.4925000000000637,1512,2310,256,3240
1.4931249999999636,1948,3014,248,3240
1.493750000000091,1574,3496,172,3240
1.494374999999991,562,2370,206,3240
1.4950000000001182,802,2416,60,3240
1.4956250000000182,-314,1296,424,3240
1.4962499999999181,-872,226,564,3240
1.4968750000000455,-1126,-922,548,3240
1.4974999999999454,-1400,-1648,292,3240
1.4981250000000728,-1736,-2416,358,3240
1.4987499999999727,-1536,-2384,362,3240
1.4993750000001,-538,-1918,292,3240
1.5,-122,-1024,-14,3240
1.5006250000001273,508,-112,246,3240
1.5012500000000273,632,16,-220,3240
1.5018749999999272,1754,2052,280,3240
1.5025000000000546,1456,1676,150,3240
1.5031249999999545,1946,2456,206,3240
1.5037500000000819,846,1280,512,3240
1.5043749999999818,284,912,648,3240
1.5050000000001091,-14,-84,388,3240
1.505625000000009,-178,-338,336,3240
1.506249999999909,-1300,-1680,318,3240
1.5068750000000364,-1354,-2266,304,3240
1.5074999999999363,-1100,-2444,180,3240
1.5081250000000637,-1496,-2836,-68,3240
1.5087499999999636,-1098,-2376,308,3240
1.509375000000091,-340,-1518,22,3240
1.509999999999991,416,-8,84,3240
1.5106250000001182,84,192,204,3240
1.5112500000000182,1474,2012,90,3240
1.5118749999999181,1404,2442,240,3240
1.5125000000000455,1542,3338,212,3240
1.5131249999999454,742,2384,192,3240
1.5137500000000728,946,2706,212,3240
1.5143749999999727,-170,1432,432,3240
1.5150000000001,-342,816,614,3240
1.515625,-1028,-816,490,3240
1.5162500000001273,-1360,-1414,284,3240
1.5168750000000273,-1566,-1554,706,3240
1.5174999999999272,-1244,-2048,256,3240
1.5181250000000546,-886,-2290,230,3240
1.5187499999999545,-408,-1540,192,3240
1.5193750000000819,320,-610,-176,3240
1.5199999999999818,194,-468,248,3240
1.5206250000001091,1228,838,32,3240
1.521250000000009,1578,1746,584,3240
1.521874999999909,1596,1600,196,3240
1.5225000000000364,684,1068,478,3240
1.5231249999999363,812,1536,618,3240
1.5237500000000637,66,210,386,3240
1.5243749999999636,84,-114,-114,3240
1.525000000000091,-898,-872,512,3240
1.525624999999991,-1160,-1656,348,3240
1.5262500000001182,-1670,-2868,132,3240
1.5268750000000182,-1472,-2504,24,3240
1.5274999999999181,-766,-1804,146,3240
1.5281250000000455,-784,-1866,118,3240
1.5287499999999454,16,-666,108,3239
1.5293750000000728,86,64,100,3239
1.5299999999999727,1056,1252,130,3239
1.5306250000001,1158,1808,-90,3239
1.53125,1844,3850,202,3239
1.5318750000001273,1254,2772,284,3239
1.5325000000000273,974,2408,326,3239
1.5331249999999272,268,1780,340,3239
1.5337500000000546,524,2188,678,3239
1.5343749999999545,0,380,310,3239
1.5350000000000819,-1168,-770,486,3239
1.5356249999999818,-1454,-1740,344,3239
1.5362500000001091,-1822,-2374,550,3239
1.536875000000009,-888,-2466,-40,3239
1.537499999999909,-1200,-2250,-40,3239
1.5381250000000364,-384,-1920,176,3239
1.5387499999999363,-544,-2042,-20,3239
1.5393750000000637,658,8,566,3239
1.5399999999999636,866,298,438,3239
1.540625000000091,2084,1534,80,3239
1.541249999999991,1126,1584,296,3239
1.5418750000001182,1252,2172,356,3239
1.5425000000000182,512,1016,320,3239
1.5431249999999181,614,1186,78,3239
1.5437500000000455,-362,422,232,3239
1.5443749999999454,-788,-602,504,3239
1.5450000000000728,-1322,-1764,228,3239
1.5456249999999727,-1536,-1928,234,3239
1.5462500000001,-1640,-2378,396,3239
1.546875,-1148,-2390,216,3239
1.5475000000001273,-896,-1688,122,3239
1.5481250000000273,-904,-984,146,3239
1.5487499999999272,450,-70,-60,3239
1.5493750000000546,1018,1076,48,3239
1.5499999999999545,1404,2532,216,3239
1.5506250000000819,1376,2584,556,3239
1.5512499999999818,1922,3416,340,3239
1.5518750000001091,1204,2750,240,3239
1.552500000000009,962,2774,704,3239
1.553124999999909,488,1188,502,3239
1.5537500000000364,-150,430,246,3239
1.5543749999999363,-1394,-1322,440,3239
1.5550000000000637,-1032,-1640,44,3239
1.5556249999999636,-1384,-2408,424,3239
1.556250000000091,-1532,-3122,76,3239
1.556874999999991,-1132,-3036,454,3239
1.5575000000001182,-840,-2608,228,3239
1.5581250000000182,214,-1066,340,3239
1.5587499999999181,736,-270,190,3239
1.5593750000000455,1730,1230,-20,3239
1.5599999999999454,898,926,46,3239
1.5606250000000728,1692,2752,344,3239
1.5612499999999727,1230,2094,216,3239
1.5618750000001,968,1904,74,3239
1.5625,-128,870,294,3239
1.5631250000001273,-180,574,328,3239
1.5637500000000273,-1114,-906,336,3239
1.5643749999999272,-1488,-1230,404,3239
1.5650000000000546,-1400,-1736,266,3239
1.5656249999999545,-1206,-1904,174,3239
1.5662500000000819,-1148,-2104,168,3239
1.5668749999999818,-1222,-1546,222,3239
1.5675000000001091,288,-152,44,3239
1.568125000000009,956,906,38,3239
1.568749999999909,1078,1634,238,3239
1.5693750000000364,844,1624,376,3239
1.5699999999999363,1934,3032,222,3239
1.5706250000000637,918,2480,506,3239
1.5712499999999636,1258,2368,318,3239
1.571875000000091,140,918,476,3239
1.572499999999991,176,776,380,3239
1.5731250000001182,-1002,-1106,176,3239
1.5737500000000182,-1196,-1630,392,3239
1.5743749999999181,-1264,-2556,194,3239
1.5750000000000455,-1778,-3096,560,3239
1.5756249999999454,-832,-2908,348,3239
1.5762500000000728,-884,-2406,298,3239
1.5768749999999727,-128,-1158,338,3239
1.5775000000001,834,-204,40,3239
1.578125,1466,1088,-114,3239
1.5787500000001273,608,770,146,3239
1.5793750000000273,1346,2164,202,3239
1.5799999999999272,1416,2510,256,3239
1.5806250000000546,1010,2152,72,3239
1.5812499999999545,0,1016,256,3239
1.5818750000000819,-172,758,402,3239
1.5824999999999818,-990,-512,434,3239
1.5831250000001091,-1450,-1044,318,3239
1.583750000000009,-1112,-1332,296,3239
1.584374999999909,-1244,-1876,-36,3239
1.5850000000000364,-1138,-1676,286,3239
1.5856249999999363,-1108,-1536,236,3239
1.5862500000000637,136,-284,236,3239
1.5868749999999636,260,202,84,3239
1.587500000000091,1464,1820,268,3239
1.588124999999991,1072,1196,144,3239
1.5887500000001182,1324,2244,508,3239
1.5893750000000182,1416,2368,72,3239
1.5899999999999181,1704,3382,560,3239
1.5906250000000455,784,1272,60,3239
1.5912499999999454,20,558,240,3239
1.5918750000000728,-574,-488,404,3239
1.5924999999999727,-1000,-1472,346,3239
1.5931250000001,-1294,-2254,624,3239
1.59375,-1536,-2716,626,3239
1.5943750000001273,-1006,-3228,264,3239
1.5950000000000273,-1422,-3338,44,3239
1.5956249999999272,-370,-1534,236,3239
1.5962500000000546,64,-950,182,3239
1.5968749999999545,1398,740,-298,3239
1.5975000000000819,1024,1104,-20,3239
1.5981249999999818,1388,2194,258,3239
1.5987500000001091,1170,1968,108,3239
1.599375000000009,1530,3216,220,3239
1.599999999999909,704,2492,418,3239
1.6006250000000364,212,1408,352,3239
1.6012499999999363,-770,370,350,3239
1.6018750000000637,-1048,84,410,3239
1.6024999999999636,-1402,-1224,276,3239
1.603125000000091,-1694,-2186,164,3239
1.603749999999991,-1610,-2022,440,3239
1.6043750000001182,-1526,-1980,544,3239
1.6050000000000182,-684,-1946,262,3239
1.6056249999999181,-154,-970,-30,3239
1.6062500000000455,530,658,568,3239
1.6068749999999454,1118,792,124,3239
1.6075000000000728,1370,1648,120,3239
1.6081249999999727,1330,2014,202,3239
1.6087500000001,1874,2818,6,3239
1.609375,814,1536,468,3239
1.6100000000001273,534,974,274,3239
1.6106250000000273,-402,-78,742,3239
1.6112499999999272,-646,-1244,384,3239
1.6118750000000546,-858,-1600,472,3239
1.6124999999999545,-1210,-2258,482,3239
1.6131250000000819,-1486,-3328,206,3239
1.6137499999999818,-1706,-3524,-140,3239
1.6143750000001091,-524,-1702,318,3239
1.615000000000009,-40,-1080,206,3239
1.615624999999909,576,-410,-158,3239
1.6162500000000364,536,344,0,3239
1.6168749999999363,1430,2054,160,3239
1.6175000000000637,1192,2026,176,3239
1.6181249999999636,1492,3160,218,3239
1.618750000000091,1066,2940,210,3239
1.619374999999991,568,2104,346,3239
1.6200000000001182,-492,640,226,3239
1.6206250000000182,-450,1154,490,3239
1.6212499999999181,-1064,-456,412,3239
1.6218750000000455,-1416,-1618,246,3239
1.6224999999999454,-1536,-1940,328,3239
1.6231250000000728,-1350,-1740,442,3239
1.6237499999999727,-508,-1652,230,3239
1.6243750000001,-742,-1312,320,3239
1.625,518,-120,94,3239
1.6256250000001273,216,-36,336,3239
1.6262500000000273,1536,1352,-26,3239
1.6268749999999272,1022,1166,-40,3239
1.6275000000000546,1852,2436,220,3239
1.6281249999999545,1074,1506,200,3239
1.6287500000000819,864,1664,678,3239
1.6293749999999818,34,136,582,3239
1.6300000000001091,342,12,442,3239
1.630625000000009,-1130,-1218,428,3239
1.631249999999909,-978,-1714,396,3239
1.6318750000000364,-1240,-2670,186,3239
1.6324999999999363,-1532,-2878,10,3239
1.6331250000000637,-1414,-2716,132,3239
1.6337499999999636,-576,-2014,236,3239
1.634375000000091,98,-900,-24,3239
1.634999999999991,-274,-574,22,3239
1.6356250000001182,876,894,146,3240
1.6362500000000182,1710,2070,280,3240
1.6368749999999181,1456,2856,136,3240
1.6375000000000455,670,2236,230,3240
1.6381249999999454,1482,3006,12,3240
1.6387500000000728,520,2290,328,3240
1.6393749999999727,16,1572,366,3240
1.6400000000001,-338,628,590,3240
1.640625,-752,-94,422,3240
1.6412500000001273,-1672,-1638,478,3240
1.6418750000000273,-1522,-1964,376,3240
1.6424999999999272,-802,-1756,678,3240
1.6431250000000546,-1356,-2514,-36,3240
1.6437499999999545,-652,-1876,324,3240
1.6443750000000819,-314,-1574,-176,3240
1.6449999999999818,744,254,222,3240
1.6456250000001091,838,248,-110,3240
1.646250000000009,2064,2074,194,3240
1.646874999999909,1056,1016,384,3240
1.6475000000000364,1128,1844,612,3240
1.6481249999999363,1310,1626,320,3240
1.6487500000000637,1110,1594,168,3240
1.6493749999999636,-338,138,320,3240
1.650000000000091,-704,-552,474,3240
1.650624999999991,-1088,-1864,100,3240
1.6512500000001182,-1810,-2762,200,3240
1.6518750000000182,-1478,-2520,248,3240
1.6524999999999181,-1232,-2338,156,3240
1.6531250000000455,-1090,-2402,246,3240
1.6537499999999454,-1358,-2178,214,3240
1.6543750000000728,334,-184,74,3240
1.6549999999999727,658,604,48,3240
1.6556250000001,1470,2258,90,3240
1.65625,1276,2462,94,3240
1.6568750000001273,1448,2864,76,3240
1.6575000000000273,1068,2718,304,3240
1.6581249999999272,1342,3280,582,3240
1.6587500000000546,386,1816,442,3240
1.6593749999999545,-108,900,386,3240
1.6600000000000819,-1128,-250,786,3240
1.6606249999999818,-1080,-1216,384,3240
1.6612500000001091,-1552,-2434,420,3240
1.661875000000009,-1340,-2374,164,3240
1.662499999999909,-818,-2192,-26,3240
1.6631250000000364,-1164,-2466,250,3240
1.6637499999999363,-186,-1808,144,3240
1.6643750000000637,320,-706,404,3240
1.6649999999999636,1260,366,254,3240
1.665625000000091,962,704,262,3240
1.666249999999991,1610,2078,378,3240
1.6668750000001182,1364,1742,154,3240
1.6675000000000182,1772,2432,-108,3240
1.6681249999999181,336,1418,448,3240
1.6687500000000455,274,972,358,3240
1.6693749999999454,-758,-510,300,3240
1.6700000000000728,-786,-690,278,3240
1.6706249999999727,-1554,-2082,358,3240
1.6712500000001,-1656,-2674,224,3240
1.671875,-1474,-2368,288,3240
1.6725000000001273,-1496,-2088,146,3240
1.6731250000000273,-270,-1226,170,3240
1.6737499999999272,288,-162,-138,3240
1.6743750000000546,842,1506,142,3240
1.6749999999999545,694,1548,252,3240
1.6756250000000819,1988,2942,78,3240
1.6762499999999818,1244,2742,236,3240
1.6768750000001091,1786,3428,374,3240
1.677500000000009,992,2080,438,3240
1.678124999999909,356,1666,544,3240
1.6787500000000364,-480,300,302,3240
1.6793749999999363,-434,162,764,3240
1.6800000000000637,-1068,-1852,34,3240
1.6806249999999636,-1560,-2272,164,3240
1.681250000000091,-1098,-2278,326,3240
1.681874999999991,-1390,-2826,20,3240
1.6825000000001182,-688,-2504,448,3240
1.6831250000000182,-166,-1562,518,3240
1.6837499999999181,1088,-190,180,3240
1.6843750000000455,210,-352,14,3240
1.6849999999999454,1556,1852,196,3240
1.6856250000000728,1246,1628,300,3240
1.6862499999999727,1432,1966,-84,3240
1.6868750000001,668,1596,80,3240
1.6875,798,2122,454,3240
1.6881250000001273,-422,292,286,3240
1.6887500000000273,-558,14,238,3253
1.6893749999999272,-1058,-686,486,3253
1.6900000000000546,-1514,-1860,448,3253
1.6906249999999545,-1678,-2354,224,3253
1.6912500000000819,-1536,-1592,264,3253
1.6918749999999818,-562,-1228,110,3253
1.6925000000001091,-714,-1566,-52,3253
1.693125000000009,498,450,64,3253
1.693749999999909,530,850,512,3253
1.6943750000000364,1370,1840,206,3253
1.6949999999999363,1638,2486,132,3253
1.6956250000000637,1636,3272,526,3253
1.6962499999999636,1088,1936,552,3253
1.696875000000091,950,1690,180,3253
1.697499999999991,172,1230,438,3253
1.6981250000001182,-248,64,152,3253
1.6987500000000182,-544,-646,416,3253
1.6993749999999181,-1088,-1852,94,3253
1.7000000000000455,-1786,-3032,638,3253
1.7006249999999454,-1590,-3488,274,3253
1.7012500000000728,-804,-2290,486,3253
1.7018749999999727,-500,-1964,324,3253
1.7025000000001,590,-1232,-138,3253
1.703125,-86,-1050,-146,3253
1.7037500000001273,726,870,328,3253
1.7043750000000273,1316,1392,104,3253
1.7049999999999272,1974,2560,-136,3253
1.7056250000000546,774,1760,94,3253
1.7062499999999545,996,2088,296,3253
1.7068750000000819,374,1442,360,3253
1.7074999999999818,-82,1506,410,3254
1.7081250000001091,-772,384,340,3254
1.708750000000009,-866,-514,226,3254
1.709374999999909,-1604,-1668,274,3254
1.7100000000000364,-1890,-1698,396,3254
1.7106249999999363,-1086,-1872,152,3254
1.7112500000000637,-996,-1826,66,3254
1.7118749999999636,-488,-1088,290,3254
1.712500000000091,-468,-742,344,3254
1.713124999999991,970,634,178,3254
1.7137500000001182,582,894,304,3254
1.7143750000000182,1754,2284,182,3254
1.7149999999999181,1280,1980,384,3254
1.7156250000000455,1336,2174,250,3254
1.7162499999999454,544,1168,36,3254
1.7168750000000728,900,1564,412,3254
1.7174999999999727,-122,44,322,3254
1.7181250000001,-650,-584,694,3254
1.71875,-920,-1820,498,3254
1.7193750000001273,-988,-2088,366,3254
1.7200000000000273,-1682,-2880,400,3254
1.7206249999999272,-972,-2620,126,3254
1.7212500000000546,-514,-2224,54,3254
1.7218749999999545,-1024,-2178,84,3254
1.7225000000000819,-18,-1068,34,3254
1.7231249999999818,930,322,236,3254
1.7237500000001091,1150,1220,-24,3254
1.724375000000009,586,1272,174,3254
1.724999999999909,1566,2636,248,3254
1.7256250000000364,1536,2954,294,3254
1.7262499999999363,846,2822,216,3254
1.7268750000000637,-38,1460,256,3254
1.7274999999999636,164,1308,184,3254
1.728125000000091,-942,258,510,3254
1.728749999999991,-1280,-638,418,3254
1.7293750000001182,-992,-1070,466,3254
1.7300000000000182,-1568,-1816,320,3254
1.7306249999999181,-1514,-2402,342,3254
1.7312500000000455,-1262,-2186,378,3254
1.7318749999999454,62,-968,342,3254
1.7325000000000728,-160,-846,-44,3254
1.7331249999999727,1074,696,340,3254
1.7337500000001,914,292,-248,3254
1.734375,1400,1794,316,3254
1.7350000000001273,1410,1734,92,3254
1.7356250000000273,2026,2814,76,3254
1.7362499999999272,674,1116,496,3254
1.7368750000000546,348,762,654,3254
1.7374999999999545,-18,-100,424,3254
1.7381250000000819,-626,-996,302,3254
1.7387499999999818,-1112,-1584,262,3254
1.7393750000001091,-1310,-1988,486,3254
1.740000000000009,-1330,-3052,106,3254
1.740624999999909,-1964,-3638,-64,3254
1.7412500000000364,-842,-2046,268,3254
1.7418749999999363,-416,-1338,116,3254
1.7425000000000637,222,-546,30,3254
1.7431249999999636,0,-74,232,3254
1.743750000000091,1152,1696,172,3254
1.744374999999991,1152,1870,92,3254
1.7450000000001182,1746,3504,240,3254
1.7456250000000182,1252,3160,238,3254
1.7462499999999181,722,2284,64,3254
1.7468750000000455,48,1512,320,3254
1.7474999999999454,304,1768,694,3254
1.7481250000000728,-954,-272,446,3254
1.7487499999999727,-1112,-924,344,3254
1.7493750000001,-1454,-1586,628,3254
1.75,-1344,-2004,542,3254
1.7506250000001273,-1570,-3138,196,3254
1.7512500000000273,-840,-2036,218,3254
1.7518749999999272,-98,-1400,-82,3254
1.7525000000000546,-270,-1174,214,3254
1.7531249999999545,756,-334,-82,3254
1.7537500000000819,1180,876,576,3254
1.7543749999999818,1754,1562,218,3254
1.7550000000001091,1038,1300,332,3254
1.755625000000009,1422,2324,510,3254
1.756249999999909,772,1200,230,3254
1.7568750000000364,812,1160,-98,3254
1.7574999999999363,-556,-10,524,3254
1.7581250000000637,-662,-590,398,3254
1.7587499999999636,-1420,-1950,242,3254
1.759375000000091,-1420,-2048,210,3254
1.759999999999991,-1316,-2260,326,3254
1.7606250000001182,-1268,-2440,280,3254
1.7612500000000182,-1012,-2184,230,3254
1.7618749999999181,-996,-1430,128,3254
1.7625000000000455,598,132,-8,3254
1.7631249999999454,590,612,-260,3254
1.7637500000000728,1438,2584,168,3254
1.7643749999999727,1230,2256,254,3254
1.7650000000001,1788,3072,208,3254
1.765625,1102,2816,206,3254
1.7662500000001273,1504,3622,610,3254
1.7668750000000273,672,1546,402,3254
1.7674999999999272,-346,590,448,3254
1.7681250000000546,-1054,-718,432,3254
1.7687499999999545,-1198,-1152,598,3254
1.7693750000000819,-1070,-2162,26,3254
1.7699999999999818,-1784,-2664,242,3254
1.7706250000001091,-1234,-2966,246,3254
1.771250000000009,-1384,-3300,56,3254
1.771874999999909,-158,-1590,508,3254
1.7725000000000364,164,-832,430,3254
1.7731249999999363,1668,582,-32,3254
1.7737500000000637,794,598,86,3254
1.7743749999999636,1442,2048,240,3254
1.775000000000091,1336,1734,256,3254
1.775624999999991,1516,2438,8,3254
1.7762500000001182,724,1974,182,3254
1.7768750000000182,258,1328,576,3254
1.7774999999999181,-514,-108,304,3254
1.7781250000000455,-1064,-590,322,3254
1.7787499999999454,-1456,-1290,596,3254
1.7793750000000728,-1542,-2270,332,3254
1.7799999999999727,-1812,-2484,198,3254
1.7806250000001,-1916,-2164,278,3254
1.78125,-628,-1710,66,3254
1.7818750000001273,-146,-984,-96,3254
1.7825000000000273,364,586,256,3254
1.7831249999999272,820,1114,326,3254
1.7837500000000546,1710,2342,142,3254
1.7843749999999545,1532,2538,154,3254
1.7850000000000819,1776,3412,548,3254
1.7856249999999818,1554,2534,404,3254
1.7862500000001091,654,1524,236,3254
1.786875000000009,-338,506,550,3254
1.787499999999909,-166,-94,42,3254
1.7881250000000364,-1010,-1230,648,3254
1.7887499999999363,-1412,-2366,142,3254
1.7893750000000637,-1504,-2862,530,3254
1.7899999999999636,-1522,-3356,198,3254
1.790625000000091,-606,-2092,450,3254
1.791249999999991,-256,-1686,314,3254
1.7918750000001182,428,-1158,0,3254
1.7925000000000182,290,-692,-302,3254
1.7931249999999181,870,1382,430,3254
1.7937500000000455,1180,1358,80,3254
1.7943749999999454,1644,2274,-88,3254
1.7950000000000728,842,1910,194,3254
1.7956249999999727,770,2176,284,3254
1.7962500000001,20,992,344,3254
1.796875,-288,930,502,3257
1.7975000000001273,-930,-122,372,3257
1.7981250000000273,-1030,-972,324,3257
1.7987499999999272,-1488,-1648,320,3257
1.7993750000000546,-1790,-1646,258,3257
1.7999999999999545,-976,-1782,90,3257
1.8006250000000819,-598,-1408,128,3257
1.8012499999999818,-116,-606,130,3257
1.8018750000001091,-90,-160,286,3257
1.802500000000009,1392,1316,184,3257
1.803124999999909,1120,1724,268,3257
1.8037500000000364,1740,2482,270,3257
1.8043749999999363,1024,1710,418,3257
1.8050000000000637,1720,2794,200,3257
1.8056249999999636,400,1244,164,3257
1.806250000000091,368,830,336,3257
1.806874999999991,-520,-662,310,3257
1.8075000000001182,-1148,-1104,920,3257
1.8081250000000182,-1120,-2390,524,3257
1.8087499999999181,-1220,-2570,352,3257
1.8093750000000455,-1444,-2672,528,3257
1.8099999999999454,-948,-2802,-46,3257
1.8106250000000728,-156,-1848,-20,3257
1.8112499999999727,-648,-1682,60,3257
1.8118750000001,426,-116,-40,3257
1.8125,1132,884,106,3257
1.8131250000001273,1442,1962,42,3257
1.8137500000000273,752,1580,112,3257
1.8143749999999272,1144,2476,428,3259
1.8150000000000546,1278,2818,454,3259
1.8156249999999545,556,2516,258,3259
1.8162500000000819,-284,1042,266,3259
1.8168749999999818,-426,406,224,3259
1.8175000000001091,-1270,-554,410,3259
1.818125000000009,-1668,-1466,470,3259
1.818749999999909,-1060,-1456,438,3259
1.8193750000000364,-1402,-1856,262,3259
1.8199999999999363,-1252,-2252,306,3259
1.8206250000000637,-930,-1902,280,3259
1.8212499999999636,332,-276,374,3259
1.821875000000091,472,120,-70,3259
1.822499999999991,1724,1880,218,3259
1.8231250000001182,1204,1024,-202,3259
1.8237500000000182,1390,2166,390,3259
1.8243749999999181,1222,1724,128,3259
1.8250000000000455,1678,2510,384,3259
1.8256249999999454,272,612,664,3259
1.8262500000000728,-110,-26,540,3259
1.8268749999999727,-688,-1316,394,3259
1.8275000000001,-1216,-2052,254,3259
1.828125,-1244,-2180,166,3259
1.8287500000001273,-1246,-2352,320,3259
1.8293750000000273,-1224,-2994,134,3259
1.8299999999999272,-1576,-3278,-114,3259
1.8306250000000546,-384,-1384,284,3259
1.8312499999999545,32,-718,64,3259
1.8318750000000819,924,762,44,3259
1.8324999999999818,632,1146,242,3247
1.8331250000001091,1362,2416,132,3247
1.833750000000009,990,2156,120,3247
1.834374999999909,1448,3552,384,3247
1.8350000000000364,814,2646,230,3247
1.8356249999999363,42,1406,214,3247
1.8362500000000637,-546,734,398,3247
1.8368749999999636,-538,468,634,3247
1.837500000000091,-1460,-1530,458,3247
1.838124999999991,-1546,-1966,316,3247
1.8387500000001182,-1392,-1750,694,3247
1.8393750000000182,-952,-1870,310,3247
1.8399999999999181,-912,-2556,142,3247
1.8406250000000455,-106,-1078,244,3247
1.8412499999999454,764,-84,-182,3247
1.8418750000000728,436,48,236,3247
1.8424999999999727,1544,1278,-64,3247
1.8431250000001,1444,1700,580,3247
1.84375,1798,1996,224,3247
1.8443750000001273,784,1312,442,3247
1.8450000000000273,696,1492,710,3247
1.8456249999999272,-80,-162,248,3247
1.8462500000000546,-242,-466,-8,3247
1.8468749999999545,-1244,-1418,632,3247
1.8475000000000819,-1338,-2210,314,3247
1.8481249999999818,-1650,-2934,178,3247
1.8487500000001091,-1486,-2616,52,3247
1.849375000000009,-726,-2000,114,3247
1.849999999999909,-488,-1590,152,3247
1.8506250000000364,146,-440,54,3246
1.8512499999999363,40,270,184,3246
1.8518750000000637,1474,1908,128,3246
1.8524999999999636,1360,2396,-104,3246
1.853125000000091,1776,3922,190,3246
1.853749999999991,1240,2872,312,3246
1.8543750000001182,1072,2818,260,3246
1.8550000000000182,-124,1280,256,3246
1.8556249999999181,36,1560,860,3246
1.8562500000000455,-350,-282,310,3246
1.8568749999999454,-1614,-1418,616,3246
1.8575000000000728,-1588,-2290,392,3246
1.8581249999999727,-1802,-2600,538,3246
1.8587500000001,-826,-2436,-54,3246
1.859375,-1262,-2534,-92,3246
1.8600000000001273,302,-1158,82,3246
1.8606250000000273,34,-1034,16,3246
1.8612499999999272,1176,784,428,3246
1.8618750000000546,1306,1024,492,3246
1.8624999999999545,2104,2138,230,3246
1.8631250000000819,646,1168,194,3246
1.8637499999999818,1206,2126,320,3246
1.8643750000001091,106,580,398,3246
1.865000000000009,-104,182,146,3246
1.865624999999909,-732,-530,192,3246
1.8662500000000364,-1066,-1300,540,3246
1.8668749999999363,-1640,-2664,240,3246
1.8675000000000637,-1558,-2200,258,3246
1.8681249999999636,-910,-1528,394,3246
1.868750000000091,-818,-1908,130,3246
1.869374999999991,-68,-634,20,3246
1.8700000000001182,-398,-208,16,3246
1.8706250000000182,964,1108,-80,3246
1.8712499999999181,1380,1908,114,3246
1.8718750000000455,1758,3590,240,3246
1.8724999999999454,1222,2690,482,3246
1.8731250000000728,1180,2540,464,3246
1.8737499999999727,744,2180,254,3246
1.8743750000001,62,1710,814,3246
1.875,-52,244,520,3246
1.8756250000001273,-758,-860,112,3246
1.8762500000000273,-1896,-2322,550,3246
1.8768749999999272,-1636,-2876,-40,3246
1.8775000000000546,-780,-1968,410,3246
1.8781249999999545,-902,-2270,46,3246
1.8787500000000819,-374,-1982,294,3246
1.8793749999999818,-16,-1420,236,3246
1.8800000000001091,738,50,328,3246
1.880625000000009,1190,702,156,3246
1.881249999999909,2028,2200,-22,3246
1.8818750000000364,868,1166,-26,3246
1.8824999999999363,932,1932,498,3246
1.8831250000000637,744,1370,296,3246
1.8837499999999636,578,1392,86,3246
1.884375000000091,-494,234,342,3246
1.884999999999991,-668,-528,268,3246
1.8856250000001182,-1332,-1556,446,3246
1.8862500000000182,-2020,-2300,296,3244
1.8868749999999181,-1280,-2020,260,3244
1.8875000000000455,-756,-1498,202,3244
1.8881249999999454,-538,-1210,146,3244
1.8887500000000728,-854,-942,192,3244
1.8893749999999727,784,788,-24,3244
1.8900000000001,914,1232,-50,3244
1.890625,1516,2492,274,3244
1.8912500000001273,1316,2486,358,3244
1.8918750000000273,1522,2778,262,3244
1.8924999999999272,560,1998,652,3244
1.8931250000000546,1226,2336,424,3244
1.8937499999999545,-34,682,540,3244
1.8943750000000819,-488,-200,434,3244
1.8949999999999818,-994,-1390,76,3244
1.8956250000001091,-1206,-1846,360,3244
1.896250000000009,-1630,-3178,212,3244
1.896874999999909,-1304,-2728,504,3244
1.8975000000000364,-538,-2516,320,3244
1.8981249999999363,-744,-2230,276,3244
1.8987500000000637,-60,-1246,328,3244
1.8993749999999636,876,-88,12,3244
1.900000000000091,1628,1276,-178,3244
1.900624999999991,678,1072,180,3244
1.9012500000001182,1540,2548,194,3244
1.9018750000000182,1288,2404,312,3244
1.9024999999999181,1074,2256,92,3244
1.9031250000000455,-86,966,320,3244
1.9037499999999454,-136,864,480,3246
1.9043750000000728,-1004,-480,436,3246
1.9049999999999727,-1360,-832,384,3246
1.9056250000001,-1244,-1448,290,3246
1.90625,-1196,-1894,-82,3246
1.9068750000001273,-1294,-1774,314,3246
1.9075000000000273,-1256,-1724,266,3246
1.9081249999999272,176,-378,158,3246
1.9087500000000546,240,198,0,3246
1.9093749999999545,1280,1622,390,3246
1.9100000000000819,980,1034,142,3246
1.9106249999999818,1732,2714,460,3246
1.9112500000001091,1250,2310,200,3246
1.911875000000009,1730,3334,516,3246
1.912499999999909,780,1280,8,3246
1.9131250000000364,186,1080,356,3246
1.9137499999999363,-706,-736,332,3246
1.9143750000000637,-946,-1502,374,3246
1.9149999999999636,-1448,-2480,682,3246
1.915625000000091,-1864,-3172,626,3246
1.916249999999991,-962,-3216,176,3246
1.9168750000001182,-1300,-3136,60,3246
1.9175000000000182,-296,-1648,40,3246
1.9181249999999181,70,-834,134,3246
1.9187500000000455,1228,508,-230,3246
1.9193749999999454,696,640,28,3246
1.9200000000000728,1492,2192,286,3246
1.9206249999999727,1136,2048,180,3246
1.9212500000001,1592,3392,266,3246
1.921875,548,2222,484,3246
1.9225000000001273,270,1474,376,3246
1.9231250000000273,-864,170,332,3246
1.9237499999999272,-664,312,368,3246
1.9243750000000546,-996,-710,258,3246
1.9249999999999545,-1630,-2004,96,3246
1.9256250000000819,-1508,-1986,304,3246
1.9262499999999818,-1154,-1408,486,3246
1.9268750000001091,-354,-1060,300,3246
1.927500000000009,-144,-778,24,3246
1.928124999999909,820,1108,472,3246
1.9287500000000364,830,556,282,3246
1.9293749999999363,1326,1482,80,3246
1.9300000000000637,1446,2152,256,3246
1.9306249999999636,1820,2794,12,3246
1.931250000000091,760,1392,500,3246
1.931874999999991,584,914,242,3246
1.9325000000001182,-256,128,712,3246
1.9331250000000182,-636,-1010,508,3246
1.9337499999999181,-822,-1588,438,3246
1.9343750000000455,-1150,-2248,368,3246
1.9349999999999454,-1720,-3546,190,3246
1.9356250000000728,-1638,-3590,-230,3246
1.9362499999999727,-722,-1882,402,3246
1.9368750000001,-120,-1306,132,3246
1.9375,320,-896,-162,3246
1.9381250000001273,438,112,104,3246
1.9387500000000273,1392,1724,64,3246
1.9393749999999272,1202,1926,192,3246
1.9400000000000546,1566,3060,162,3246
1.9406249999999545,1274,3142,258,3246
1.9412500000000819,788,2246,346,3246
1.9418749999999818,-244,1070,308,3246
1.9425000000001091,-222,1570,456,3246
1.943125000000009,-866,-10,336,3246
1.943749999999909,-1344,-1292,196,3246
1.9443750000000364,-1772,-1990,370,3246
1.9449999999999363,-1536,-1902,512,3246
1.9456250000000637,-604,-1600,256,3246
1.9462499999999636,-1014,-1570,342,3246
1.946875000000091,58,-736,172,3246
1.947499999999991,-50,-682,258,3246
1.9481250000001182,1044,636,48,3246
1.9487500000000182,824,724,-112,3246
1.9493749999999181,1912,2280,154,3246
1.9500000000000455,1044,1458,308,3246
1.9506249999999454,1126,2020,728,3246
1.9512500000000728,452,578,508,3246
1.9518749999999727,828,810,460,3246
1.9525000000001,-886,-506,448,3246
1.953125,-760,-1138,272,3246
1.9537500000001273,-1176,-2374,234,3246
1.9543750000000273,-1462,-2572,148,3246
1.9549999999999272,-1650,-2828,138,3246
1.9556250000000546,-982,-2434,338,3246
1.9562499999999545,-386,-1684,0,3246
1.9568750000000819,-684,-1208,8,3246
1.9574999999999818,448,108,256,3246
1.9581250000001091,1438,1338,176,3246
1.958750000000009,1182,2148,78,3246
1.959374999999909,624,1970,238,3246
1.9600000000000364,1768,3198,6,3246
1.9606249999999363,1158,2956,214,3246
1.9612500000000637,552,2434,362,3246
1.9618749999999636,70,1298,554,3246
1.962500000000091,-170,732,392,3246
1.963124999999991,-1376,-850,566,3246
1.9637500000001182,-1378,-1424,536,3246
1.9643750000000182,-824,-1688,640,3246
1.9649999999999181,-1544,-2572,0,3246
1.9656250000000455,-1272,-2700,290,3246
1.9662499999999454,-786,-2176,-184,3246
1.9668750000000728,334,-436,262,3246
1.9674999999999727,188,-778,-126,3246
1.9681250000001,1638,1154,320,3246
1.96875,962,584,400,3246
1.9693750000001273,1330,1816,512,3246
1.9700000000000273,1564,1918,308,3246
1.9706249999999272,1592,2278,60,3246
1.9712500000000546,80,754,192,3246
1.9718749999999545,-236,352,604,3246
1.9725000000000819,-788,-1008,222,3246
1.9731249999999818,-1426,-2000,172,3246
1.9737500000001091,-1406,-2014,420,3246
1.974375000000009,-1396,-2458,56,3246
1.974999999999909,-1380,-2596,312,3246
1.9756250000000364,-1848,-2720,388,3242
1.9762499999999363,-160,-930,-36,3242
1.9768750000000637,300,-36,106,3242
1.9774999999999636,1134,1558,94,3242
1.978125000000091,992,1752,66,3242
1.978749999999991,1510,2600,92,3242
1.9793750000001182,1392,2804,86,3242
1.9800000000000182,1668,3672,376,3242
1.9806249999999181,878,2474,504,3242
1.9812500000000455,316,1614,366,3242
1.9818749999999454,-668,536,742,3242
1.9825000000000728,-580,-368,486,3242
1.9831249999999727,-1462,-2048,384,3242
1.9837500000001,-1432,-2216,288,3242
1.984375,-1476,-2792,190,3242
1.9850000000001273,-1520,-3004,222,3242
1.9856250000000273,-744,-2632,172,3242
1.9862499999999272,-272,-1592,472,3242
1.9868750000000546,656,-756,166,3242
1.9874999999999545,742,-58,104,3242
1.9881250000000819,1468,1636,380,3242
1.9887499999999818,1302,1526,118,3242
1.9893750000001091,2132,2702,-178,3242
1.990000000000009,704,1896,588,3242
1.990624999999909,342,1144,276,3242
1.9912500000000364,-232,418,424,3242
1.9918749999999363,-616,-360,206,3242
1.9925000000000637,-1390,-1610,290,3242
1.9931249999999636,-1560,-2154,416,3242
1.993750000000091,-1464,-2240,250,3241
1.994374999999991,-1826,-2250,256,3241
1.9950000000001182,-646,-1558,312,3241
1.9956250000000182,-156,-974,-312,3241
1.9962499999999181,460,692,212,3241
1.9968750000000455,536,1024,224,3241
1.9974999999999454,1388,2038,10,3241
1.9981250000000728,1048,2170,164,3241
1.9987499999999727,1908,3340,468,3241
1.9993750000001,1276,2324,296,3241
2.0,320,1674,664,3241
2.0006250000001273,-38,714,272,3241
2.0012500000000273,48,670,594,3241
2.0018749999999272,-904,-1324,190,3241
2.0025000000000546,-1400,-1978,136,3241
2.0031249999999545,-1110,-2344,182,3241
2.003750000000082,-1474,-2826,248,3241
2.004374999999982,-1104,-2914,494,3241
2.005000000000109,-496,-2100,398,3241
2.005625000000009,812,-708,184,3241
2.006249999999909,-30,-792,-48,3241
2.0068750000000364,1380,1442,68,3241
2.0074999999999363,1206,1446,362,3241
2.0081250000000637,1580,2056,-168,3241
2.0087499999999636,884,1806,128,3241
2.009375000000091,1230,2760,492,3241
2.009999999999991,-160,710,184,3241
2.0106250000001182,-296,576,394,3241
2.011250000000018,-836,-138,638,3241
2.011874999999918,-1278,-1344,380,3241
2.0125000000000455,-1772,-2072,372,3241
2.0131249999999454,-1620,-1562,254,3241
2.0137500000000728,-796,-1576,-64,3241
2.0143749999999727,-1216,-2076,64,3241
2.0150000000001,-14,-376,130,3241
2.015625,208,266,278,3241
2.0162500000001273,946,1162,358,3241
2.0168750000000273,1300,1724,58,3241
2.0174999999999272,1794,3202,572,3241
2.0181250000000546,1456,2056,412,3241
2.0187499999999545,1190,2034,104,3241
2.019375000000082,830,2014,406,3241
2.019999999999982,498,1142,156,3241
2.020625000000109,-294,-132,404,3241
2.021250000000009,-772,-1234,302,3241
2.021874999999909,-1668,-2496,816,3241
2.0225000000000364,-1214,-2868,178,3241
2.0231249999999363,-950,-2396,444,3241
2.0237500000000637,-904,-2410,374,3241
2.0243749999999636,-312,-2460,-220,3241
2.025000000000091,-532,-1884,-184,3241
2.025624999999991,382,70,428,3241
2.0262500000001182,960,724,64,3241
2.026875000000018,1838,2156,-172,3241
2.027499999999918,864,1660,212,3241
2.0281250000000455,1138,1918,22,3241
2.0287499999999454,700,2002,544,3241
2.0293750000000728,546,2240,388,3241
2.0299999999999727,-390,1080,384,3241
2.0306250000001,-456,264,390,3241
2.03125,-1440,-1136,258,3241
2.0318750000001273,-1576,-1114,320,3241
2.0325000000000273,-1466,-1956,356,3241
2.0331249999999272,-1396,-2216,-22,3241
2.0337500000000546,-1050,-1750,200,3241
2.0343749999999545,-926,-1438,402,3241
2.035000000000082,384,-354,150,3241
2.035624999999982,198,140,312,3241
2.036250000000109,1586,1658,108,3241
2.036875000000009,1110,1392,208,3241
2.037499999999909,1484,2290,344,3241
2.0381250000000364,946,1498,74,3241
2.0387499999999363,1396,2168,396,3241
2.0393750000000637,374,828,424,3241
2.0399999999999636,-66,466,730,3241
2.040625000000091,-638,-1158,486,3241
2.041249999999991,-610,-1320,500,3241
2.0418750000001182,-1656,-2414,388,3241
2.042500000000018,-1232,-2626,112,3241
2.043124999999918,-968,-2716,182,3241
2.0437500000000455,-1344,-2738,68,3241
2.0443749999999454,-540,-1742,0,3241
2.0450000000000728,442,-508,216,3241
2.0456249999999727,890,398,-164,3241
2.0462500000001,418,706,106,3254
2.046875,1480,2380,318,3254
2.0475000000001273,1858,3002,328,3254
2.0481250000000273,1152,2950,316,3254
2.0487499999999272,262,1968,390,3254
2.0493750000000546,656,2006,64,3254
2.0499999999999545,-442,982,376,3254
2.050625000000082,-922,82,390,3254
2.051249999999982,-872,-520,374,3254
2.051875000000109,-1422,-1466,358,3254
2.052500000000009,-1788,-2404,456,3254
2.053124999999909,-1452,-2278,254,3254
2.0537500000000364,-328,-1198,604,3254
2.0543749999999363,-446,-1552,-228,3254
2.0550000000000637,496,-80,336,3254
2.0556249999999636,606,-174,-108,3254
2.056250000000091,1322,1466,148,3254
2.056874999999991,1308,1430,36,3254
2.0575000000001182,2252,2848,298,3254
2.058125000000018,842,1122,396,3254
2.058749999999918,636,1262,710,3254
2.0593750000000455,530,578,416,3254
2.0599999999999454,-82,-150,68,3254
2.0606250000000728,-874,-1002,270,3254
2.0612499999999727,-1258,-1712,492,3254
2.0618750000001,-1418,-2784,42,3254
2.0625,-2028,-3518,34,3254
2.0631250000001273,-1074,-2358,244,3254
2.0637500000000273,-800,-1994,-58,3254
2.0643749999999272,-32,-918,296,3265
2.0650000000000546,-324,-680,320,3265
2.0656249999999545,964,1112,50,3265
2.066250000000082,1246,1802,120,3265
2.066874999999982,1842,3456,126,3265
2.067500000000109,1466,3130,70,3265
2.068125000000009,1074,2642,100,3265
2.068749999999909,490,2188,308,3265
2.0693750000000364,374,2098,608,3265
2.0699999999999363,-668,254,630,3265
2.0706250000000637,-954,-668,254,3265
2.0712499999999636,-1644,-1492,768,3265
2.071875000000091,-1490,-2290,222,3265
2.072499999999991,-1542,-3000,274,3265
2.0731250000001182,-1088,-2330,172,3265
2.073750000000018,-500,-1834,88,3265
2.074374999999918,-442,-1690,176,3265
2.0750000000000455,782,-202,204,3265
2.0756249999999454,1118,710,532,3265
2.0762500000000728,1852,1558,114,3265
2.0768749999999727,1318,1614,306,3265
2.0775000000001,1546,2374,416,3265
2.078125,828,1410,148,3265
2.0787500000001273,1040,1602,0,3265
2.0793750000000273,-512,222,620,3265
2.0799999999999272,-768,-886,332,3265
2.0806250000000546,-1204,-1704,214,3265
2.0812499999999545,-1322,-1950,220,3265
2.081875000000082,-1588,-2702,214,3265
2.082499999999982,-1278,-2464,254,3265
2.083125000000109,-760,-1620,194,3265
2.083750000000009,-810,-1160,142,3265
2.084374999999909,648,104,112,3265
2.0850000000000364,958,1086,-110,3265
2.0856249999999363,1392,2568,136,3265
2.0862500000000637,1216,2470,188,3265
2.0868749999999636,1672,3166,154,3265
2.087500000000091,826,2406,198,3265
2.088124999999991,1180,2982,604,3265
2.0887500000001182,352,1200,338,3265
2.089375000000018,-864,-144,532,3265
2.089999999999918,-900,-874,314,3265
2.0906250000000455,-1046,-1190,600,3265
2.0912499999999454,-1504,-2788,194,3265
2.0918750000000728,-1468,-2614,154,3265
2.0924999999999727,-672,-2130,192,3265
2.0931250000001,-1022,-2454,94,3265
2.09375,118,-1234,484,3265
2.0943750000001273,610,-408,388,3265
2.0950000000000273,1616,850,60,3265
2.0956249999999272,606,690,222,3265
2.0962500000000546,1876,2780,192,3265
2.0968749999999545,912,1646,352,3265
2.097500000000082,1112,1774,22,3265
2.098124999999982,182,1048,114,3265
2.098750000000109,134,1130,484,3265
2.099375000000009,-1052,-912,214,3265
2.099999999999909,-1188,-1094,326,3265
2.1006250000000364,-1324,-1460,624,3265
2.1012499999999363,-1748,-2678,414,3265
2.1018750000000637,-1218,-2120,174,3265
2.1024999999999636,-1250,-1410,134,3265
2.103125000000091,30,-472,14,3265
2.103749999999991,8,-506,-142,3265
2.1043750000001182,1142,1612,10,3265
2.105000000000018,950,1650,390,3265
2.105624999999918,1528,2470,318,3265
2.1062500000000455,1778,2928,158,3265
2.1068749999999454,1512,3436,626,3265
2.1075000000000728,1022,1840,424,3265
2.1081249999999727,454,1202,230,3265
2.1087500000001,-638,46,494,3265
2.109375,-454,-576,64,3265
2.1100000000001273,-832,-1212,546,3265
2.1106250000000273,-1344,-2496,108,3265
2.1112499999999272,-1490,-3130,608,3265
2.1118750000000546,-1080,-2864,270,3265
2.1124999999999545,-348,-1742,358,3265
2.113125000000082,-46,-1408,204,3265
2.113749999999982,1078,-70,-92,3265
2.114375000000109,300,-280,-130,3265
2.115000000000009,950,1390,312,3265
2.115624999999909,1430,1746,134,3265
2.1162500000000364,1928,2930,-132,3265
2.1168749999999363,568,1736,200,3265
2.1175000000000637,662,1598,274,3265
2.1181249999999636,-180,782,494,3281
2.118750000000091,-872,316,578,3281
2.119374999999991,-1040,-628,328,3281
2.1200000000001182,-986,-1100,212,3281
2.120625000000018,-1692,-2118,374,3281
2.121249999999918,-2166,-2338,306,3281
2.1218750000000455,-480,-1212,30,3281
2.1224999999999454,-412,-878,66,3281
2.1231250000000728,0,-312,214,3281
2.1237499999999727,154,184,312,3281
2.1243750000001,1396,1590,194,3281
2.125,884,1616,374,3281
2.1256250000001273,2060,2900,130,3281
2.1262500000000273,1264,2240,432,3281
2.1268749999999272,1016,1980,364,3281
2.1275000000000546,120,728,172,3281
2.1281249999999545,294,778,540,3281
2.128750000000082,-818,-966,404,3281
2.129374999999982,-1072,-1472,676,3281
2.130000000000109,-1338,-2786,400,3281
2.130625000000009,-1380,-2844,388,3281
2.131249999999909,-1720,-3346,384,3281
2.1318750000000364,-630,-2406,-14,3281
2.1324999999999363,202,-1350,-28,3281
2.1331250000000637,-374,-1228,92,3281
2.1337499999999636,740,372,24,3281
2.134375000000091,1418,1484,136,3281
2.134999999999991,1644,2354,-48,3281
2.1356250000001182,798,1912,180,3281
2.136250000000018,1424,3042,352,3284
2.136874999999918,754,2358,452,3284
2.1375000000000455,-50,1574,320,3284
2.1381249999999454,-644,340,392,3284
2.1387500000000728,-690,-144,150,3284
2.1393749999999727,-1562,-1158,330,3284
2.1400000000001,-1898,-1896,400,3284
2.140625,-1088,-1776,382,3284
2.1412500000001273,-1124,-1766,186,3284
2.1418750000000273,-510,-1412,254,3284
2.1424999999999272,-376,-1162,248,3284
2.1431250000000546,960,646,292,3284
2.1437499999999545,1068,1146,-74,3284
2.144375000000082,1970,2808,432,3284
2.144999999999982,1418,1546,-128,3284
2.145625000000109,1690,2954,320,3284
2.146250000000009,772,1458,224,3284
2.146874999999909,816,1368,444,3284
2.1475000000000364,-540,-558,608,3284
2.1481249999999363,-832,-1116,706,3284
2.1487500000000637,-1224,-2524,358,3284
2.1493749999999636,-1676,-3036,194,3284
2.150000000000091,-1192,-2556,150,3284
2.150624999999991,-1546,-2948,340,3284
2.1512500000001182,-284,-2170,-114,3284
2.151875000000018,-484,-1636,-58,3284
2.152499999999918,592,130,126,3284
2.1531250000000455,826,802,-8,3284
2.1537499999999454,1876,2778,132,3284
2.1543750000000728,948,2154,448,3284
2.1549999999999727,1360,2832,246,3284
2.1556250000001,648,2250,284,3284
2.15625,540,2636,390,3284
2.1568750000001273,-196,1132,192,3284
2.1575000000000273,-860,-64,256,3284
2.1581249999999272,-1568,-1200,346,3284
2.1587500000000546,-1330,-1136,532,3284
2.1593749999999545,-1184,-1840,502,3284
2.160000000000082,-1436,-2312,78,3284
2.160624999999982,-810,-1408,586,3284
2.161250000000109,-320,-1316,200,3284
2.161875000000009,424,-302,58,3284
2.162499999999909,794,426,32,3284
2.1631250000000364,1702,1870,-42,3284
2.1637499999999363,1022,1156,272,3284
2.1643750000000637,1508,1930,180,3284
2.1649999999999636,1154,1960,752,3284
2.165625000000091,896,1182,342,3284
2.166249999999991,-16,112,440,3284
2.1668750000001182,-574,-640,642,3284
2.167500000000018,-1280,-2252,154,3284
2.168124999999918,-1164,-2214,-106,3284
2.1687500000000455,-1270,-2112,520,3284
2.1693749999999454,-1220,-2512,234,3284
2.1700000000000728,-768,-2584,20,3284
2.1706249999999727,-874,-1984,12,3284
2.1712500000001,360,-230,58,3284
2.171875,616,414,260,3284
2.1725000000001273,1430,2152,80,3284
2.1731250000000273,1142,2452,186,3284
2.1737499999999272,1276,2474,190,3284
2.1743750000000546,948,2434,104,3284
2.1749999999999545,922,3534,456,3284
2.175625000000082,476,1954,374,3284
2.176249999999982,-330,484,128,3284
2.176875000000109,-1440,-720,348,3284
2.177500000000009,-1382,-1016,744,3284
2.178124999999909,-814,-1550,294,3284
2.1787500000000364,-1560,-2066,286,3284
2.1793749999999363,-1110,-2240,248,3284
2.1800000000000637,-1166,-2240,316,3284
2.1806249999999636,210,-924,62,3284
2.181250000000091,316,-338,0,3284
2.181874999999991,1464,1114,214,3284
2.1825000000001182,1304,1056,14,3284
2.183125000000018,1502,2208,580,3284
2.183749999999918,1028,1350,414,3284
2.1843750000000455,1428,1836,414,3284
2.1849999999999454,-128,580,404,3284
2.1856250000000728,-276,-38,356,3284
2.1862499999999727,-1172,-1760,458,3284
2.1868750000001,-1666,-2632,108,3284
2.1875,-1738,-2776,178,3284
2.1881250000001273,-1402,-2696,378,3284
2.1887500000000273,-1020,-2598,24,3284
2.1893749999999272,-1144,-2118,-14,3284
2.1900000000000546,110,-438,320,3270
2.1906249999999545,942,540,170,3270
2.191250000000082,1250,1898,152,3270
2.191874999999982,938,2230,212,3270
2.192500000000109,1838,3404,-68,3270
2.193125000000009,1252,3104,272,3270
2.193749999999909,1054,3148,286,3270
2.1943750000000364,254,1986,542,3270
2.1949999999999363,-370,676,534,3270
2.1956250000000637,-1072,-580,460,3270
2.1962499999999636,-1660,-1712,446,3270
2.196875000000091,-978,-1794,704,3270
2.197499999999991,-1196,-2190,0,3270
2.1981250000001182,-1258,-2466,424,3270
2.198750000000018,-716,-2286,-200,3270
2.199374999999918,364,-340,264,3270
2.2000000000000455,524,-256,-26,3270
2.2006249999999454,1526,1072,166,3270
2.2012500000000728,1400,1216,346,3270
2.2018749999999727,1250,1878,586,3270
2.2025000000001,1006,1194,334,3270
2.203125,1366,1736,44,3270
2.2037500000001273,-196,336,210,3270
2.2043750000000273,-640,-236,516,3270
2.2049999999999272,-858,-1404,166,3270
2.2056250000000546,-1330,-2082,128,3270
2.2062499999999545,-1368,-2180,224,3270
2.206875000000082,-1110,-2008,134,3270
2.207499999999982,-786,-1936,290,3270
2.208125000000109,-1326,-1946,322,3255
2.208750000000009,140,-566,134,3255
2.209374999999909,626,464,56,3255
2.2100000000000364,1422,2212,2,3255
2.2106249999999363,1018,2188,44,3255
2.2112500000000637,1254,2690,70,3255
2.2118749999999636,968,2450,214,3255
2.212500000000091,1126,2896,564,3255
2.213124999999991,124,1402,544,3255
2.2137500000001182,-350,486,370,3255
2.214375000000018,-1164,-456,740,3255
2.214999999999918,-794,-950,384,3255
2.2156250000000455,-1644,-2614,328,3255
2.2162499999999454,-1224,-2382,138,3255
2.2168750000000728,-788,-2148,10,3255
2.2174999999999727,-912,-2144,292,3255
2.2181250000001,-68,-1656,182,3255
2.21875,580,-276,532,3255
2.2193750000001273,1468,728,126,3255
2.2200000000000273,1028,902,180,3255
2.2206249999999272,1544,2180,366,3255
2.2212500000000546,1074,1552,154,3255
2.2218749999999545,1388,1914,-110,3255
2.222500000000082,-152,752,540,3255
2.223124999999982,-222,132,424,3255
2.223750000000109,-1028,-1198,306,3255
2.224375000000009,-1124,-1448,256,3255
2.224999999999909,-1516,-2336,258,3255
2.2256250000000364,-1560,-2644,320,3255
2.2262499999999363,-1252,-2408,266,3254
2.2268750000000637,-1162,-1668,226,3254
2.2274999999999636,282,-432,104,3254
2.228125000000091,644,584,-116,3254
2.228749999999991,1350,2466,120,3254
2.2293750000001182,1150,2286,210,3254
2.230000000000018,2024,3382,78,3254
2.230624999999918,1026,2768,234,3254
2.2312500000000455,1318,3350,634,3254
2.2318749999999454,434,1332,438,3254
2.2325000000000728,-354,688,582,3254
2.2331249999999727,-940,-714,332,3254
2.2337500000001,-988,-960,618,3254
2.234375,-1332,-2520,64,3254
2.2350000000001273,-1498,-2540,194,3254
2.2356250000000273,-772,-2110,268,3254
2.2362499999999272,-1022,-2506,28,3254
2.2368750000000546,192,-1192,424,3254
2.2374999999999545,610,-354,384,3254
2.238125000000082,1608,896,142,3254
2.238749999999982,668,674,114,3254
2.239375000000109,1930,2796,160,3254
2.240000000000009,896,1644,398,3254
2.240624999999909,892,1580,90,3254
2.2412500000000364,34,874,166,3254
2.2418749999999363,-204,642,468,3254
2.2425000000000637,-1092,-1144,238,3254
2.2431249999999636,-1282,-1382,208,3254
2.243750000000091,-1326,-1664,502,3254
2.244374999999991,-1716,-2740,420,3254
2.2450000000001182,-1112,-2116,162,3254
2.245625000000018,-1136,-1288,228,3254
2.246249999999918,222,-204,-76,3254
2.2468750000000455,526,334,-122,3254
2.2474999999999454,1344,2170,50,3254
2.2481250000000728,1054,2030,428,3254
2.2487499999999727,1786,2994,288,3254
2.2493750000001,1614,3032,310,3254
2.25,966,2530,620,3254
2.2506250000001273,676,1308,582,3254
2.2512500000000273,234,858,262,3254
2.2518749999999272,-1276,-902,468,3254
2.2525000000000546,-890,-1286,56,3254
2.2531249999999545,-1014,-1588,550,3254
2.253750000000082,-1636,-2968,68,3254
2.254374999999982,-1250,-3140,516,3254
2.255000000000109,-1012,-2846,184,3254
2.255625000000009,32,-1128,402,3254
2.256249999999909,274,-944,160,3254
2.2568750000000364,1600,620,-184,3254
2.2574999999999363,612,322,-158,3254
2.2581250000000637,1154,2026,488,3254
2.2587499999999636,1630,2226,174,3254
2.259375000000091,1600,2830,30,3254
2.259999999999991,282,1398,236,3254
2.2606250000001182,182,1024,326,3254
2.261250000000018,-598,32,480,3254
2.261874999999918,-1528,-756,614,3240
2.2625000000000455,-1172,-1072,298,3240
2.2631249999999454,-1082,-1464,124,3240
2.2637500000000728,-1664,-2280,322,3240
2.2643749999999727,-1708,-2186,108,3240
2.2650000000001,-64,-698,14,3240
2.265625,100,-190,78,3240
2.2662500000001273,816,942,222,3240
2.2668750000000273,926,1374,300,3240
2.2674999999999272,1758,2470,324,3240
2.2681250000000546,1170,2370,364,3240
2.2687499999999545,1966,3296,302,3240
2.269375000000082,988,2110,424,3240
2.269999999999982,480,1232,286,3240
2.270625000000109,-466,-20,252,3240
2.271250000000009,-856,-896,488,3240
2.271874999999909,-1458,-2332,424,3240
2.2725000000000364,-1542,-2496,614,3240
2.2731249999999363,-1456,-3388,388,3240
2.2737500000000637,-1538,-3392,200,3240
2.2743749999999636,-792,-2624,266,3240
2.275000000000091,-70,-1658,0,3240
2.275624999999991,1052,-54,-108,3240
2.2762500000001182,550,342,246,3240
2.276875000000018,1148,1478,90,3240
2.277499999999918,1312,2048,246,3240
2.2781250000000455,1716,2978,14,3240
2.2787499999999454,692,2162,238,3240
2.2793750000000728,172,1468,454,3240
2.2799999999999727,-288,836,514,3240
2.2806250000001,-1074,-188,354,3240
2.28125,-1230,-982,374,3240
2.2818750000001273,-1346,-1752,54,3240
2.2825000000000273,-1518,-1748,268,3240
2.2831249999999272,-1808,-2276,222,3240
2.2837500000000546,-298,-1048,222,3240
2.2843749999999545,-198,-406,160,3240
2.285000000000082,586,428,320,3240
2.285624999999982,816,680,244,3240
2.286250000000109,1328,1894,396,3240
2.286875000000009,1178,1794,54,3240
2.287499999999909,1986,3204,444,3240
2.2881250000000364,1170,1800,-14,3240
2.2887499999999363,326,1204,384,3240
2.2893750000000637,-336,-230,284,3240
2.2899999999999636,-276,-434,320,3240
2.290625000000091,-1150,-1948,566,3240
2.291249999999991,-1238,-2206,598,3240
2.2918750000001182,-1042,-2980,248,3240
2.292500000000018,-1744,-3478,54,3240
2.293124999999918,-494,-1746,206,3240
2.2937500000000455,-254,-1246,218,3240
2.2943749999999454,846,-126,-136,3240
2.2950000000000728,660,246,-112,3240
2.2956249999999727,1166,1730,170,3240
2.2962500000001,846,1440,102,3240
2.296875,1624,2944,220,3253
2.2975000000001273,796,2490,518,3253
2.2981250000000273,336,1720,510,3253
2.2987499999999272,-504,582,280,3253
2.2993750000000546,-500,816,434,3253
2.2999999999999545,-1200,-862,140,3253
2.300625000000082,-1608,-1992,34,3253
2.301249999999982,-1350,-1574,284,3253
2.301875000000109,-1320,-1508,578,3253
2.302500000000009,-944,-2232,328,3253
2.303124999999909,-128,-1060,14,3253
2.3037500000000364,374,566,630,3253
2.3043749999999363,752,350,238,3253
2.3050000000000637,1670,1758,16,3253
2.3056249999999636,1504,2204,180,3253
2.306250000000091,1904,2752,16,3253
2.306874999999991,1014,1726,420,3253
2.3075000000001182,904,1562,282,3253
2.308125000000018,-280,156,738,3253
2.308749999999918,-182,-630,408,3253
2.3093750000000455,-1136,-1802,424,3253
2.3099999999999454,-1452,-2534,558,3253
2.3106250000000728,-1474,-3554,62,3253
2.3112499999999727,-1566,-3216,-106,3253
2.3118750000001,-1024,-2496,398,3253
2.3125,-270,-1686,136,3253
2.3131250000001273,654,-362,-134,3253
2.3137500000000273,248,78,0,3253
2.3143749999999272,1822,2312,34,3253
2.3150000000000546,1432,2396,302,3253
2.3156249999999545,1338,2930,208,3253
2.316250000000082,808,2552,278,3253
2.316874999999982,868,2456,294,3253
2.317500000000109,-468,872,206,3253
2.318125000000009,-764,808,514,3253
2.318749999999909,-832,-478,310,3253
2.3193750000000364,-1394,-1634,120,3253
2.3199999999999363,-1660,-1912,376,3253
2.3206250000000637,-1394,-1702,500,3253
2.3212499999999636,-612,-1902,232,3253
2.321875000000091,-544,-1280,256,3253
2.322499999999991,624,98,116,3253
2.3231250000001182,302,96,290,3253
2.323750000000018,1600,1442,10,3253
2.324374999999918,1080,1344,56,3253
2.3250000000000455,1640,2240,302,3253
2.3256249999999454,876,1270,232,3253
2.3262500000000728,714,1600,694,3253
2.3268749999999727,-30,-96,466,3253
2.3275000000001,6,-378,450,3253
2.328125,-1242,-1608,406,3253
2.3287500000001273,-1080,-2020,290,3253
2.3293750000000273,-1152,-2658,228,3253
2.3299999999999272,-1522,-2906,94,3253
2.3306250000000546,-1074,-2414,62,3253
2.3312499999999545,-126,-1242,300,3253
2.331875000000082,524,-254,-168,3253
2.332499999999982,24,102,32,3253
2.333125000000109,1220,1720,254,3253
2.333750000000009,1904,2714,328,3253
2.334374999999909,1286,2876,192,3253
2.3350000000000364,442,2098,292,3253
2.3356249999999363,1106,2618,32,3253
2.3362500000000637,-50,1604,324,3253
2.3368749999999636,-704,546,388,3253
2.337500000000091,-762,-228,534,3253
2.338124999999991,-1268,-1100,354,3253
2.3387500000001182,-1856,-2206,560,3253
2.339375000000018,-1520,-2382,290,3253
2.339999999999918,-498,-1574,552,3253
2.3406250000000455,-760,-1872,-164,3253
2.3412499999999454,184,-666,208,3253
2.3418750000000728,344,-610,-192,3253
2.3424999999999727,1362,1428,188,3253
2.3431250000001,1386,1408,0,3253
2.34375,2210,2688,320,3253
2.3443750000001273,852,1088,448,3253
2.3450000000000273,998,1864,646,3253
2.3456249999999272,294,358,394,3253
2.3462500000000546,120,36,142,3253
2.3468749999999545,-1006,-1138,318,3253
2.347500000000082,-1432,-1792,576,3253
2.348124999999982,-1344,-2880,36,3253
2.348750000000109,-1958,-3528,78,3253
2.349375000000009,-1060,-2476,186,3253
2.349999999999909,-1090,-2464,-20,3253
2.3506250000000364,208,-768,124,3253
2.3512499999999363,-218,-382,278,3253
2.3518750000000637,1060,1382,60,3253
2.3524999999999636,1280,2010,128,3253
2.353125000000091,2046,3910,132,3253
2.353749999999991,1030,2636,112,3253
2.3543750000001182,910,2592,178,3253
2.355000000000018,398,2142,376,3253
2.355624999999918,148,1630,650,3253
2.3562500000000455,-634,-72,562,3253
2.3568749999999454,-1082,-848,358,3253
2.3575000000000728,-1850,-1820,760,3253
2.3581249999999727,-1226,-2080,224,3253
2.3587500000001,-968,-2290,182,3253
2.359375,-1024,-2164,178,3253
2.3600000000001273,178,-1114,-176,3253
2.3606250000000273,-122,-980,252,3253
2.3612499999999272,874,230,154,3253
2.3618750000000546,1312,1196,534,3253
2.3624999999999545,2012,2132,228,3253
2.363125000000082,970,1266,372,3253
2.363749999999982,910,1468,520,3253
2.364375000000109,518,928,276,3253
2.365000000000009,202,510,58,3253
2.365624999999909,-728,-486,576,3253
2.3662500000000364,-932,-1282,366,3253
2.3668749999999363,-1600,-2496,256,3253
2.3675000000000637,-1428,-2432,10,3253
2.3681249999999636,-898,-1982,124,3253
2.368750000000091,-1002,-2006,286,3253
2.369374999999991,-468,-1394,62,3255
2.3700000000001182,-146,-412,190,3255
2.370625000000018,912,988,152,3255
2.371249999999918,1158,1670,-160,3255
2.3718750000000455,1850,3678,170,3255
2.3724999999999454,1292,2832,320,3255
2.3731250000000728,1182,2500,88,3255
2.3737499999999727,392,2080,400,3255
2.3743750000001,668,2488,714,3255
2.375,-24,616,462,3255
2.3756250000001273,-1020,-630,454,3255
2.3762500000000273,-1522,-1776,328,3255
2.3768749999999272,-1804,-2408,596,3255
2.3775000000000546,-984,-2340,14,3255
2.3781249999999545,-1216,-2316,54,3255
2.378750000000082,-230,-1662,194,3255
2.379374999999982,-406,-1770,24,3255
2.380000000000109,820,188,438,3255
2.380625000000009,954,400,380,3255
2.381249999999909,2258,2036,248,3255
2.3818750000000364,1176,1684,170,3255
2.3824999999999363,1182,2214,348,3255
2.3831250000000637,500,1012,460,3255
2.3837499999999636,308,744,44,3255
2.384375000000091,-558,122,268,3255
2.384999999999991,-964,-902,468,3255
2.3856250000001182,-1492,-2156,132,3255
2.386250000000018,-1932,-2494,204,3255
2.386874999999918,-1608,-2458,450,3254
2.3875000000000455,-1036,-2354,258,3254
2.3881249999999454,-718,-1478,262,3254
2.3887500000000728,-736,-724,128,3254
2.3893749999999727,924,670,-162,3254
2.3900000000001,1260,1618,32,3254
2.390625,1496,2914,192,3254
2.3912500000001273,1592,2980,442,3254
2.3918750000000273,1878,3582,360,3254
2.3924999999999272,952,2676,368,3254
2.3931250000000546,786,2326,626,3254
2.3937499999999545,72,806,678,3254
2.394375000000082,-668,-622,84,3254
2.394999999999982,-1586,-1778,504,3254
2.395625000000109,-1532,-2562,-40,3254
2.396250000000009,-852,-1882,346,3254
2.396874999999909,-1022,-2332,22,3254
2.3975000000000364,-604,-2294,426,3254
2.3981249999999363,-290,-2074,132,3254
2.3987500000000637,556,-124,472,3254
2.3993749999999636,1016,416,304,3254
2.400000000000091,1964,1504,-226,3254
2.400624999999991,1212,1574,-18,3254
2.4012500000001182,902,2192,606,3254
2.401875000000018,746,1328,122,3254
2.402499999999918,836,1678,112,3254
2.4031250000000455,-466,496,294,3254
2.4037499999999454,-732,-398,294,3254
2.4043750000000728,-1134,-1286,478,3254
2.4049999999999727,-1612,-1644,476,3254
2.4056250000001,-1676,-2348,340,3254
2.40625,-968,-1734,150,3254
2.4068750000001273,-544,-1142,88,3254
2.4075000000000273,-912,-1022,64,3254
2.4081249999999272,676,330,-44,3254
2.4087500000000546,1018,1272,90,3254
2.4093749999999545,1490,2350,294,3254
2.410000000000082,1096,2158,364,3254
2.410624999999982,1550,2778,344,3254
2.411250000000109,564,2006,596,3254
2.411875000000009,1262,2360,300,3254
2.412499999999909,36,776,482,3254
2.4131250000000364,-398,-176,262,3254
2.4137499999999363,-944,-1194,128,3254
2.4143750000000637,-1148,-1766,424,3254
2.4149999999999636,-1552,-2932,366,3254
2.415625000000091,-1280,-2640,552,3254
2.416249999999991,-586,-2522,248,3254
2.4168750000001182,-808,-2296,230,3254
2.417500000000018,-68,-1402,284,3254
2.418124999999918,772,-250,-6,3254
2.4187500000000455,1566,1128,-136,3254
2.4193749999999454,588,938,210,3254
2.4200000000000728,1576,2476,148,3254
2.4206249999999727,1298,2370,364,3254
2.4212500000001,1082,2240,28,3254
2.421875,-50,1088,318,3254
2.4225000000001273,-34,1020,446,3254
2.4231250000000273,-974,-342,466,3254
2.4237499999999272,-1374,-794,478,3254
2.4243750000000546,-1192,-1410,326,3254
2.4249999999999545,-1486,-2212,-24,3254
2.425625000000082,-1276,-1728,414,3254
2.426249999999982,-1298,-1700,256,3254
2.426875000000109,244,-458,40,3254
2.427500000000009,264,352,128,3254
2.428124999999909,1298,1664,286,3254
2.4287500000000364,968,1152,262,3254
2.4293749999999363,1742,2764,362,3254
2.4300000000000637,1278,2398,98,3254
2.4306249999999636,1786,3346,640,3254
2.431250000000091,604,968,-28,3254
2.431874999999991,220,1098,434,3254
2.4325000000001182,-750,-850,374,3254
2.433125000000018,-814,-1316,296,3254
2.433749999999918,-1280,-2416,524,3254
2.4343750000000455,-1708,-3088,534,3254
2.4349999999999454,-802,-3000,270,3254
2.4356250000000728,-1216,-2882,36,3254
2.4362499999999727,-190,-1298,206,3254
2.4368750000001,268,-552,214,3254
2.4375,1282,674,-236,3254
2.4381250000001273,802,892,54,3254
2.4387500000000273,1504,2390,138,3254
2.4393749999999272,1068,2048,98,3254
2.4400000000000546,1188,2566,226,3254
2.4406249999999545,260,1718,434,3241
2.441250000000082,114,1304,526,3241
2.441874999999982,-1022,-110,476,3241
2.442500000000109,-964,-44,372,3241
2.443125000000009,-1074,-1008,184,3241
2.443749999999909,-1700,-2172,134,3241
2.4443750000000364,-1420,-2092,158,3241
2.4449999999999363,-1052,-1362,492,3241
2.4456250000000637,-190,-910,304,3241
2.4462499999999636,-104,-692,-6,3241
2.446875000000091,918,1368,578,3241
2.447499999999991,1006,828,274,3241
2.4481250000001182,1580,1984,32,3241
2.448750000000018,1508,2556,342,3241
2.449374999999918,1386,2106,0,3241
2.4500000000000455,440,1012,470,3241
2.4506249999999454,356,706,338,3241
2.4512500000000728,-872,-856,748,3241
2.4518749999999727,-682,-1506,348,3241
2.4525000000001,-974,-1856,570,3241
2.453125,-1442,-2692,500,3241
2.4537500000001273,-1064,-3422,-62,3241
2.4543750000000273,-1264,-2848,-112,3241
2.4549999999999272,-352,-1214,316,3241
2.4556250000000546,86,-920,76,3241
2.4562499999999545,1356,766,-144,3241
2.456875000000082,578,614,-58,3241
2.457499999999982,1484,2156,102,3241
2.458125000000109,1408,2444,298,3241
2.458750000000009,1256,3270,314,3241
2.459374999999909,532,2284,390,3241
2.4600000000000364,302,1436,256,3241
2.4606249999999363,-838,200,288,3241
2.4612500000000637,-1310,-62,494,3241
2.4618749999999636,-836,-730,270,3241
2.462500000000091,-1364,-1728,96,3241
2.463124999999991,-1898,-2448,444,3241
2.4637500000001182,-1642,-2410,352,3241
2.464375000000018,-74,-1076,260,3241
2.464999999999918,-316,-744,236,3241
2.4656250000000455,1046,584,14,3241
2.4662499999999454,928,832,322,3241
2.4668750000000728,1560,1748,40,3241
2.4674999999999727,1176,1686,50,3241
2.4681250000001,1846,2862,380,3241
2.46875,870,1564,352,3241
2.4693750000001273,470,1206,706,3241
2.4700000000000273,-430,-562,578,3241
2.4706249999999272,-640,-1216,508,3241
2.4712500000000546,-1646,-2388,376,3241
2.4718749999999545,-1298,-2564,206,3241
2.472500000000082,-1504,-3374,176,3241
2.473124999999982,-1810,-3414,76,3241
2.473750000000109,-838,-2344,108,3241
2.474375000000009,-36,-1284,110,3241
2.474999999999909,636,-50,-40,3241
2.4756250000000364,674,830,52,3241
2.4762499999999363,1162,2000,224,3242
2.4768750000000637,1552,2560,370,3242
2.4774999999999636,1488,3452,192,3242
2.478125000000091,618,2500,258,3242
2.478749999999991,344,1744,192,3242
2.4793750000001182,-344,1026,450,3242
2.480000000000018,-970,24,386,3242
2.480624999999918,-792,-490,440,3242
2.4812500000000455,-1180,-1206,302,3242
2.4818749999999454,-1570,-2124,336,3242
2.4825000000000728,-1664,-2588,320,3242
2.4831249999999727,-60,-1066,460,3242
2.4837500000001,-78,-836,-122,3242
2.484375,592,150,372,3242
2.4850000000001273,988,278,-236,3242
2.4856250000000273,1336,1654,262,3242
2.4862499999999272,1098,1338,136,3242
2.4868750000000546,2004,2646,250,3242
2.4874999999999545,992,1426,446,3242
2.488125000000082,326,878,734,3242
2.488749999999982,-186,-484,402,3242
2.489375000000109,-480,-974,208,3242
2.490000000000009,-1408,-2016,298,3242
2.490624999999909,-1506,-2314,376,3242
2.4912500000000364,-1130,-2708,94,3242
2.4918749999999363,-1656,-3188,-10,3242
2.4925000000000637,-696,-1962,68,3242
2.4931249999999636,-300,-1088,88,3242
2.493750000000091,674,250,70,3254
2.494374999999991,202,424,238,3254
2.4950000000001182,1584,2490,284,3254
2.495625000000018,1282,2400,148,3254
2.496249999999918,1664,3550,216,3254
2.4968750000000455,886,2624,146,3254
2.4974999999999454,202,1752,224,3254
2.4981250000000728,-330,896,290,3254
2.4987499999999727,-338,692,558,3254
2.4993750000001,-1326,-1142,548,3254
2.5,-1390,-1748,296,3254
2.5006250000001273,-1480,-1656,668,3254
2.5012500000000273,-1210,-2194,330,3254
2.5018749999999272,-960,-2492,220,3254
2.5025000000000546,-42,-1194,56,3254
2.5031249999999545,586,-148,-192,3254
2.503750000000082,328,-122,246,3254
2.504374999999982,1534,1318,50,3254
2.505000000000109,1594,1856,618,3254
2.505625000000009,1770,1948,364,3254
2.506249999999909,732,1140,416,3254
2.5068750000000364,790,1596,582,3254
2.5074999999999363,-70,-58,202,3254
2.5081250000000637,-308,-416,-16,3254
2.5087499999999636,-1216,-1422,482,3254
2.509375000000091,-1302,-2176,362,3254
2.509999999999991,-1692,-3160,114,3254
2.5106250000001182,-1628,-2750,80,3254
2.511250000000018,-566,-1962,132,3254
2.511874999999918,-526,-1640,192,3254
2.5125000000000455,236,-192,158,3254
2.5131249999999454,180,392,66,3254
2.5137500000000728,1596,2086,-48,3254
2.5143749999999727,1378,2552,8,3254
2.5150000000001,1752,4076,288,3254
2.515625,1198,2816,374,3254
2.5162500000001273,984,2550,188,3254
2.5168750000000273,-476,1044,354,3254
2.5174999999999272,-220,1132,728,3254
2.5181250000000546,-586,-490,448,3254
2.5187499999999545,-1792,-1834,310,3254
2.519375000000082,-1612,-2412,346,3254
2.519999999999982,-1464,-2384,436,3254
2.520625000000109,-668,-2312,-96,3254
2.521250000000009,-812,-1956,70,3254
2.521874999999909,654,-486,172,3254
2.5225000000000364,156,-746,-18,3254
2.5231249999999363,1492,1320,386,3254
2.5237500000000637,1372,1370,478,3254
2.5243749999999636,1768,1832,252,3254
2.525000000000091,432,898,224,3254
2.525624999999991,1038,1896,384,3254
2.5262500000001182,-436,-184,414,3254
2.526875000000018,-394,-498,174,3254
2.527499999999918,-986,-1094,194,3254
2.5281250000000455,-1384,-2000,448,3254
2.5287499999999454,-1536,-2786,152,3254
2.5293750000000728,-1530,-2396,88,3268
2.5299999999999727,-758,-1558,320,3268
2.5306250000001,-546,-1574,248,3268
2.53125,370,-78,32,3268
2.5318750000001273,-50,404,152,3268
2.5325000000000273,1314,1864,-14,3268
2.5331249999999272,1724,2658,48,3268
2.5337500000000546,1664,3752,292,3268
2.5343749999999545,1020,2714,490,3268
2.535000000000082,956,2422,374,3268
2.535624999999982,22,1336,432,3268
2.536250000000109,-238,694,608,3268
2.536875000000009,-460,-510,568,3268
2.537499999999909,-1194,-1642,128,3268
2.5381250000000364,-1902,-2740,562,3268
2.5387499999999363,-1304,-2528,-86,3268
2.5393750000000637,-426,-1556,244,3268
2.5399999999999636,-854,-2210,-48,3268
2.540625000000091,568,-680,252,3268
2.541249999999991,440,-692,192,3268
2.5418750000001182,1092,996,524,3268
2.542500000000018,1606,1438,284,3268
2.543124999999918,2154,2538,24,3268
2.5437500000000455,636,1260,94,3268
2.5443749999999454,384,1430,566,3268
2.5450000000000728,198,626,224,3268
2.5456249999999727,-640,-398,182,3268
2.5462500000001,-1150,-1138,250,3268
2.546875,-1288,-1726,160,3268
2.5475000000001273,-1598,-2542,398,3268
2.5481250000000273,-2298,-3100,390,3267
2.5487499999999272,-830,-1712,206,3267
2.5493750000000546,-332,-1104,46,3267
2.5499999999999545,528,390,94,3267
2.550625000000082,428,746,36,3267
2.551249999999982,1322,2048,-6,3267
2.551875000000109,1402,2570,190,3267
2.552500000000009,1996,3788,392,3267
2.553124999999909,1216,2862,492,3267
2.5537500000000364,844,2240,342,3267
2.5543749999999363,-130,1358,726,3267
2.5550000000000637,-144,482,500,3267
2.5556249999999636,-834,-964,378,3267
2.556250000000091,-1184,-1652,224,3267
2.556874999999991,-1368,-2624,-34,3267
2.5575000000001182,-1670,-3042,232,3267
2.558125000000018,-730,-2450,180,3267
2.558749999999918,-526,-1742,516,3267
2.5593750000000455,884,-552,264,3267
2.5599999999999454,218,-596,196,3267
2.5606250000000728,1052,1022,424,3267
2.5612499999999727,1478,1456,100,3267
2.5618750000001,1970,2658,-126,3267
2.5625,520,1368,326,3267
2.5631250000001273,452,1120,380,3267
2.5637500000000273,-122,476,240,3267
2.5643749999999272,-680,-170,274,3267
2.5650000000000546,-994,-1014,284,3267
2.5656249999999545,-1296,-1742,278,3279
2.566250000000082,-1816,-2428,438,3279
2.566874999999982,-1998,-2560,192,3279
2.567500000000109,-320,-1114,84,3279
2.568125000000009,-168,-648,-22,3279
2.568749999999909,162,224,286,3279
2.5693750000000364,674,900,188,3279
2.5699999999999363,1468,2090,182,3279
2.5706250000000637,1006,2182,230,3279
2.5712499999999636,2048,3582,378,3279
2.571875000000091,1174,2218,412,3279
2.572499999999991,462,1502,384,3279
2.5731250000001182,-114,738,276,3279
2.573750000000018,-162,746,646,3279
2.574374999999918,-506,-930,-34,3279
2.5750000000000455,-1246,-1602,270,3279
2.5756249999999454,-1306,-2392,384,3279
2.5762500000000728,-1714,-3220,62,3279
2.5768749999999727,-712,-2252,588,3279
2.5775000000001,-558,-1838,448,3279
2.578125,596,-1050,162,3279
2.5787500000001273,66,-896,86,3279
2.5793750000000273,1054,1166,334,3279
2.5799999999999272,948,1030,234,3279
2.5806250000000546,1832,2238,-70,3279
2.5812499999999545,1172,2210,48,3279
2.581875000000082,704,2092,456,3279
2.582499999999982,-106,632,198,3279
2.583125000000109,20,974,240,3293
2.583750000000009,-920,-132,402,3293
2.584374999999909,-1156,-1326,404,3293
2.5850000000000364,-1446,-1710,326,3293
2.5856249999999363,-1594,-1424,374,3293
2.5862500000000637,-1242,-2110,162,3293
2.5868749999999636,-632,-1642,2,3293
2.587500000000091,-106,-228,190,3293
2.588124999999991,94,264,492,3293
2.5887500000001182,1220,1108,162,3293
2.589375000000018,1492,1958,72,3293
2.589999999999918,1568,2884,446,3293
2.5906250000000455,1402,2136,472,3293
2.5912499999999454,1734,2742,-28,3293
2.5918750000000728,292,1736,570,3293
2.5924999999999727,648,1166,-40,3293
2.5931250000001,-522,-298,386,3293
2.59375,-768,-1248,268,3293
2.5943750000001273,-1684,-2680,598,3293
2.5950000000000273,-1312,-2820,398,3293
2.5956249999999272,-1292,-2844,568,3293
2.5962500000000546,-802,-2508,342,3293
2.5968749999999545,-40,-2168,-46,3293
2.597500000000082,-522,-1710,-114,3293
2.598124999999982,828,518,190,3293
2.598750000000109,1186,1058,110,3293
2.599375000000009,1926,2358,-190,3293
2.599999999999909,870,1736,34,3293
2.6006250000000364,1712,3228,238,3293
2.6012499999999363,678,2064,316,3293
2.6018750000000637,238,2130,420,3293
2.6024999999999636,-370,950,380,3293
2.603125000000091,-584,206,358,3293
2.603749999999991,-1704,-1558,294,3293
2.6043750000001182,-2134,-1886,464,3293
2.605000000000018,-1138,-1670,198,3293
2.605624999999918,-1570,-2338,258,3293
2.6062500000000455,-732,-1706,304,3293
2.6068749999999454,-444,-918,386,3293
2.6075000000000728,908,438,72,3293
2.6081249999999727,610,966,366,3293
2.6087500000001,2014,2498,14,3293
2.609375,1064,1748,342,3293
2.6100000000001273,1632,2332,36,3293
2.6106250000000273,640,1386,62,3293
2.6112499999999272,800,1292,330,3293
2.6118750000000546,-218,-160,390,3293
2.6124999999999545,-728,-626,796,3293
2.613125000000082,-1266,-2462,542,3293
2.613749999999982,-1158,-2404,390,3293
2.614375000000109,-1328,-2578,416,3293
2.615000000000009,-1262,-2904,142,3293
2.615624999999909,-296,-2186,70,3293
2.6162500000000364,-668,-1848,44,3293
2.6168749999999363,322,-282,62,3293
2.6175000000000637,968,640,154,3293
2.6181249999999636,1844,2456,-38,3293
2.618750000000091,792,1764,120,3306
2.619374999999991,1080,2304,228,3306
2.6200000000001182,1344,2818,298,3306
2.620625000000018,560,2688,386,3306
2.621249999999918,-268,1062,276,3306
2.6218750000000455,-478,222,166,3306
2.6224999999999454,-1342,-572,602,3306
2.6231250000000728,-2112,-1976,470,3306
2.6237499999999727,-1024,-1520,470,3306
2.6243750000001,-1142,-1604,288,3306
2.625,-1280,-2244,292,3306
2.6256250000001273,-910,-1792,338,3306
2.6262500000000273,524,-72,306,3306
2.6268749999999272,690,520,-46,3306
2.6275000000000546,1792,2194,248,3306
2.6281249999999545,1286,1274,-286,3306
2.628750000000082,1268,2004,308,3306
2.629374999999982,1008,1514,232,3306
2.630000000000109,1338,2174,384,3306
2.630625000000009,-32,218,562,3306
2.631249999999909,-428,-428,678,3306
2.6318750000000364,-932,-1766,524,3306
2.6324999999999363,-1550,-2688,322,3306
2.6331250000000637,-1230,-2314,316,3306
2.6337499999999636,-1322,-2374,410,3306
2.634375000000091,-724,-2726,-80,3306
2.634999999999991,-1214,-2756,-186,3306
2.6356250000001182,56,-692,192,3306
2.636250000000018,340,-54,26,3306
2.636874999999918,1354,1546,-90,3306
2.6375000000000455,1002,1854,126,3297
2.6381249999999454,1382,2694,234,3297
2.6387500000000728,876,2130,244,3297
2.6393749999999727,1290,3384,426,3297
2.6400000000001,376,2098,294,3297
2.640625,-458,630,288,3297
2.6412500000001273,-966,-116,386,3297
2.6418750000000273,-930,-304,704,3297
2.6424999999999272,-1636,-2182,440,3297
2.6431250000000546,-1566,-2232,198,3297
2.6437499999999545,-1068,-1696,482,3297
2.644375000000082,-940,-1864,376,3297
2.644999999999982,-340,-1856,24,3297
2.645625000000109,454,-184,162,3297
2.646250000000009,1214,820,-226,3297
2.646874999999909,856,780,150,3297
2.6475000000000364,1996,2228,68,3297
2.6481249999999363,1436,2048,684,3297
2.6487500000000637,1630,1984,356,3297
2.6493749999999636,426,1010,590,3297
2.650000000000091,126,558,718,3297
2.650624999999991,-626,-1016,298,3297
2.6512500000001182,-812,-1328,96,3297
2.651875000000018,-1490,-2104,402,3297
2.652499999999918,-1350,-2482,268,3297
2.6531250000000455,-1438,-3136,58,3297
2.6537499999999454,-1310,-2566,-20,3297
2.6543750000000728,-252,-1406,140,3297
2.6549999999999727,10,-874,50,3297
2.6556250000001,654,504,16,3297
2.65625,480,976,148,3297
2.6568750000001273,1652,2478,54,3297
2.6575000000000273,1320,2678,0,3297
2.6581249999999272,1570,4076,390,3297
2.6587500000000546,1036,2770,360,3297
2.6593749999999545,632,2184,438,3297
2.660000000000082,-642,606,436,3297
2.660624999999982,-526,590,742,3297
2.661250000000109,-576,-660,376,3297
2.661875000000009,-1812,-1964,440,3297
2.662499999999909,-1548,-2432,242,3297
2.6631250000000364,-1538,-2426,454,3297
2.6637499999999363,-506,-2182,-206,3297
2.6643750000000637,-882,-1994,-76,3297
2.6649999999999636,788,-362,148,3297
2.665625000000091,434,-448,32,3297
2.666249999999991,1426,1312,516,3297
2.6668750000001182,1392,1330,482,3297
2.667500000000018,2218,2572,310,3297
2.668124999999918,960,1778,310,3297
2.6687500000000455,1012,1940,378,3297
2.6693749999999454,102,540,406,3297
2.6700000000000728,-388,-60,212,3297
2.6706249999999727,-760,-694,196,3297
2.6712500000001,-1204,-1534,466,3297
2.671875,-1710,-2638,272,3297
2.6725000000001273,-2010,-2892,106,3297
2.6731250000000273,-924,-1768,276,3297
2.6737499999999272,-578,-1660,120,3297
2.6743750000000546,-182,-794,84,3297
2.6749999999999545,-136,6,124,3297
2.675625000000082,1120,1426,30,3297
2.676249999999982,1426,2126,234,3297
2.676875000000109,1754,3458,134,3297
2.677500000000009,1144,2678,536,3297
2.678124999999909,1078,2416,408,3297
2.6787500000000364,640,1910,258,3297
2.6793749999999363,-68,1382,676,3297
2.6800000000000637,-86,162,566,3297
2.6806249999999636,-808,-872,144,3297
2.681250000000091,-1758,-2136,554,3297
2.681874999999991,-1576,-2714,-88,3297
2.6825000000001182,-640,-1738,346,3297
2.683125000000018,-912,-2256,-34,3297
2.683749999999918,-516,-2018,340,3297
2.6843750000000455,-110,-1750,112,3297
2.6849999999999454,724,150,558,3297
2.6856250000000728,1078,592,368,3297
2.6862499999999727,1892,1634,-46,3297
2.6868750000001,1162,1548,58,3297
2.6875,896,2120,546,3297
2.6881250000001273,778,1402,128,3297
2.6887500000000273,762,1588,162,3297
2.6893749999999272,-466,352,258,3297
2.6900000000000546,-756,-426,280,3297
2.6906249999999545,-1110,-1284,284,3312
2.691250000000082,-1564,-1612,324,3312
2.691874999999982,-1596,-2142,226,3312
2.692500000000109,-1016,-1754,214,3312
2.693125000000009,-696,-1332,188,3312
2.693749999999909,-1024,-1136,228,3312
2.6943750000000364,432,198,128,3312
2.6949999999999363,1050,1102,64,3312
2.6956250000000637,1282,1890,192,3312
2.6962499999999636,864,1754,376,3312
2.696875000000091,2036,3320,268,3312
2.697499999999991,1052,2514,370,3312
2.6981250000001182,1290,2448,414,3312
2.698750000000018,300,1026,442,3312
2.699374999999918,304,1114,390,3312
2.7000000000000455,-804,-818,94,3312
2.7006249999999454,-954,-1250,352,3312
2.7012500000000728,-1280,-2324,354,3312
2.7018749999999727,-1734,-2926,628,3312
2.7025000000001,-1048,-3142,482,3312
2.703125,-1146,-2688,390,3312
2.7037500000001273,-520,-1728,352,3312
2.7043750000000273,186,-1250,-68,3312
2.7049999999999272,1244,382,-96,3312
2.7056250000000546,420,164,4,3312
2.7062499999999545,1080,1540,108,3312
2.706875000000082,1694,2346,164,3312
2.707499999999982,1348,2488,104,3312
2.708125000000109,484,1612,256,3312
2.708750000000009,420,1550,378,3299
2.709374999999909,108,1376,360,3299
2.7100000000000364,-802,506,452,3299
2.7106249999999363,-872,-384,250,3299
2.7112500000000637,-1128,-1228,4,3299
2.7118749999999636,-1798,-1818,608,3299
2.712500000000091,-2162,-2700,370,3299
2.713124999999991,-608,-1410,312,3299
2.7137500000001182,-554,-996,170,3299
2.714375000000018,-280,-1010,234,3299
2.714999999999918,302,-294,184,3299
2.7156250000000455,1132,1158,346,3299
2.7162499999999454,1120,1464,20,3299
2.7168750000000728,1996,2830,286,3299
2.7174999999999727,1770,2202,-174,3299
2.7181250000001,1014,1846,324,3299
2.71875,450,892,242,3299
2.7193750000001273,828,1352,354,3299
2.7200000000000273,-648,-702,640,3299
2.7206249999999272,-928,-1282,700,3299
2.7212500000000546,-1132,-2376,448,3299
2.7218749999999545,-1608,-2970,172,3299
2.722500000000082,-1326,-2706,230,3299
2.723124999999982,-1042,-2492,192,3299
2.723750000000109,-302,-1980,-100,3299
2.724375000000009,-682,-1908,-34,3299
2.724999999999909,366,-504,106,3299
2.7256250000000364,632,308,20,3299
2.7262499999999363,1442,1958,48,3299
2.7268750000000637,806,1744,188,3285
2.7274999999999636,1848,3168,50,3285
2.728125000000091,960,2624,312,3285
2.728749999999991,1030,2962,310,3285
2.7293750000001182,208,1686,254,3285
2.730000000000018,-50,1336,374,3285
2.730624999999918,-1044,-120,366,3285
2.7312500000000455,-980,-256,618,3285
2.7318749999999454,-1292,-1612,404,3285
2.7325000000000728,-1682,-2196,190,3285
2.7331249999999727,-1498,-2088,670,3285
2.7337500000001,-1008,-2040,252,3285
2.734375,-338,-1560,178,3285
2.7350000000001273,-210,-1088,156,3285
2.7356250000000273,1030,270,-236,3285
2.7362499999999272,594,136,184,3285
2.7368750000000546,1398,1262,30,3285
2.7374999999999545,1584,1944,508,3285
2.738125000000082,1874,2372,368,3285
2.738749999999982,740,1234,510,3285
2.739375000000109,408,930,690,3285
2.740000000000009,230,252,240,3285
2.740624999999909,-318,-334,110,3285
2.7412500000000364,-940,-994,432,3285
2.7418749999999363,-1074,-1622,274,3285
2.7425000000000637,-1594,-2708,248,3285
2.7431249999999636,-1878,-3044,58,3285
2.743750000000091,-702,-1762,170,3285
2.744374999999991,-664,-1618,132,3285
2.7450000000001182,-422,-1144,152,3285
2.745625000000018,-318,-498,106,3285
2.746249999999918,944,1086,186,3285
2.7468750000000455,928,1446,-100,3285
2.7474999999999454,1406,3028,282,3285
2.7481250000000728,1468,2868,266,3285
2.7487499999999727,1156,2754,334,3285
2.7493750000001,432,1820,186,3285
2.75,946,2520,636,3285
2.7506250000001273,224,862,342,3285
2.7512500000000273,-956,-276,640,3285
2.7518749999999272,-1262,-1234,408,3285
2.7525000000000546,-1180,-1314,580,3285
2.7531249999999545,-1198,-2596,-12,3285
2.753750000000082,-1420,-2584,0,3285
2.754374999999982,-720,-2174,154,3285
2.755000000000109,-968,-2416,64,3285
2.755625000000009,170,-1102,528,3285
2.756249999999909,582,-370,474,3285
2.7568750000000364,1404,500,130,3285
2.7574999999999363,460,380,154,3285
2.7581250000000637,1652,2334,192,3285
2.7587499999999636,1102,1644,294,3285
2.759375000000091,1242,1900,-50,3285
2.759999999999991,336,1332,188,3285
2.7606250000001182,188,1092,556,3285
2.761250000000018,-888,-676,314,3285
2.761874999999918,-1202,-918,338,3285
2.7625000000000455,-1216,-1196,400,3272
2.7631249999999454,-1412,-2186,178,3272
2.7637500000000728,-1516,-2294,164,3272
2.7643749999999727,-1708,-1994,204,3272
2.7650000000001,-312,-1152,34,3272
2.765625,-70,-672,96,3272
2.7662500000001273,646,834,194,3272
2.7668750000000273,592,1030,472,3272
2.7674999999999272,1310,1836,220,3272
2.7681250000000546,1370,2206,108,3272
2.7687499999999545,1612,3470,558,3272
2.769375000000082,1440,2470,442,3272
2.769999999999982,768,1696,238,3272
2.770625000000109,-178,736,452,3272
2.771250000000009,-256,0,92,3272
2.771874999999909,-562,-746,504,3272
2.7725000000000364,-1014,-1786,134,3272
2.7731249999999363,-1660,-2898,574,3272
2.7737500000000637,-1750,-3562,338,3272
2.7743749999999636,-682,-2206,444,3272
2.775000000000091,-420,-1884,278,3272
2.775624999999991,20,-1696,30,3272
2.7762500000001182,-34,-1214,-218,3272
2.776875000000018,866,910,316,3272
2.777499999999918,1162,1174,172,3272
2.7781250000000455,1762,2236,-118,3272
2.7787499999999454,1132,2238,184,3272
2.7793750000000728,1122,2414,256,3272
2.7799999999999727,230,1196,258,3272
2.7806250000001,104,1576,352,3271
2.78125,-534,614,272,3271
2.7818750000001273,-738,-330,330,3271
2.7825000000000273,-1390,-1228,334,3271
2.7831249999999272,-1712,-1290,366,3271
2.7837500000000546,-1234,-1856,332,3271
2.7843749999999545,-1050,-2014,40,3271
2.785000000000082,-676,-1212,208,3271
2.785624999999982,-512,-780,354,3271
2.786250000000109,824,266,178,3271
2.786875000000009,714,862,226,3271
2.787499999999909,1562,1852,138,3271
2.7881250000000364,996,1474,422,3271
2.7887499999999363,1886,2692,102,3271
2.7893750000000637,1012,1820,0,3271
2.7899999999999636,1030,1714,306,3271
2.790625000000091,76,270,264,3271
2.791249999999991,-120,384,786,3271
2.7918750000001182,-856,-1590,576,3271
2.792500000000018,-848,-1756,478,3271
2.793124999999918,-1502,-2410,522,3271
2.7937500000000455,-1436,-2942,240,3271
2.7943749999999454,-896,-3036,54,3271
2.7950000000000728,-1130,-2534,22,3271
2.7956249999999727,-376,-1186,-14,3271
2.7962500000001,168,-622,172,3271
2.796875,1266,1100,-96,3271
2.7975000000001273,598,1024,66,3286
2.7981250000000273,1164,2110,286,3286
2.7987499999999272,1874,3004,266,3286
2.7993750000000546,1396,3474,254,3286
2.7999999999999545,244,1972,342,3286
2.800625000000082,394,1546,100,3286
2.801249999999982,-418,940,354,3286
2.801875000000109,-1350,-268,636,3286
2.802500000000009,-926,-650,566,3286
2.803124999999909,-1200,-1340,250,3286
2.8037500000000364,-1776,-2356,474,3286
2.8043749999999363,-1714,-2798,250,3286
2.8050000000000637,-330,-1206,538,3286
2.8056249999999636,-252,-998,-120,3286
2.806250000000091,128,-558,312,3286
2.806874999999991,832,-174,-308,3286
2.8075000000001182,1186,1408,198,3286
2.808125000000018,1134,1194,44,3286
2.808749999999918,2182,2582,220,3286
2.8093750000000455,1208,1674,532,3286
2.8099999999999454,622,1352,752,3286
2.8106250000000728,222,200,486,3286
2.8112499999999727,338,240,156,3286
2.8118750000001,-1164,-1140,346,3286
2.8125,-1346,-1722,530,3286
2.8131250000001273,-1058,-2406,0,3286
2.8137500000000273,-1580,-2788,86,3286
2.8143749999999272,-1584,-3018,212,3286
2.8150000000000546,-884,-2112,36,3286
2.8156249999999545,-40,-934,126,3286
2.816250000000082,-506,-772,224,3270
2.816874999999982,886,720,-54,3270
2.817500000000109,1176,1644,112,3270
2.818125000000009,1532,2882,158,3270
2.818749999999909,920,2278,140,3270
2.8193750000000364,1686,3392,152,3270
2.8199999999999363,816,2702,466,3270
2.8206250000000637,718,2356,534,3270
2.8212499999999636,-252,736,528,3270
2.821875000000091,-340,412,312,3270
2.822499999999991,-1630,-1036,704,3270
2.8231250000001182,-1052,-1330,386,3270
2.823750000000018,-1254,-2272,280,3270
2.824374999999918,-1436,-2622,140,3270
2.8250000000000455,-832,-2422,-112,3270
2.8256249999999454,-828,-2094,216,3270
2.8262500000000728,114,-1140,170,3270
2.8268749999999727,394,-480,420,3270
2.8275000000001,1524,814,178,3270
2.828125,768,528,412,3270
2.8287500000001273,1186,1532,530,3270
2.8293750000000273,1482,1742,74,3270
2.8299999999999272,1442,2298,30,3270
2.8306250000000546,142,978,454,3270
2.8312499999999545,92,510,224,3270
2.831875000000082,-498,-86,368,3270
2.832499999999982,-1074,-884,228,3270
2.833125000000109,-1040,-1374,244,3270
2.833750000000009,-1286,-1860,318,3270
2.834374999999909,-1648,-2418,250,3257
2.8350000000000364,-1836,-2496,134,3257
2.8356249999999363,-312,-966,248,3257
2.8362500000000637,-128,-672,-188,3257
2.8368749999999636,232,442,364,3257
2.837500000000091,460,776,274,3257
2.838124999999991,1330,1834,100,3257
2.8387500000001182,956,1962,210,3257
2.839375000000018,1832,3140,390,3257
2.839999999999918,1344,2290,248,3257
2.8406250000000455,1064,2604,474,3257
2.8412499999999454,276,1496,252,3257
2.8418750000000728,216,1184,678,3257
2.8424999999999727,-390,-618,-30,3257
2.8431250000001,-1300,-1570,254,3257
2.84375,-1470,-2390,350,3257
2.8443750000001273,-1454,-2744,126,3257
2.8450000000000273,-1300,-2938,524,3257
2.8456249999999272,-914,-2542,554,3257
2.8462500000000546,28,-1778,288,3257
2.8468749999999545,-542,-1734,62,3257
2.847500000000082,640,140,188,3257
2.848124999999982,1080,838,278,3257
2.848750000000109,1462,1422,-300,3257
2.849375000000009,920,1500,-8,3257
2.849999999999909,1350,2622,364,3257
2.8506250000000364,618,1614,144,3257
2.8512499999999363,718,2188,222,3257
2.8518750000000637,-146,1174,484,3257
2.8524999999999636,-546,70,428,3257
2.853125000000091,-1450,-1100,422,3257
2.853749999999991,-1770,-1292,428,3257
2.8543750000001182,-1064,-1428,148,3257
2.855000000000018,-1492,-2184,174,3257
2.855624999999918,-1290,-1978,272,3257
2.8562500000000455,-830,-1190,448,3257
2.8568749999999454,92,-514,210,3257
2.8575000000000728,442,120,30,3257
2.8581249999999727,1406,1964,280,3257
2.8587500000001,1298,1584,456,3257
2.859375,1482,1900,-14,3257
2.8600000000001273,1304,2354,348,3257
2.8606250000000273,1656,2678,38,3257
2.8612499999999272,530,1144,338,3257
2.8618750000000546,214,406,196,3257
2.8624999999999545,-714,-540,764,3257
2.863125000000082,-988,-1778,430,3257
2.863749999999982,-1018,-1920,672,3257
2.864375000000109,-1190,-2396,640,3257
2.865000000000009,-1388,-3526,86,3257
2.865624999999909,-1472,-3368,-184,3257
2.8662500000000364,-414,-1320,378,3257
2.8668749999999363,206,-796,-44,3257
2.8675000000000637,764,0,-164,3257
2.8681249999999636,678,552,-56,3257
2.868750000000091,1444,2112,108,3257
2.869374999999991,1188,2060,252,3257
2.8700000000001182,1440,3072,216,3255
2.870625000000018,1076,2880,230,3255
2.871249999999918,574,1992,330,3255
2.8718750000000455,-500,586,160,3255
2.8724999999999454,-494,1062,522,3255
2.8731250000000728,-1044,-448,484,3255
2.8737499999999727,-1396,-1622,312,3255
2.8743750000001,-1586,-1920,380,3255
2.875,-1400,-1718,468,3255
2.8756250000001273,-820,-2082,210,3255
2.8762500000000273,-772,-1506,206,3255
2.8768749999999272,332,-296,132,3255
2.8775000000000546,82,-238,280,3255
2.8781249999999545,1402,1016,-132,3255
2.878750000000082,1110,1248,-6,3255
2.879374999999982,1718,2128,218,3255
2.880000000000109,878,1254,210,3255
2.880625000000009,1600,2592,642,3255
2.881249999999909,380,750,568,3255
2.8818750000000364,492,454,558,3255
2.8824999999999363,-736,-694,472,3255
2.8831250000000637,-700,-974,394,3255
2.8837499999999636,-1534,-2740,226,3255
2.884375000000091,-1576,-2614,142,3255
2.884999999999991,-1278,-2426,44,3255
2.8856250000001182,-1374,-2682,298,3255
2.886250000000018,-396,-1900,30,3255
2.886874999999918,-642,-1206,32,3255
2.8875000000000455,438,206,158,3258
2.8881249999999454,1148,1046,140,3258
2.8887500000000728,1606,2596,-20,3258
2.8893749999999727,608,1878,238,3258
2.8900000000001,1278,2496,24,3258
2.890625,1250,2826,320,3258
2.8912500000001273,744,2994,518,3258
2.8918750000000273,244,1694,590,3258
2.8924999999999272,-194,690,350,3258
2.8931250000000546,-1036,-416,418,3258
2.8937499999999545,-1624,-1550,492,3258
2.894375000000082,-704,-1398,552,3258
2.894999999999982,-1146,-1950,-34,3258
2.895625000000109,-1494,-2632,488,3258
2.896250000000009,-1066,-2722,-256,3258
2.896874999999909,144,-810,270,3258
2.8975000000000364,240,-808,-106,3258
2.8981249999999363,1056,312,162,3258
2.8987500000000637,1138,536,266,3258
2.8993749999999636,1140,1540,642,3258
2.900000000000091,1368,1358,358,3258
2.900624999999991,1878,2228,138,3258
2.9012500000001182,602,1418,192,3258
2.901875000000018,-96,830,550,3258
2.902499999999918,-208,-254,14,3258
2.9031250000000455,-704,-776,196,3258
2.9037499999999454,-1522,-1802,266,3258
2.9043750000000728,-1240,-1932,110,3258
2.9049999999999727,-1132,-2052,276,3258
2.9056250000001,-1626,-2170,352,3254
2.90625,-730,-1634,206,3254
2.9068750000001273,98,-660,86,3254
2.9075000000000273,474,526,124,3254
2.9081249999999272,68,564,76,3254
2.9087500000000546,1384,2062,2,3254
2.9093749999999545,1624,2762,270,3254
2.910000000000082,1718,3122,372,3254
2.910624999999982,882,2200,386,3254
2.911250000000109,1292,2708,334,3254
2.911875000000009,-68,1382,608,3254
2.912499999999909,110,1026,554,3254
2.9131250000000364,-658,-470,446,3254
2.9137499999999363,-962,-1202,256,3254
2.9143750000000637,-1474,-2454,32,3254
2.9149999999999636,-1366,-2390,262,3254
2.915625000000091,-972,-2432,226,3254
2.916249999999991,-946,-2166,620,3254
2.9168750000001182,42,-1920,298,3254
2.917500000000018,-260,-1556,314,3254
2.918124999999918,422,-14,480,3254
2.9187500000000455,1188,566,12,3254
2.9193749999999454,2120,2252,-242,3254
2.9200000000000728,712,1370,176,3254
2.9206249999999727,912,1774,218,3254
2.9212500000001,920,1800,270,3254
2.921875,576,1804,216,3254
2.9225000000001273,-354,418,328,3254
2.9231250000000273,-694,-300,370,3256
2.9237499999999272,-1226,-1044,468,3256
2.9243750000000546,-1724,-1626,250,3256
2.9249999999999545,-1436,-2000,278,3256
2.925625000000082,-1242,-2042,-26,3256
2.926249999999982,-918,-1276,362,3256
2.926875000000109,-998,-1382,300,3256
2.927500000000009,612,144,216,3256
2.928124999999909,476,682,76,3256
2.9287500000000364,1336,1940,236,3256
2.9293749999999363,1324,1762,268,3256
2.9300000000000637,1356,2440,334,3256
2.9306249999999636,938,2014,166,3256
2.931250000000091,1488,2824,490,3256
2.931874999999991,618,1072,-72,3256
2.9325000000001182,-410,152,458,3256
2.933125000000018,-740,-1040,256,3256
2.933749999999918,-806,-1452,292,3256
2.9343750000000455,-1628,-2830,664,3256
2.9349999999999454,-1488,-2870,538,3256
2.9356250000000728,-688,-2676,230,3256
2.9362499999999727,-1266,-2778,208,3256
2.9368750000001,-306,-1694,166,3256
2.9375,456,-680,88,3256
2.9381250000001273,1044,468,-116,3256
2.9387500000000273,672,736,-104,3256
2.9393749999999272,1578,2448,252,3256
2.9400000000000546,1164,2056,190,3256
2.9406249999999545,1232,2650,108,3256
2.941250000000082,466,1940,384,3256
2.941874999999982,502,1762,382,3256
2.942500000000109,-790,344,330,3256
2.943125000000009,-654,500,508,3256
2.943749999999909,-938,-664,252,3256
2.9443750000000364,-1592,-1920,134,3256
2.9449999999999363,-1732,-2128,434,3256
2.9456250000000637,-1278,-1594,534,3256
2.9462499999999636,-612,-1526,236,3256
2.946875000000091,-490,-1214,54,3256
2.947499999999991,520,494,462,3256
2.9481250000001182,612,128,242,3256
2.948750000000018,1276,1220,36,3256
2.949374999999918,1466,2046,228,3256
2.9500000000000455,2104,2904,-82,3256
2.9506249999999454,978,1632,358,3256
2.9512500000000728,936,1366,152,3256
2.9518749999999727,238,888,728,3256
2.9525000000001,-76,-152,468,3256
2.953125,-624,-954,518,3256
2.9537500000001273,-1056,-1700,716,3256
2.9543750000000273,-1422,-3160,260,3256
2.9549999999999272,-1854,-3620,-214,3256
2.9556250000000546,-1014,-2154,416,3256
2.9562499999999545,-634,-1870,134,3256
2.956875000000082,-252,-1720,-178,3256
2.957499999999982,-190,-1026,-64,3256
2.958125000000109,1048,1054,102,3256
2.958750000000009,992,1222,120,3256
2.959374999999909,1400,2496,178,3257
2.9600000000000364,1286,2798,196,3257
2.9606249999999363,1120,2604,290,3257
2.9612500000000637,384,1824,192,3257
2.9618749999999636,458,2566,424,3257
2.962500000000091,-120,1172,330,3257
2.963124999999991,-1000,-274,460,3257
2.9637500000001182,-1406,-1216,324,3257
2.964375000000018,-1278,-1076,640,3257
2.964999999999918,-1128,-2216,314,3257
2.9656250000000455,-1510,-2286,324,3257
2.9662499999999454,-632,-1574,230,3257
2.9668750000000728,-694,-1386,348,3257
2.9674999999999727,428,-882,-172,3257
2.9681250000001,478,-16,-108,3257
2.96875,1542,1340,104,3257
2.9693750000001273,826,704,74,3257
2.9700000000000273,1916,2682,684,3257
2.9706249999999272,1108,1534,624,3257
2.9712500000000546,1326,1408,320,3257
2.9718749999999545,-140,372,396,3257
2.972500000000082,184,794,470,3257
2.973124999999982,-1028,-1472,352,3257
2.973750000000109,-1146,-1788,34,3257
2.974375000000009,-1352,-2022,190,3257
2.974999999999909,-1610,-2760,320,3257
2.9756250000000364,-1182,-2716,114,3257
2.9762499999999363,-1216,-2086,68,3274
2.9768750000000637,-272,-972,230,3274
2.9774999999999636,156,-600,142,3274
2.978125000000091,912,1118,-42,3274
2.978749999999991,258,992,172,3274
2.9793750000001182,1362,2222,12,3274
2.980000000000018,1570,2770,192,3274
2.980624999999918,1456,3752,398,3274
2.9812500000000455,960,2520,516,3274
2.9818749999999454,586,1918,382,3274
2.9825000000000728,-68,1114,310,3274
2.9831249999999727,-832,146,742,3274
2.9837500000001,-438,-666,420,3274
2.984375,-1118,-1486,146,3274
2.9850000000001273,-1888,-2752,496,3274
2.9856250000000273,-1620,-3140,-178,3274
2.9862499999999272,-452,-1618,412,3274
2.9868750000000546,-520,-1844,-26,3274
2.9874999999999545,224,-1180,184,3274
2.988125000000082,440,-684,296,3274
2.988749999999982,1094,854,416,3274
2.989375000000109,1290,1082,246,3274
2.990000000000009,1884,2238,154,3274
2.990624999999909,1044,1654,140,3274
2.9912500000000364,562,1708,496,3274
2.9918749999999363,370,804,230,3274
2.9925000000000637,64,564,88,3274
2.9931249999999636,-1048,-652,324,3274
2.993750000000091,-1068,-1304,248,3274
2.994374999999991,-1288,-1814,250,3274
2.9950000000001182,-1716,-2008,328,3271
2.995625000000018,-1398,-2278,200,3271
2.996249999999918,-600,-1438,198,3271
2.9968750000000455,-196,-576,240,3271
2.9974999999999454,-510,-346,174,3271
2.9981250000000728,986,992,-54,3271
2.9987499999999727,1446,2040,128,3271
2.9993750000001,1406,2444,266,3271
3.0,940,2018,360,3271
3.0006250000001273,1622,2944,314,3271
3.0012500000000273,476,2094,596,3271
3.0018749999999272,520,1570,366,3271
3.0025000000000546,-106,278,488,3271
3.0031249999999545,-434,-278,358,3271
3.003750000000082,-1322,-1828,128,3271
3.004374999999982,-1242,-1994,276,3271
3.005000000000109,-1160,-2574,220,3271
3.005625000000009,-1526,-2878,566,3271
3.006249999999909,-454,-2616,296,3271
3.0068750000000364,-648,-2062,276,3271
3.0074999999999363,54,-688,434,3271
3.0081250000000637,784,-144,54,3271
3.0087499999999636,1982,1728,-204,3271
3.009375000000091,698,1050,116,3271
3.009999999999991,1004,1746,218,3271
3.0106250000001182,1192,2054,198,3271
3.011250000000018,1044,2420,100,3271
3.011874999999918,-64,1010,338,3271
3.0125000000000455,-398,244,354,3274
3.0131249999999454,-924,-392,480,3274
3.0137500000000728,-1544,-1118,380,3274
3.0143749999999727,-976,-1184,268,3274
3.0150000000001,-1120,-1584,-8,3274
3.015625,-1154,-1458,336,3274
3.0162500000001273,-1316,-1900,106,3274
3.0168750000000273,168,-266,314,3274
3.0174999999999272,252,172,80,3274
3.0181250000000546,976,1282,352,3274
3.0187499999999545,1062,1136,180,3274
3.019375000000082,1738,2752,454,3274
3.019999999999982,1166,2134,80,3274
3.020625000000109,1718,3072,460,3274
3.021250000000009,948,1516,-62,3274
3.021874999999909,-86,692,380,3274
3.0225000000000364,-464,-498,320,3274
3.0231249999999363,-450,-860,362,3274
3.0237500000000637,-1512,-2444,714,3274
3.0243749999999636,-1394,-2642,592,3274
3.025000000000091,-860,-2796,210,3274
3.025624999999991,-1318,-2964,44,3274
3.0262500000001182,-752,-2224,194,3274
3.026875000000018,90,-1088,158,3274
3.027499999999918,888,44,-214,3274
3.0281250000000455,476,336,0,3274
3.0287499999999454,1630,2104,192,3274
3.0293750000000728,1266,2006,126,3274
3.0299999999999727,1376,2756,226,3274
3.0306250000001,580,2016,348,3273
3.03125,622,2034,346,3273
3.0318750000001273,-596,704,352,3273
3.0325000000000273,-524,732,410,3273
3.0331249999999272,-904,-486,276,3273
3.0337500000000546,-1552,-1664,260,3273
3.0343749999999545,-1732,-2116,336,3273
3.035000000000082,-1308,-1504,554,3273
3.035624999999982,-654,-1524,300,3273
3.036250000000109,-608,-1422,-44,3273
3.036875000000009,354,338,530,3273
3.037499999999909,450,-76,180,3273
3.0381250000000364,1106,1016,84,3273
3.0387499999999363,1444,1876,202,3273
3.0393750000000637,2094,2910,-120,3273
3.0399999999999636,1024,1594,412,3273
3.040625000000091,994,1434,252,3273
3.041249999999991,362,924,670,3273
3.0418750000001182,-64,-32,504,3273
3.042500000000018,-514,-836,484,3273
3.043124999999918,-996,-1742,446,3273
3.0437500000000455,-1584,-3010,282,3273
3.0443749999999454,-1740,-3480,-166,3273
3.0450000000000728,-1062,-2152,400,3273
3.0456249999999727,-668,-1960,176,3273
3.0462500000001,-326,-1804,-84,3273
3.046875,-324,-1234,-44,3273
3.0475000000001273,1044,994,144,3273
3.0481250000000273,968,1188,108,3273
3.0487499999999272,1360,2464,130,3275
3.0493750000000546,1320,2766,168,3275
3.0499999999999545,1166,2624,258,3275
3.050625000000082,428,1840,208,3275
3.051249999999982,436,2588,440,3275
3.051875000000109,-88,1290,370,3275
3.052500000000009,-850,-222,348,3275
3.053124999999909,-1456,-1134,342,3275
3.0537500000000364,-1166,-1016,588,3275
3.0543749999999363,-1216,-2160,330,3275
3.0550000000000637,-1534,-2350,316,3275
3.0556249999999636,-654,-1676,170,3275
3.056250000000091,-768,-1560,400,3275
3.056874999999991,524,-720,-68,3275
3.0575000000001182,570,12,-106,3275
3.058125000000018,1502,1346,154,3275
3.058749999999918,808,738,64,3275
3.0593750000000455,2100,2796,514,3275
3.0599999999999454,1028,1392,522,3275
3.0606250000000728,1324,1490,402,3275
3.0612499999999727,-126,404,424,3275
3.0618750000001,224,830,438,3275
3.0625,-1074,-1476,384,3275
3.0631250000001273,-1090,-1764,56,3275
3.0637500000000273,-1366,-1948,222,3275
3.0643749999999272,-1722,-2752,352,3275
3.0650000000000546,-1216,-2718,128,3275
3.0656249999999545,-1280,-2120,128,3275
3.066250000000082,-344,-1026,236,3274
3.066874999999982,122,-686,214,3274
3.067500000000109,862,938,34,3274
3.068125000000009,236,948,154,3274
3.068749999999909,1410,2236,6,3274
3.0693750000000364,1642,2874,104,3274
3.0699999999999363,1636,3820,146,3274
3.0706250000000637,926,2640,620,3274
3.0712499999999636,738,2034,382,3274
3.071875000000091,-52,1248,384,3274
3.072499999999991,-658,368,756,3274
3.0731250000001182,-452,-520,624,3274
3.073750000000018,-970,-1372,64,3274
3.074374999999918,-1984,-2650,542,3274
3.0750000000000455,-1622,-3102,-174,3274
3.0756249999999454,-526,-1600,376,3274
3.0762500000000728,-518,-1708,30,3274
3.0768749999999727,100,-1442,216,3274
3.0775000000001,312,-946,350,3274
3.078125,920,670,480,3274
3.0787500000001273,1274,946,120,3274
3.0793750000000273,2070,2098,-24,3274
3.0799999999999272,1074,1694,72,3274
3.0806250000000546,722,1872,442,3274
3.0812499999999545,492,962,142,3274
3.081875000000082,256,884,198,3274
3.082499999999982,-890,-276,344,3274
3.083125000000109,-972,-1028,278,3274
3.083750000000009,-1272,-1660,380,3274
3.084374999999909,-1756,-1898,432,3257
3.0850000000000364,-1452,-2266,206,3257
3.0856249999999363,-796,-1614,96,3257
3.0862500000000637,-310,-750,216,3257
3.0868749999999636,-692,-660,198,3257
3.087500000000091,772,466,-62,3257
3.088124999999991,1158,1514,98,3257
3.0887500000001182,1376,2300,274,3257
3.089375000000018,988,2028,350,3257
3.089999999999918,1864,3212,220,3257
3.0906250000000455,802,2432,518,3257
3.0912499999999454,1096,2176,286,3257
3.0918750000000728,60,742,540,3257
3.0924999999999727,-28,404,340,3257
3.0931250000001,-1152,-1308,172,3257
3.09375,-1024,-1558,448,3257
3.0943750000001273,-1164,-2348,312,3257
3.0950000000000273,-1520,-2768,610,3257
3.0956249999999272,-970,-3026,364,3257
3.0962500000000546,-952,-2504,256,3257
3.0968749999999545,-156,-1358,234,3257
3.097500000000082,124,-1032,130,3257
3.098124999999982,1648,942,-220,3257
3.098750000000109,462,494,128,3257
3.099375000000009,972,1484,152,3257
3.099999999999909,1464,2152,202,3257
3.1006250000000364,1604,3036,98,3257
3.1012499999999363,384,1594,278,3257
3.1018750000000637,152,1076,308,3260
3.1024999999999636,-248,738,470,3260
3.103125000000091,-944,52,364,3260
3.103749999999991,-1314,-1024,400,3260
3.1043750000001182,-1322,-1632,130,3260
3.105000000000018,-1520,-1664,354,3260
3.105624999999918,-1840,-2266,266,3260
3.1062500000000455,-526,-1336,278,3260
3.1068749999999454,-488,-840,126,3260
3.1075000000000728,278,-132,238,3260
3.1081249999999727,380,-38,102,3260
3.1087500000001,1504,1968,392,3260
3.109375,1200,1766,0,3260
3.1100000000001273,1966,3038,462,3260
3.1106250000000273,1482,1918,-72,3260
3.1112499999999272,792,1790,322,3260
3.1118750000000546,292,640,282,3260
3.1124999999999545,480,684,316,3260
3.113125000000082,-948,-1152,720,3260
3.113749999999982,-1194,-1892,656,3260
3.114375000000109,-1058,-2590,286,3260
3.115000000000009,-1424,-2904,178,3260
3.115624999999909,-1496,-2994,262,3260
3.1162500000000364,-894,-2332,134,3260
3.1168749999999363,38,-1466,-94,3260
3.1175000000000637,-300,-1246,-90,3260
3.1181249999999636,732,320,58,3260
3.118750000000091,1078,1184,102,3260
3.119374999999991,1532,2304,40,3260
3.1200000000001182,854,1984,348,3246
3.120625000000018,1532,3120,408,3246
3.121249999999918,670,2242,288,3246
3.1218750000000455,578,2328,344,3246
3.1224999999999454,-184,1048,240,3246
3.1231250000000728,-810,124,216,3246
3.1237499999999727,-1532,-1088,340,3246
3.1243750000001,-1244,-978,654,3246
3.125,-1334,-1958,436,3246
3.1256250000001273,-1506,-2390,90,3246
3.1262500000000273,-956,-1472,626,3246
3.1268749999999272,-568,-1494,300,3246
3.1275000000000546,222,-636,24,3246
3.1281249999999545,588,126,4,3246
3.128750000000082,1716,1592,-210,3246
3.129374999999982,974,1056,318,3246
3.130000000000109,1534,1894,214,3246
3.130625000000009,1566,2184,626,3246
3.131249999999909,1326,1850,486,3246
3.1318750000000364,370,708,468,3246
3.1324999999999363,-164,-34,604,3246
3.1331250000000637,-710,-1086,286,3246
3.1337499999999636,-1234,-1926,-12,3246
3.134375000000091,-1272,-1966,384,3246
3.134999999999991,-1174,-2208,294,3246
3.1356250000001182,-1494,-3134,78,3246
3.136250000000018,-1610,-3060,-18,3246
3.136874999999918,-68,-1066,140,3246
3.1375000000000455,68,-648,118,3246
3.1381249999999454,526,412,102,3247
3.1387500000000728,706,1232,98,3247
3.1393749999999727,1408,2268,166,3247
3.1400000000001,1084,2192,38,3247
3.140625,1448,3726,414,3247
3.1412500000001273,1292,3094,284,3247
3.1418750000000273,444,1860,296,3247
3.1424999999999272,-568,696,362,3247
3.1431250000000546,-64,1048,616,3247
3.1437499999999545,-832,-742,484,3247
3.144375000000082,-1652,-1856,370,3247
3.144999999999982,-1332,-1986,320,3247
3.145625000000109,-1380,-2076,500,3247
3.146250000000009,-998,-2850,-12,3247
3.146874999999909,-742,-1998,-36,3247
3.1475000000000364,408,-552,314,3247
3.1481249999999363,-12,-992,-58,3247
3.1487500000000637,1362,848,362,3247
3.1493749999999636,1142,888,478,3247
3.150000000000091,1842,1756,222,3247
3.150624999999991,636,1108,226,3247
3.1512500000001182,1644,2830,408,3247
3.151875000000018,212,642,312,3247
3.152499999999918,118,300,24,3247
3.1531250000000455,-668,-214,298,3247
3.1537499999999454,-920,-844,524,3247
3.1543750000000728,-1536,-2212,216,3247
3.1549999999999727,-1576,-2024,178,3259
3.1556250000001,-1072,-1678,326,3259
3.15625,-1176,-2324,294,3259
3.1568750000001273,-638,-1544,160,3259
3.1575000000000273,-820,-772,228,3259
3.1581249999999272,600,428,-18,3259
3.1587500000000546,916,986,-10,3259
3.1593749999999545,1702,3030,72,3259
3.160000000000082,1222,2418,496,3259
3.160624999999982,1466,2646,270,3259
3.161250000000109,1340,2690,176,3259
3.161875000000009,1020,2926,642,3259
3.162499999999909,570,1332,630,3259
3.1631250000000364,-22,364,92,3259
3.1637499999999363,-1170,-670,686,3259
3.1643750000000637,-1132,-1664,16,3259
3.1649999999999636,-936,-1626,398,3259
3.165625000000091,-1218,-2402,108,3259
3.166249999999991,-1662,-3338,532,3259
3.1668750000001182,-1338,-3456,180,3259
3.167500000000018,-274,-1504,546,3259
3.168124999999918,284,-960,220,3259
3.1687500000000455,1012,-310,-126,3259
3.1693749999999454,694,146,-144,3259
3.1700000000000728,1084,1756,320,3259
3.1706249999999727,1294,1688,86,3259
3.1712500000001,1656,2522,2,3259
3.171875,748,2010,184,3259
3.1725000000001273,562,1752,298,3259
3.1731250000000273,-184,662,410,3259
3.1737499999999272,-570,540,520,3258
3.1743750000000546,-1124,-520,388,3258
3.1749999999999545,-1096,-1188,284,3258
3.175625000000082,-1406,-1606,292,3258
3.176249999999982,-1684,-1586,268,3258
3.176875000000109,-930,-1642,130,3258
3.177500000000009,-582,-1336,88,3258
3.178124999999909,-126,-544,198,3258
3.1787500000000364,-120,-124,352,3258
3.1793749999999363,1344,1138,60,3258
3.1800000000000637,1080,1798,368,3258
3.1806249999999636,1714,2366,178,3258
3.181250000000091,1000,1684,390,3258
3.181874999999991,1674,2624,180,3258
3.1825000000001182,478,1294,128,3258
3.183125000000018,596,1052,384,3258
3.183749999999918,-324,-368,344,3258
3.1843750000000455,-700,-604,830,3258
3.1849999999999454,-1338,-2498,542,3258
3.1856250000000728,-1100,-2342,376,3258
3.1862499999999727,-1324,-2442,390,3258
3.1868750000001,-1256,-2846,126,3258
3.1875,-472,-2534,-34,3258
3.1881250000001273,-882,-2066,56,3258
3.1887500000000273,20,-670,0,3258
3.1893749999999272,716,206,170,3258
3.1900000000000546,1658,1856,-14,3258
3.1906249999999545,734,1500,124,3258
3.191250000000082,1126,2228,306,3259
3.191874999999982,1474,2694,332,3259
3.192500000000109,1002,3082,294,3259
3.193125000000009,-8,1618,368,3259
3.193749999999909,-86,958,112,3259
3.1943750000000364,-800,358,560,3259
3.1949999999999363,-1352,-640,504,3259
3.1956250000000637,-1250,-1368,428,3259
3.1962499999999636,-1458,-1790,236,3259
3.196875000000091,-1522,-2250,316,3259
3.197499999999991,-1608,-2560,282,3259
3.1981250000001182,-126,-1380,384,3259
3.198750000000018,36,-816,-130,3259
3.199374999999918,818,466,348,3259
3.2000000000000455,1016,458,-256,3259
3.2006249999999454,1360,1790,338,3259
3.2012500000000728,1076,1268,128,3259
3.2018749999999727,1952,2460,154,3259
3.2025000000001,886,1318,466,3259
3.203125,248,840,734,3259
3.2037500000001273,-104,-320,384,3259
3.2043750000000273,-94,-474,248,3259
3.2049999999999272,-1268,-1724,298,3259
3.2056250000000546,-1414,-2204,364,3259
3.2062499999999545,-978,-2434,60,3259
3.206875000000082,-1488,-2766,48,3259
3.207499999999982,-1144,-2552,162,3259
3.208125000000109,-320,-1412,56,3259
3.208750000000009,370,-144,68,3259
3.209374999999909,14,88,290,3260
3.2100000000000364,1248,1808,182,3260
3.2106249999999363,1452,2386,236,3260
3.2112500000000637,1440,3116,230,3260
3.2118749999999636,768,2272,208,3260
3.212500000000091,990,2652,146,3260
3.213124999999991,64,1742,316,3260
3.2137500000001182,76,1360,586,3260
3.214375000000018,-808,-306,464,3260
3.214999999999918,-1126,-836,304,3260
3.2156250000000455,-1684,-1768,638,3260
3.2162499999999454,-1300,-1958,498,3260
3.2168750000000728,-866,-2092,192,3260
3.2174999999999727,-1048,-2114,234,3260
3.2181250000001,30,-1306,-88,3260
3.21875,-110,-1064,194,3260
3.2193750000001273,826,166,124,3260
3.2200000000000273,1154,912,508,3260
3.2206249999999272,2014,1942,204,3260
3.2212500000000546,896,1224,424,3260
3.2218749999999545,814,1358,604,3260
3.222500000000082,952,1202,142,3260
3.223124999999982,580,1172,24,3260
3.223750000000109,-522,-26,394,3260
3.224375000000009,-704,-780,322,3260
3.224999999999909,-1424,-2012,308,3260
3.2256250000000364,-1852,-2666,146,3260
3.2262499999999363,-1024,-2008,290,3260
3.2268750000000637,-1044,-2068,252,3260
3.2274999999999636,-1022,-1944,240,3261
3.228125000000091,-854,-1392,72,3261
3.228749999999991,572,300,120,3261
3.2293750000001182,736,938,-84,3261
3.230000000000018,1338,2502,242,3261
3.230624999999918,1514,2752,262,3261
3.2312500000000455,1602,2952,244,3261
3.2318749999999454,700,2238,252,3261
3.2325000000000728,1594,3410,410,3261
3.2331249999999727,658,1856,452,3261
3.2337500000001,-482,398,414,3261
3.234375,-922,-570,356,3261
3.2350000000001273,-850,-712,622,3261
3.2356250000000273,-1362,-2532,98,3261
3.2362499999999272,-1664,-2710,204,3261
3.2368750000000546,-1042,-2486,338,3261
3.2374999999999545,-1372,-2938,80,3261
3.238125000000082,-184,-1562,486,3261
3.238749999999982,58,-1006,444,3261
3.239375000000109,1302,336,130,3261
3.240000000000009,522,182,6,3261
3.240624999999909,1438,1910,262,3261
3.2412500000000364,928,1246,222,3261
3.2418749999999363,1304,2032,8,3261
3.2425000000000637,604,1588,118,3261
3.2431249999999636,176,1346,512,3261
3.243750000000091,-576,-98,284,3261
3.244374999999991,-720,-226,304,3274
3.2450000000001182,-1100,-926,430,3274
3.245625000000018,-1616,-2044,488,3274
3.246249999999918,-1688,-2328,194,3274
3.2468750000000455,-1564,-1614,266,3274
3.2474999999999454,-512,-1272,90,3274
3.2481250000000728,-460,-1242,0,3274
3.2487499999999727,484,460,64,3274
3.2493750000001,442,806,460,3274
3.25,1350,1728,122,3274
3.2506250000001273,1642,2380,-10,3274
3.2512500000000273,1510,3084,624,3274
3.2518749999999272,1230,1916,310,3274
3.2525000000000546,1118,1994,246,3274
3.2531249999999545,146,1206,550,3274
3.253750000000082,92,396,112,3274
3.254374999999982,-498,-482,614,3274
3.255000000000109,-1068,-1700,238,3274
3.255625000000009,-1712,-2954,460,3274
3.256249999999909,-1282,-2894,288,3274
3.2568750000000364,-892,-2328,566,3274
3.2574999999999363,-670,-2322,260,3274
3.2581250000000637,182,-1752,-16,3274
3.2587499999999636,38,-1222,-230,3274
3.259375000000091,582,530,216,3274
3.259999999999991,1110,1112,186,3274
3.2606250000001182,1856,2292,-214,3274
3.261250000000018,858,1708,36,3274
3.261874999999918,1232,2242,222,3274
3.2625000000000455,636,1764,304,3274
3.2631249999999454,306,2022,546,3272
3.2637500000000728,-490,782,478,3272
3.2643749999999727,-606,-108,326,3272
3.2650000000001,-1562,-1472,356,3272
3.265625,-2088,-1818,338,3272
3.2662500000001273,-850,-1218,170,3272
3.2668750000000273,-1028,-1606,62,3272
3.2674999999999272,-700,-1384,204,3272
3.2681250000000546,-782,-1154,284,3272
3.2687499999999545,838,424,178,3272
3.269375000000082,480,736,314,3272
3.269999999999982,1706,2048,200,3272
3.270625000000109,1304,1890,386,3272
3.271250000000009,1488,2246,172,3272
3.271874999999909,506,1042,94,3272
3.2725000000000364,1220,1862,398,3272
3.2731249999999363,-68,364,392,3272
3.2737500000000637,-582,-372,812,3272
3.2743749999999636,-920,-1900,576,3272
3.275000000000091,-970,-2162,372,3272
3.275624999999991,-1928,-3108,408,3272
3.2762500000001182,-1024,-2598,182,3272
3.276875000000018,-488,-2362,-170,3272
3.277499999999918,-936,-2228,-102,3272
3.2781250000000455,-102,-1110,114,3272
3.2787499999999454,914,336,112,3272
3.2793750000000728,1362,1468,-102,3272
3.2799999999999727,718,1500,244,3288
3.2806250000001,1664,2942,288,3288
3.28125,1486,3020,482,3288
3.2818750000001273,794,2652,268,3288
3.2825000000000273,-194,1208,280,3288
3.2831249999999272,-18,1042,140,3288
3.2837500000000546,-1198,-242,490,3288
3.2843749999999545,-1622,-1276,380,3288
3.285000000000082,-1058,-1440,452,3288
3.285624999999982,-1696,-2214,138,3288
3.286250000000109,-1308,-2244,298,3288
3.286875000000009,-1042,-1958,352,3288
3.287499999999909,478,-454,222,3288
3.2881250000000364,506,154,-108,3288
3.2887499999999363,1468,1610,300,3288
3.2893750000000637,1216,978,-138,3288
3.2899999999999636,1774,2576,312,3288
3.290625000000091,1102,1760,304,3288
3.291249999999991,1488,2294,324,3288
3.2918750000001182,60,384,604,3288
3.292500000000018,-122,142,810,3288
3.293124999999918,-952,-1658,356,3288
3.2937500000000455,-1306,-2238,226,3288
3.2943749999999454,-1376,-2458,266,3288
3.2950000000000728,-1578,-3010,142,3288
3.2956249999999727,-950,-2760,36,3288
3.2962500000001,-1178,-2822,-50,3288
3.296875,-18,-1024,92,3288
3.2975000000001273,212,-496,0,3288
3.2981250000000273,1578,1872,0,3288
3.2987499999999272,740,1440,322,3274
3.2993750000000546,1424,2626,332,3274
3.2999999999999545,1156,2676,250,3274
3.300625000000082,1222,3520,384,3274
3.301249999999982,216,1886,294,3274
3.301875000000109,-428,652,208,3274
3.302500000000009,-1148,-312,340,3274
3.303124999999909,-1028,-444,600,3274
3.3037500000000364,-1212,-1650,306,3274
3.3043749999999363,-1536,-2180,138,3274
3.3050000000000637,-1062,-1676,648,3274
3.3056249999999636,-670,-1676,170,3274
3.306250000000091,150,-820,112,3274
3.306874999999991,512,70,196,3274
3.3075000000001182,1666,1434,-222,3274
3.308125000000018,956,1028,396,3274
3.308749999999918,1464,1852,200,3274
3.3093750000000455,1448,2072,536,3274
3.3099999999999454,1122,1632,442,3274
3.3106250000000728,126,448,638,3274
3.3112499999999727,-280,-370,490,3274
3.3118750000001,-1182,-1954,300,3274
3.3125,-1080,-2208,-132,3274
3.3131250000001273,-1332,-2138,382,3274
3.3137500000000273,-1344,-2522,320,3274
3.3143749999999272,-1078,-2910,0,3274
3.3150000000000546,-960,-2138,-72,3274
3.3156249999999545,278,-368,134,3274
3.316250000000082,536,94,88,3274
3.316874999999982,1380,1878,108,3274
3.317500000000109,976,2126,308,3274
3.318125000000009,1382,2588,164,3274
3.318749999999909,924,2398,92,3274
3.3193750000000364,988,3558,430,3274
3.3199999999999363,460,1984,278,3274
3.3206250000000637,-370,526,232,3274
3.3212499999999636,-1360,-742,366,3274
3.321875000000091,-1554,-1184,660,3274
3.322499999999991,-756,-1464,306,3274
3.3231250000001182,-1532,-2116,420,3274
3.323750000000018,-1134,-2460,214,3274
3.324374999999918,-1074,-2112,298,3274
3.3250000000000455,414,-726,4,3274
3.3256249999999454,390,-220,-138,3274
3.3262500000000728,1708,1516,280,3274
3.3268749999999727,1334,1348,138,3274
3.3275000000001,1448,2160,600,3274
3.328125,1014,1372,600,3274
3.3287500000001273,1234,1570,398,3274
3.3293750000000273,-264,270,326,3274
3.3299999999999272,-408,-286,362,3274
3.3306250000000546,-1352,-2056,358,3274
3.3312499999999545,-1736,-2866,6,3274
3.331875000000082,-1860,-2908,340,3274
3.332499999999982,-1380,-2880,272,3274
3.333125000000109,-896,-2492,70,3274
3.333750000000009,-926,-1834,152,3274
3.334374999999909,372,96,244,3273
3.3350000000000364,1132,1082,274,3273
3.3356249999999363,1452,2322,88,3273
3.3362500000000637,1030,2416,78,3273
3.3368749999999636,1280,2816,134,3273
3.337500000000091,1028,2710,286,3273
3.338124999999991,654,2682,374,3273
3.3387500000001182,204,1584,578,3273
3.339375000000018,-486,240,384,3273
3.339999999999918,-1246,-1078,268,3273
3.3406250000000455,-1880,-2014,632,3273
3.3412499999999454,-860,-2052,434,3273
3.3418750000000728,-1088,-2168,-100,3273
3.3424999999999727,-830,-2022,406,3273
3.3431250000001,-310,-1738,-314,3273
3.34375,752,296,414,3273
3.3443750000001273,734,284,128,3273
3.3450000000000273,1874,1824,160,3273
3.3456249999999272,1446,1486,400,3273
3.3462500000000546,1114,1740,580,3273
3.3468749999999545,656,840,274,3273
3.347500000000082,1002,1374,136,3273
3.348124999999982,-454,-80,242,3273
3.348750000000109,-966,-1014,386,3273
3.349375000000009,-1070,-1886,276,3273
3.349999999999909,-1452,-2516,166,3273
3.3506250000000364,-1440,-2624,174,3273
3.3512499999999363,-982,-2082,144,3273
3.3518750000000637,-256,-1292,90,3273
3.3524999999999636,-706,-1176,178,3269
3.353125000000091,674,378,200,3269
3.353749999999991,1010,1316,106,3269
3.3543750000001182,1578,2848,134,3269
3.355000000000018,1004,2532,258,3269
3.355624999999918,1384,3136,86,3269
3.3562500000000455,640,2356,152,3269
3.3568749999999454,478,2124,668,3269
3.3575000000000728,-576,230,406,3269
3.3581249999999727,-1044,-630,356,3269
3.3587500000001,-1328,-1096,742,3269
3.359375,-1278,-1916,290,3269
3.3600000000001273,-1280,-2752,256,3269
3.3606250000000273,-746,-1920,242,3269
3.3612499999999272,40,-1244,-162,3269
3.3618750000000546,-232,-960,338,3269
3.3624999999999545,1156,508,6,3269
3.363125000000082,1368,1396,524,3269
3.363749999999982,1816,1728,206,3269
3.364375000000109,828,1170,402,3269
3.365000000000009,1266,2112,522,3269
3.365624999999909,384,640,280,3269
3.3662500000000364,314,338,-98,3269
3.3668749999999363,-954,-856,450,3269
3.3675000000000637,-1100,-1592,472,3269
3.3681249999999636,-1658,-2810,140,3269
3.368750000000091,-1556,-2642,-14,3269
3.369374999999991,-890,-2160,192,3269
3.3700000000001182,-670,-1924,144,3269
3.370625000000018,0,-712,236,3269
3.371249999999918,-64,56,268,3269
3.3718750000000455,1438,1760,30,3269
3.3724999999999454,1368,2310,-58,3269
3.3731250000000728,1744,3982,250,3269
3.3737499999999727,1276,2900,154,3269
3.3743750000001,1006,2812,320,3269
3.375,-154,1294,388,3269
3.3756250000001273,-162,1332,682,3269
3.3762500000000273,-520,-392,414,3269
3.3768749999999272,-1802,-1774,580,3269
3.3775000000000546,-1554,-2482,230,3269
3.3781249999999545,-1518,-2176,496,3269
3.378750000000082,-628,-2376,-152,3269
3.379374999999982,-456,-1552,-16,3269
3.380000000000109,584,-354,228,3269
3.380625000000009,158,-572,50,3269
3.381249999999909,1586,1574,564,3269
3.3818750000000364,1284,1364,552,3269
3.3824999999999363,1792,1844,204,3269
3.3831250000000637,406,984,250,3269
3.3837499999999636,838,1850,388,3269
3.384375000000091,-548,-468,298,3269
3.384999999999991,-640,-896,74,3269
3.3856250000001182,-1234,-1520,280,3269
3.386250000000018,-1650,-2486,376,3269
3.386874999999918,-1120,-2290,180,3269
3.3875000000000455,-1416,-2250,100,3269
3.3881249999999454,-618,-1438,300,3255
3.3887500000000728,120,-700,224,3255
3.3893749999999727,764,798,24,3255
3.3900000000001,244,930,80,3255
3.390625,1684,2624,28,3255
3.3912500000001273,1576,2936,172,3255
3.3918750000000273,974,2910,274,3255
3.3924999999999272,742,2260,658,3255
3.3931250000000546,600,1962,330,3255
3.3937499999999545,-696,318,316,3255
3.394375000000082,-1154,-500,664,3255
3.394999999999982,-772,-1334,494,3255
3.395625000000109,-1570,-2406,72,3255
3.396250000000009,-1650,-3028,358,3255
3.396874999999909,-1086,-2600,-132,3255
3.3975000000000364,104,-950,334,3255
3.3981249999999363,106,-986,-40,3255
3.3987500000000637,1408,788,164,3255
3.3993749999999636,896,460,352,3255
3.400000000000091,1770,2170,434,3255
3.400624999999991,1310,1680,334,3255
3.4012500000001182,1522,2252,156,3255
3.401875000000018,80,596,240,3255
3.402499999999918,-206,554,460,3255
3.4031250000000455,-916,-1146,318,3255
3.4037499999999454,-1362,-1998,128,3255
3.4043750000000728,-1486,-2418,146,3255
3.4049999999999727,-1508,-2630,158,3255
3.4056250000001,-854,-2342,94,3255
3.40625,-1122,-1826,278,3253
3.4068750000001273,378,-16,242,3253
3.4075000000000273,800,822,68,3253
3.4081249999999272,1688,2742,156,3253
3.4087500000000546,990,2264,188,3253
3.4093749999999545,1562,3118,-54,3253
3.410000000000082,1076,2874,218,3253
3.410624999999982,746,2412,588,3253
3.411250000000109,-176,810,448,3253
3.411875000000009,-384,446,344,3253
3.412499999999909,-1462,-1010,780,3253
3.4131250000000364,-1218,-1598,358,3253
3.4137499999999363,-1160,-2214,324,3253
3.4143750000000637,-1410,-2624,196,3253
3.4149999999999636,-294,-1546,-84,3253
3.415625000000091,-500,-1452,236,3253
3.416249999999991,672,-268,94,3253
3.4168750000001182,1236,892,572,3253
3.417500000000018,1584,1264,258,3253
3.418124999999918,904,960,346,3253
3.4187500000000455,1152,1964,522,3253
3.4193749999999454,654,988,252,3253
3.4200000000000728,472,636,-134,3253
3.4206249999999727,-696,-400,312,3253
3.4212500000001,-958,-908,560,3253
3.421875,-1586,-2550,172,3253
3.4225000000001273,-1574,-2458,38,3253
3.4231250000000273,-944,-1986,282,3253
3.4237499999999272,-1256,-2548,140,3253
3.4243750000000546,-350,-1280,238,3235
3.4249999999999545,-352,-484,200,3235
3.425625000000082,1100,1252,46,3235
3.426249999999982,1098,1760,-154,3235
3.426875000000109,1776,3724,294,3235
3.427500000000009,1284,2822,186,3235
3.428124999999909,1264,2874,298,3235
3.4287500000000364,0,1488,344,3235
3.4293749999999363,62,1682,624,3235
3.4300000000000637,-256,46,514,3235
3.4306249999999636,-1558,-1468,442,3235
3.431250000000091,-1720,-2302,320,3235
3.431874999999991,-1776,-2568,508,3235
3.4325000000001182,-698,-2382,-110,3235
3.433125000000018,-1094,-2304,6,3235
3.433749999999918,456,-780,212,3235
3.4343750000000455,76,-866,84,3235
3.4349999999999454,1326,1138,494,3235
3.4356250000000728,1420,1440,544,3235
3.4362499999999727,1834,1814,180,3235
3.4368750000001,494,1024,248,3235
3.4375,994,1776,340,3235
3.4381250000001273,-416,-206,376,3235
3.4387500000000273,-506,-588,96,3235
3.4393749999999272,-1054,-1264,186,3235
3.4400000000000546,-1502,-2118,468,3235
3.4406249999999545,-1484,-2828,140,3235
3.441250000000082,-1488,-2294,114,3235
3.441874999999982,-544,-1392,220,3234
3.442500000000109,-346,-1330,254,3234
3.443125000000009,608,450,58,3234
3.443749999999909,88,706,152,3234
3.4443750000000364,1476,2250,72,3234
3.4449999999999363,1732,2968,150,3234
3.4456250000000637,1412,3670,310,3234
3.4462499999999636,854,2476,538,3234
3.446875000000091,596,1972,404,3234
3.447499999999991,-394,614,272,3234
3.4481250000001182,-852,-42,696,3234
3.448750000000018,-578,-988,510,3234
3.449374999999918,-1386,-2022,66,3234
3.4500000000000455,-1718,-2904,458,3234
3.4506249999999454,-1124,-2640,-240,3234
3.4512500000000728,-68,-1078,436,3234
3.4518749999999727,-196,-1466,-78,3234
3.4525000000001,1276,464,192,3234
3.453125,810,140,340,3234
3.4537500000001273,1286,1646,578,3234
3.4543750000000273,1706,1864,300,3234
3.4549999999999272,1780,2300,124,3234
3.4556250000000546,274,890,174,3234
3.4562499999999545,-94,698,540,3234
3.456875000000082,-652,-896,128,3234
3.457499999999982,-1418,-1896,170,3234
3.458125000000109,-1316,-1922,174,3234
3.458750000000009,-1500,-2304,168,3234
3.459374999999909,-1094,-2532,164,3246
3.4600000000000364,-1628,-2536,320,3246
3.4606249999999363,-44,-704,188,3246
3.4612500000000637,366,-50,58,3246
3.4618749999999636,1512,2140,96,3246
3.462500000000091,1206,2310,152,3246
3.463124999999991,1600,2922,-68,3246
3.4637500000001182,1516,3224,208,3246
3.464375000000018,1478,3508,546,3246
3.464999999999918,196,1552,430,3246
3.4656250000000455,-62,832,298,3246
3.4662499999999454,-1262,-530,736,3246
3.4668750000000728,-1238,-1370,440,3246
3.4674999999999727,-1202,-2078,288,3246
3.4681250000001,-1416,-2450,130,3246
3.46875,-846,-2324,-46,3246
3.4693750000001273,-852,-2068,224,3246
3.4700000000000273,118,-1050,206,3246
3.4706249999999272,434,-362,516,3246
3.4712500000000546,1766,1152,204,3246
3.4718749999999545,876,714,326,3246
3.472500000000082,1020,1476,530,3246
3.473124999999982,1378,1682,96,3246
3.473750000000109,1190,2016,-34,3246
3.474375000000009,-180,608,378,3246
3.474999999999909,-336,-128,356,3246
3.4756250000000364,-1152,-1354,296,3246
3.4762499999999363,-1726,-2172,148,3246
3.4768750000000637,-1096,-1956,256,3246
3.4774999999999636,-1192,-2220,222,3246
3.478125000000091,-1428,-2422,356,3243
3.478749999999991,-1128,-1866,144,3243
3.4793750000001182,450,48,102,3243
3.480000000000018,770,906,-56,3243
3.480624999999918,1304,2392,218,3243
3.4812500000000455,1600,2834,262,3243
3.4818749999999454,1600,2950,242,3243
3.4825000000000728,674,2180,312,3243
3.4831249999999727,1408,3240,412,3243
3.4837500000001,512,1442,402,3243
3.484375,-608,58,390,3243
3.4850000000001273,-1174,-1124,284,3243
3.4856250000000273,-1454,-1652,560,3243
3.4862499999999272,-894,-2222,-22,3243
3.4868750000000546,-1396,-2292,182,3243
3.4874999999999545,-878,-2322,322,3243
3.488125000000082,-896,-2590,18,3243
3.488749999999982,324,-702,514,3243
3.489375000000109,554,-192,424,3243
3.490000000000009,1688,1028,120,3243
3.490624999999909,1094,1124,176,3243
3.4912500000000364,1432,2132,320,3243
3.4918749999999363,652,1108,282,3243
3.4925000000000637,1082,1742,56,3243
3.4931249999999636,76,1104,178,3243
3.493750000000091,-560,-46,508,3243
3.494374999999991,-1132,-1280,200,3243
3.4950000000001182,-1314,-1516,152,3243
3.495625000000018,-1738,-2304,420,3247
3.496249999999918,-1226,-2364,326,3247
3.4968750000000455,-1054,-1830,202,3247
3.4974999999999454,-1084,-1168,310,3247
3.4981250000000728,176,-550,44,3247
3.4987499999999727,792,666,0,3247
3.4993750000001,1214,2258,158,3247
3.5,1214,2300,520,3247
3.5006250000001273,2024,3398,222,3247
3.5012500000000273,1290,2756,170,3247
3.5018749999999272,1004,2804,628,3247
3.5025000000000546,504,1320,570,3247
3.5031249999999545,64,536,114,3247
3.503750000000082,-1432,-1136,612,3247
3.504374999999982,-912,-1616,-18,3247
3.505000000000109,-1352,-2338,396,3247
3.505625000000009,-1598,-3196,66,3247
3.506249999999909,-1166,-3102,444,3247
3.5068750000000364,-820,-2548,240,3247
3.5074999999999363,136,-1162,394,3247
3.5081250000000637,776,-300,338,3247
3.5087499999999636,1762,1184,-60,3247
3.509375000000091,836,934,-50,3247
3.509999999999991,1598,2820,356,3247
3.5106250000001182,1066,1930,178,3247
3.511250000000018,936,1842,70,3247
3.511874999999918,-226,708,172,3247
3.5125000000000455,-466,92,338,3247
3.5131249999999454,-1112,-1148,340,3259
3.5137500000000728,-1530,-1456,440,3259
3.5143749999999727,-1454,-1880,364,3259
3.5150000000001,-964,-1710,178,3259
3.515625,-678,-1276,136,3259
3.5162500000001273,-980,-1024,256,3259
3.5168750000000273,400,16,-118,3259
3.5174999999999272,1078,1232,108,3259
3.5181250000000546,1372,2086,256,3259
3.5187499999999545,890,1880,406,3259
3.519375000000082,2186,3346,140,3259
3.519999999999982,638,2334,608,3259
3.520625000000109,996,2056,316,3259
3.521250000000009,-24,590,390,3259
3.521874999999909,-312,44,258,3259
3.5225000000000364,-810,-1038,68,3259
3.5231249999999363,-1202,-1740,432,3259
3.5237500000000637,-1318,-2714,322,3259
3.5243749999999636,-1234,-2562,622,3259
3.525000000000091,-440,-2272,384,3259
3.525624999999991,-536,-1988,176,3259
3.5262500000001182,170,-622,384,3259
3.526875000000018,1170,398,62,3259
3.527499999999918,1630,1336,-180,3259
3.5281250000000455,732,1068,68,3259
3.5287499999999454,1296,2378,254,3259
3.5293750000000728,1056,2172,364,3259
3.5299999999999727,670,1656,58,3259
3.5306250000001,-314,538,324,3259
3.53125,-530,70,382,3260
3.5318750000001273,-1400,-1150,450,3260
3.5325000000000273,-1598,-1370,338,3260
3.5331249999999272,-994,-1450,200,3260
3.5337500000000546,-1310,-2116,-52,3260
3.5343749999999545,-804,-1258,398,3260
3.535000000000082,-800,-1048,338,3260
3.535624999999982,762,432,158,3260
3.536250000000109,564,880,80,3260
3.536875000000009,1704,2578,256,3260
3.537499999999909,1182,1648,296,3260
3.5381250000000364,1472,2612,294,3260
3.5387499999999363,978,2302,194,3260
3.5393750000000637,1128,2694,672,3260
3.5399999999999636,292,530,-40,3260
3.540625000000091,-634,-328,398,3260
3.541249999999991,-1372,-1878,448,3260
3.5418750000001182,-1536,-2618,274,3260
3.542500000000018,-1366,-2774,596,3260
3.543124999999918,-1536,-3070,536,3260
3.5437500000000455,-348,-2584,162,3260
3.5443749999999454,-902,-2548,98,3260
3.5450000000000728,482,-356,200,3260
3.5456249999999727,684,20,98,3260
3.5462500000001,1794,1768,-242,3260
3.546875,1294,1972,50,3260
3.5475000000001273,1358,2620,294,3260
3.5481250000000273,976,2134,172,3260
3.5487499999999272,684,2248,280,3260
3.5493750000000546,-64,1106,390,3264
3.5499999999999545,-688,-94,486,3264
3.550625000000082,-1476,-1200,366,3264
3.551249999999982,-1792,-1422,402,3264
3.551875000000109,-1220,-1566,308,3264
3.552500000000009,-1268,-2092,18,3264
3.553124999999909,-986,-1602,214,3264
3.5537500000000364,-704,-892,608,3264
3.5543749999999363,438,92,198,3264
3.5550000000000637,860,808,-44,3264
3.5556249999999636,1626,2734,478,3264
3.556250000000091,1208,1720,372,3264
3.556874999999991,1432,2010,40,3264
3.5575000000001182,948,2136,488,3264
3.558125000000018,946,1880,118,3264
3.558749999999918,58,466,456,3264
3.5593750000000455,-424,-658,242,3264
3.5599999999999454,-1540,-2012,760,3264
3.5606250000000728,-1288,-2702,310,3264
3.5612499999999727,-1012,-2298,508,3264
3.5618750000001,-1054,-2600,474,3264
3.5625,-304,-2498,10,3264
3.5631250000001273,-592,-2060,-252,3264
3.5637500000000273,202,-192,208,3264
3.5643749999999272,864,542,128,3264
3.5650000000000546,1918,2096,-244,3264
3.5656249999999545,838,1486,-24,3264
3.566250000000082,1316,2412,220,3264
3.566874999999982,964,2086,268,3264
3.567500000000109,530,2386,406,3266
3.568125000000009,-112,1346,394,3266
3.568749999999909,-306,342,242,3266
3.5693750000000364,-1528,-1172,298,3266
3.5699999999999363,-2048,-1536,470,3266
3.5706250000000637,-982,-1344,190,3266
3.5712499999999636,-1076,-1658,164,3266
3.571875000000091,-1130,-1884,374,3266
3.572499999999991,-868,-1418,318,3266
3.5731250000001182,812,206,122,3266
3.573750000000018,398,646,342,3266
3.574374999999918,1804,2120,44,3266
3.5750000000000455,1464,2120,384,3266
3.5756249999999454,1598,2298,60,3266
3.5762500000000728,786,1472,52,3266
3.5768749999999727,1168,1984,418,3266
3.5775000000001,26,424,392,3266
3.578125,-562,-370,772,3266
3.5787500000001273,-1146,-2032,594,3266
3.5793750000000273,-1318,-2668,384,3266
3.5799999999999272,-1878,-3132,498,3266
3.5806250000000546,-1112,-2798,106,3266
3.5812499999999545,-764,-2786,-8,3266
3.581875000000082,-998,-2478,-98,3266
3.582499999999982,148,-700,104,3266
3.583125000000109,954,450,96,3266
3.583750000000009,1500,1752,-22,3266
3.584374999999909,1164,2068,130,3280
3.5850000000000364,1214,2554,334,3280
3.5856249999999363,1208,2578,336,3280
3.5862500000000637,756,2786,346,3280
3.5868749999999636,-224,1302,272,3280
3.587500000000091,-552,244,152,3280
3.588124999999991,-1210,-416,498,3280
3.5887500000001182,-1808,-1520,544,3280
3.589375000000018,-922,-1406,364,3280
3.589999999999918,-1146,-1500,160,3280
3.5906250000000455,-1024,-1792,258,3280
3.5912499999999454,-966,-1722,302,3280
3.5918750000000728,700,88,320,3280
3.5924999999999727,654,486,-12,3280
3.5931250000001,1580,1852,270,3280
3.59375,1706,1700,-148,3280
3.5943750000001273,1326,2154,398,3280
3.5950000000000273,828,1300,226,3280
3.5956249999999272,1406,2074,288,3280
3.5962500000000546,-276,-60,634,3280
3.5968749999999545,-660,-718,676,3280
3.597500000000082,-1006,-1936,502,3280
3.598124999999982,-1564,-2852,168,3280
3.598750000000109,-1130,-2252,194,3280
3.599375000000009,-1152,-2194,292,3280
3.599999999999909,-452,-2266,-110,3280
3.6006250000000364,-906,-2280,-154,3280
3.6012499999999363,286,-236,192,3280
3.6018750000000637,524,242,60,3280
3.6024999999999636,1500,2044,54,3283
3.603125000000091,966,2074,320,3283
3.603749999999991,1604,3166,296,3283
3.6043750000001182,788,2326,294,3283
3.605000000000018,726,2824,408,3283
3.605624999999918,-76,1466,268,3283
3.6062500000000455,-802,-146,166,3283
3.6068749999999454,-1208,-596,382,3283
3.6075000000000728,-1250,-844,664,3283
3.6081249999999727,-1514,-2440,322,3283
3.6087500000001,-1540,-2494,84,3283
3.609375,-734,-1208,488,3283
3.6100000000001273,-502,-1322,344,3283
3.6106250000000273,448,-752,-42,3283
3.6112499999999272,1036,768,184,3283
3.6118750000000546,1630,1762,-100,3283
3.6124999999999545,1100,1342,258,3283
3.613125000000082,1894,2606,178,3283
3.613749999999982,974,1792,714,3283
3.614375000000109,1018,1160,324,3283
3.615000000000009,-230,-84,524,3283
3.615624999999909,-684,-742,836,3283
3.6162500000000364,-1132,-2350,128,3283
3.6168749999999363,-1370,-2562,-106,3283
3.6175000000000637,-1536,-2580,390,3283
3.6181249999999636,-1138,-2594,242,3283
3.618750000000091,-610,-2444,-114,3283
3.619374999999991,-654,-1626,-26,3283
3.6200000000001182,818,306,50,3283
3.620625000000018,932,852,216,3283
3.621249999999918,1574,2440,120,3285
3.6218750000000455,1024,2396,246,3285
3.6224999999999454,1784,3356,152,3285
3.6231250000000728,628,2326,82,3285
3.6237499999999727,490,2944,444,3285
3.6243750000001,-62,1286,454,3285
3.625,-670,134,364,3285
3.6256250000001273,-1704,-1460,336,3285
3.6262500000000273,-1590,-1514,624,3285
3.6268749999999272,-928,-2016,232,3285
3.6275000000000546,-1722,-2564,368,3285
3.6281249999999545,-394,-1668,48,3285
3.628750000000082,-538,-1180,352,3285
3.629374999999982,952,-26,-136,3285
3.630000000000109,914,726,16,3285
3.630625000000009,1658,1784,258,3285
3.631249999999909,886,1034,206,3285
3.6318750000000364,1672,2656,606,3285
3.6324999999999363,654,1120,588,3285
3.6331250000000637,738,752,454,3285
3.6337499999999636,-738,-602,418,3285
3.634375000000091,-836,-1274,284,3285
3.634999999999991,-1258,-2382,290,3285
3.6356250000001182,-1604,-2756,28,3285
3.636250000000018,-1404,-2632,130,3285
3.636874999999918,-818,-2402,260,3285
3.6375000000000455,-130,-1284,0,3285
3.6381249999999454,-366,-676,72,3285
3.6387500000000728,960,924,112,3284
3.6393749999999727,1714,2170,238,3284
3.6400000000001,1268,2714,146,3284
3.640625,600,2124,150,3284
3.6412500000001273,1328,2890,90,3284
3.6418750000000273,372,2220,510,3284
3.6424999999999272,-298,1310,500,3284
3.6431250000000546,-430,284,532,3284
3.6437499999999545,-1070,-622,402,3284
3.644375000000082,-1984,-2160,320,3284
3.644999999999982,-1874,-2340,528,3284
3.645625000000109,-502,-1796,384,3284
3.646250000000009,-892,-1972,-56,3284
3.646874999999909,2,-904,328,3284
3.6475000000000364,296,-788,-242,3284
3.6481249999999363,1372,1330,262,3284
3.6487500000000637,1288,1352,100,3284
3.6493749999999636,2250,2766,160,3284
3.650000000000091,808,1154,486,3284
3.650624999999991,820,1716,728,3284
3.6512500000001182,144,200,476,3284
3.651875000000018,-28,-280,226,3284
3.652499999999918,-1104,-1434,348,3284
3.6531250000000455,-1556,-2276,402,3284
3.6537499999999454,-1200,-2770,8,3284
3.6543750000000728,-1572,-2944,30,3284
3.6549999999999727,-974,-2334,176,3284
3.6556250000001,-168,-1300,46,3284
3.65625,424,-110,84,3284
3.6568750000001273,112,230,192,3269
3.6575000000000273,1536,2184,106,3269
3.6581249999999272,1350,2452,198,3269
3.6587500000000546,1422,3298,312,3269
3.6593749999999545,670,2424,262,3269
3.660000000000082,814,2580,188,3269
3.660624999999982,-520,986,400,3269
3.661250000000109,-576,450,656,3269
3.661875000000009,-1292,-1232,518,3269
3.662499999999909,-1522,-1856,188,3269
3.6631250000000364,-1226,-1570,550,3269
3.6637499999999363,-1194,-2064,408,3269
3.6643750000000637,-436,-1914,50,3269
3.6649999999999636,242,-554,198,3269
3.665625000000091,876,198,-180,3269
3.666249999999991,634,324,178,3269
3.6668750000001182,1742,1812,38,3269
3.667500000000018,1470,2022,582,3269
3.668124999999918,1580,1808,332,3269
3.6687500000000455,376,808,550,3269
3.6693749999999454,256,936,710,3269
3.6700000000000728,-550,-938,288,3269
3.6706249999999727,-836,-1428,-68,3269
3.6712500000001,-1444,-2074,402,3269
3.671875,-1468,-2640,306,3269
3.6725000000001273,-1276,-3174,-24,3269
3.6731250000000273,-1200,-2472,-40,3269
3.6737499999999272,68,-980,128,3269
3.6743750000000546,336,-318,150,3269
3.6749999999999545,1002,1318,162,3266
3.675625000000082,764,1624,176,3266
3.676249999999982,1818,3030,48,3266
3.676875000000109,1076,2652,-14,3266
3.677500000000009,1252,3942,412,3266
3.678124999999909,552,2206,400,3266
3.6787500000000364,114,1428,388,3266
3.6793749999999363,-1330,-506,434,3266
3.6800000000000637,-1034,-584,582,3266
3.6806249999999636,-998,-1598,438,3266
3.681250000000091,-1816,-2604,346,3266
3.681874999999991,-1006,-2180,178,3266
3.6825000000001182,-928,-1716,398,3266
3.683125000000018,384,-964,-166,3266
3.683749999999918,528,-4,-10,3266
3.6843750000000455,1408,1174,144,3266
3.6849999999999454,796,704,146,3266
3.6856250000000728,1950,2632,560,3266
3.6862499999999727,942,1426,530,3266
3.6868750000001,1098,1202,412,3266
3.6875,-328,2,390,3266
3.6881250000001273,-480,-384,384,3266
3.6887500000000273,-1216,-2108,220,3266
3.6893749999999272,-1534,-2360,256,3266
3.6900000000000546,-1500,-2648,136,3266
3.6906249999999545,-1216,-2624,308,3266
3.691250000000082,-450,-1710,96,3266
3.691874999999982,-766,-1332,40,3266
3.692500000000109,384,34,244,3266
3.693125000000009,1430,1378,180,3266
3.693749999999909,1140,2182,16,3266
3.6943750000000364,616,1976,170,3266
3.6949999999999363,1674,3104,-6,3266
3.6956250000000637,956,2808,342,3266
3.6962499999999636,210,2072,444,3266
3.696875000000091,-98,1000,616,3266
3.697499999999991,-562,180,434,3266
3.6981250000001182,-1670,-1442,416,3266
3.698750000000018,-1720,-1916,522,3266
3.699374999999918,-768,-1872,492,3266
3.7000000000000455,-1280,-2468,-56,3266
3.7006249999999454,-634,-1866,366,3266
3.7012500000000728,-200,-1496,-210,3266
3.7018749999999727,1082,668,224,3266
3.7025000000001,1102,796,-64,3266
3.703125,2076,2328,180,3266
3.7037500000001273,1004,1078,372,3266
3.7043750000000273,1334,2182,620,3266
3.7049999999999272,584,888,486,3266
3.7056250000000546,414,504,290,3266
3.7062499999999545,-832,-862,206,3266
3.706875000000082,-1408,-1544,642,3266
3.707499999999982,-1308,-2682,82,3266
3.708125000000109,-1658,-2932,24,3266
3.708750000000009,-1266,-2622,184,3266
3.709374999999909,-582,-1800,48,3266
3.7100000000000364,146,-664,58,3266
3.7106249999999363,-238,-308,328,3264
3.7112500000000637,1156,1436,92,3264
3.7118749999999636,1422,2190,132,3264
3.712500000000091,1544,3172,168,3264
3.713124999999991,872,2480,140,3264
3.7137500000001182,1176,2978,128,3264
3.714375000000018,34,1704,358,3264
3.714999999999918,-262,1036,654,3264
3.7156250000000455,-978,-626,536,3264
3.7162499999999454,-1536,-1520,320,3264
3.7168750000000728,-1360,-1634,594,3264
3.7174999999999727,-1338,-2164,396,3264
3.7181250000001,-856,-2450,178,3264
3.71875,-44,-1144,144,3264
3.7193750000001273,534,-352,-154,3264
3.7200000000000273,374,-166,174,3264
3.7206249999999272,1540,1328,40,3264
3.7212500000000546,1592,1838,502,3264
3.7218749999999545,1664,1760,258,3264
3.722500000000082,610,1002,468,3264
3.723124999999982,642,1442,672,3264
3.723750000000109,-246,-448,238,3264
3.724375000000009,-520,-894,-28,3264
3.724999999999909,-1290,-1666,450,3264
3.7256250000000364,-1414,-2358,376,3264
3.7262499999999363,-1534,-3224,62,3264
3.7268750000000637,-1498,-2708,-18,3264
3.7274999999999636,-268,-1526,128,3264
3.728125000000091,-64,-864,224,3264
3.728749999999991,600,534,144,3249
3.7293750000001182,528,992,76,3249
3.730000000000018,1712,2590,68,3249
3.730624999999918,1248,2628,-90,3249
3.7312500000000455,1450,4008,332,3249
3.7318749999999454,830,2526,476,3249
3.7325000000000728,660,2144,320,3249
3.7331249999999727,-996,214,376,3249
3.7337500000001,-576,244,710,3249
3.734375,-856,-1200,448,3249
3.7350000000001273,-1916,-2444,360,3249
3.7356250000000273,-1314,-2434,178,3249
3.7362499999999272,-1306,-2122,428,3249
3.7368750000000546,-142,-1850,-158,3249
3.7374999999999545,64,-748,24,3249
3.738125000000082,1126,604,168,3249
3.738749999999982,584,182,2,3249
3.739375000000109,1906,2334,520,3249
3.740000000000009,1082,1272,498,3249
3.740624999999909,1564,1584,220,3249
3.7412500000000364,134,694,294,3249
3.7418749999999363,-56,452,444,3249
3.7425000000000637,-836,-1190,308,3249
3.7431249999999636,-1106,-1608,202,3249
3.743750000000091,-1458,-2160,216,3249
3.744374999999991,-1474,-2618,412,3249
3.7450000000001182,-936,-2264,162,3249
3.745625000000018,-1278,-2018,64,3248
3.746249999999918,-300,-1066,220,3248
3.7468750000000455,834,194,152,3248
3.7474999999999454,782,1262,18,3248
3.7481250000000728,456,1460,148,3248
3.7487499999999727,1824,2954,-40,3248
3.7493750000001,1558,3220,230,3248
3.75,792,2840,380,3248
3.7506250000001273,426,1872,598,3248
3.7512500000000273,302,1572,358,3248
3.7518749999999272,-1002,-176,412,3248
3.7525000000000546,-1246,-910,644,3248
3.7531249999999545,-930,-1700,582,3248
3.753750000000082,-1520,-2540,10,3248
3.754374999999982,-1384,-2700,466,3248
3.755000000000109,-960,-2384,-144,3248
3.755625000000009,368,-524,320,3248
3.756249999999909,370,-402,-64,3248
3.7568750000000364,1580,1098,56,3248
3.7574999999999363,898,528,272,3248
3.7581250000000637,1668,2312,656,3248
3.7587499999999636,1260,1518,380,3248
3.759375000000091,1476,2048,134,3248
3.759999999999991,-42,502,204,3248
3.7606250000001182,-366,338,646,3248
3.761250000000018,-936,-1394,142,3248
3.761874999999918,-1320,-1980,136,3248
3.7625000000000455,-1434,-2342,198,3248
3.7631249999999454,-1508,-2632,136,3248
3.7637500000000728,-798,-2174,206,3259
3.7643749999999727,-1080,-1734,326,3259
3.7650000000001,300,-28,150,3259
3.765625,968,894,40,3259
3.7662500000001273,1404,2412,120,3259
3.7668750000000273,908,2102,148,3259
3.7674999999999272,1548,3136,2,3259
3.7681250000000546,1056,2844,250,3259
3.7687499999999545,854,2478,584,3259
3.769375000000082,-192,848,512,3259
3.769999999999982,-338,532,410,3259
3.770625000000109,-1446,-986,712,3259
3.771250000000009,-1150,-1528,446,3259
3.771874999999909,-1166,-2230,310,3259
3.7725000000000364,-1432,-2618,200,3259
3.7731249999999363,-452,-1904,-82,3259
3.7737500000000637,-538,-1606,228,3259
3.7743749999999636,646,-296,62,3259
3.775000000000091,1266,908,518,3259
3.775624999999991,1594,1260,216,3259
3.7762500000001182,896,1022,380,3259
3.776875000000018,1254,2144,530,3259
3.777499999999918,660,1024,210,3259
3.7781250000000455,506,686,-100,3259
3.7787499999999454,-680,-346,462,3259
3.7793750000000728,-922,-952,488,3259
3.7799999999999727,-1548,-2518,182,3259
3.7806250000001,-1536,-2400,118,3259
3.78125,-1062,-2204,280,3259
3.7818750000001273,-1292,-2596,238,3259
3.7825000000000273,-330,-1338,160,3256
3.7831249999999272,-340,-472,80,3256
3.7837500000000546,1100,1260,-24,3256
3.7843749999999545,1166,1762,-212,3256
3.785000000000082,1766,3738,258,3256
3.785624999999982,1272,2816,388,3256
3.786250000000109,1204,2668,268,3256
3.786875000000009,-48,1468,320,3256
3.787499999999909,78,1664,734,3256
3.7881250000000364,-412,-80,534,3256
3.7887499999999363,-1622,-1528,438,3256
3.7893750000000637,-1644,-2280,334,3256
3.7899999999999636,-1718,-2626,446,3256
3.790625000000091,-756,-2466,-64,3256
3.791249999999991,-996,-2176,54,3256
3.7918750000001182,558,-604,186,3256
3.792500000000018,148,-706,72,3256
3.793124999999918,1538,1358,482,3256
3.7937500000000455,1298,1342,494,3256
3.7943749999999454,1794,1794,208,3256
3.7950000000000728,440,906,178,3256
3.7956249999999727,980,1922,410,3256
3.7962500000001,-512,-398,314,3256
3.796875,-696,-828,240,3256
3.7975000000001273,-1172,-1530,142,3256
3.7981250000000273,-1776,-2442,572,3256
3.7987499999999272,-1348,-2814,146,3256
3.7993750000000546,-1482,-2432,72,3273
3.7999999999999545,-568,-1364,310,3273
3.800625000000082,64,-800,128,3273
3.801249999999982,776,720,-56,3273
3.801875000000109,224,1016,192,3273
3.802500000000009,1650,2548,-48,3273
3.803124999999909,1778,3104,126,3273
3.8037500000000364,948,2942,356,3273
3.8043749999999363,632,2066,576,3273
3.8050000000000637,654,1940,330,3273
3.8056249999999636,-794,192,418,3273
3.806250000000091,-1066,-512,644,3273
3.806874999999991,-710,-1246,552,3273
3.8075000000001182,-1582,-2352,106,3273
3.808125000000018,-1632,-2834,478,3273
3.808749999999918,-1060,-2478,-216,3273
3.8093750000000455,108,-836,280,3273
3.8099999999999454,-162,-1332,-102,3273
3.8106250000000728,1268,554,164,3273
3.8112499999999727,808,260,340,3273
3.8118750000001,1514,1958,578,3273
3.8125,1418,1678,392,3273
3.8131250000001273,1624,2182,108,3273
3.8137500000000273,102,672,118,3273
3.8143749999999272,-200,704,610,3273
3.8150000000000546,-706,-1014,192,3273
3.8156249999999545,-1506,-2138,126,3273
3.816250000000082,-1358,-2134,236,3273
3.816874999999982,-1664,-2612,192,3273
3.817500000000109,-1064,-2560,156,3273
3.818125000000009,-1316,-2008,408,3272
3.818749999999909,112,-444,94,3272
3.8193750000000364,630,470,38,3272
3.8199999999999363,1574,2312,42,3272
3.8206250000000637,882,1912,88,3272
3.8212499999999636,1560,3036,66,3272
3.821875000000091,1470,3202,202,3272
3.822499999999991,1164,2828,442,3272
3.8231250000001182,76,1282,454,3272
3.823750000000018,-40,976,414,3272
3.824374999999918,-1288,-584,738,3272
3.8250000000000455,-950,-1134,450,3272
3.8256249999999454,-1178,-2034,352,3272
3.8262500000000728,-1618,-2694,142,3272
3.8268749999999727,-682,-2078,16,3272
3.8275000000001,-768,-1946,172,3272
3.828125,376,-674,28,3272
3.8287500000001273,838,142,492,3272
3.8293750000000273,1348,794,278,3272
3.8299999999999272,808,698,378,3272
3.8306250000000546,1334,1996,460,3272
3.8312499999999545,966,1372,148,3272
3.831875000000082,916,1288,-64,3272
3.832499999999982,-388,190,424,3272
3.833125000000109,-526,-316,382,3272
3.833750000000009,-1358,-1894,318,3272
3.834374999999909,-1320,-1928,124,3272
3.8350000000000364,-1078,-1982,246,3272
3.8356249999999363,-1482,-2582,318,3272
3.8362500000000637,-892,-2004,230,3269
3.8368749999999636,-756,-1212,78,3269
3.837500000000091,624,504,64,3269
3.838124999999991,854,1102,-188,3269
3.8387500000001182,1754,3244,202,3269
3.839375000000018,1282,2624,390,3269
3.839999999999918,1322,2498,130,3269
3.8406250000000455,734,2408,206,3269
3.8412499999999454,946,2950,712,3269
3.8418750000000728,150,864,400,3269
3.8424999999999727,-1002,-508,476,3269
3.8431250000001,-1518,-1672,424,3269
3.84375,-1664,-2136,530,3269
3.8443750000001273,-1010,-2456,40,3269
3.8450000000000273,-1596,-2810,38,3269
3.8456249999999272,-248,-1790,204,3269
3.8462500000000546,-454,-1852,-10,3269
3.8468749999999545,862,104,384,3269
3.847500000000082,1064,562,384,3269
3.848124999999982,2100,2018,298,3269
3.848750000000109,780,1080,148,3269
3.849375000000009,1394,2240,280,3269
3.849999999999909,196,748,384,3269
3.8506250000000364,96,440,176,3269
3.8512499999999363,-624,-334,190,3269
3.8518750000000637,-1142,-1238,576,3269
3.8524999999999636,-1504,-2522,186,3269
3.853125000000091,-1556,-2138,178,3269
3.853749999999991,-916,-1580,352,3272
3.8543750000001182,-718,-1840,168,3272
3.855000000000018,26,-568,72,3272
3.855624999999918,-298,6,192,3272
3.8562500000000455,1138,1452,-64,3272
3.8568749999999454,1572,2346,162,3272
3.8575000000000728,1804,3786,134,3272
3.8581249999999727,1130,2832,576,3272
3.8587500000001,990,2388,380,3272
3.859375,108,1484,320,3272
3.8600000000001273,-460,648,706,3272
3.8606250000000273,-368,-534,574,3272
3.8612499999999272,-1298,-1786,158,3272
3.8618750000000546,-1846,-2866,512,3272
3.8624999999999545,-1288,-2672,-154,3272
3.863125000000082,-216,-1352,300,3272
3.863749999999982,-558,-1988,-196,3272
3.864375000000109,944,28,260,3272
3.865000000000009,670,-206,172,3272
3.865624999999909,1426,1640,516,3272
3.8662500000000364,1472,1682,426,3272
3.8668749999999363,1914,2406,74,3272
3.8675000000000637,306,946,146,3272
3.8681249999999636,116,1196,644,3272
3.868750000000091,-546,-574,228,3272
3.869374999999991,-1352,-1764,132,3272
3.8700000000001182,-1508,-2176,272,3272
3.870625000000018,-1822,-2814,156,3272
3.871249999999918,-1152,-2608,188,3272
3.8718750000000455,-1386,-2138,400,3270
3.8724999999999454,64,-562,44,3270
3.8731250000000728,808,648,84,3270
3.8737499999999727,1188,1850,32,3270
3.8743750000001,736,1804,86,3270
3.875,1740,3240,66,3270
3.8756250000001273,1148,2882,242,3270
3.8762500000000273,882,2560,494,3270
3.8768749999999272,-138,966,516,3270
3.8775000000000546,-366,544,390,3270
3.8781249999999545,-1034,-416,700,3270
3.878750000000082,-1036,-1214,444,3270
3.879374999999982,-1380,-2554,274,3270
3.880000000000109,-974,-2276,72,3270
3.880625000000009,-356,-1532,-78,3270
3.881249999999909,-458,-1484,202,3270
3.8818750000000364,734,-384,38,3270
3.8824999999999363,1092,768,560,3270
3.8831250000000637,1816,1516,248,3270
3.8837499999999636,1034,1156,316,3270
3.884375000000091,1372,2298,586,3270
3.884999999999991,580,970,148,3270
3.8856250000001182,542,776,-90,3270
3.886250000000018,-862,-478,528,3270
3.886874999999918,-940,-1386,352,3270
3.8875000000000455,-1520,-2572,180,3270
3.8881249999999454,-1566,-2516,144,3270
3.8887500000000728,-1184,-2560,170,3270
3.8893749999999727,-950,-2176,262,3270
3.8900000000001,-144,-826,164,3253
3.890625,-68,-150,0,3253
3.8912500000001273,1472,1800,22,3253
3.8918750000000273,1388,2358,-98,3253
3.8924999999999272,1560,3566,270,3253
3.8931250000000546,1334,3034,404,3253
3.8937499999999545,724,2136,220,3253
3.894375000000082,-392,928,324,3253
3.894999999999982,-30,1254,722,3253
3.895625000000109,-758,-750,416,3253
3.896250000000009,-1666,-1920,358,3253
3.896874999999909,-1286,-2004,304,3253
3.8975000000000364,-1566,-2296,420,3253
3.8981249999999363,-406,-1924,-32,3253
3.8987500000000637,-414,-1274,10,3253
3.8993749999999636,918,30,120,3253
3.900000000000091,686,62,78,3253
3.900624999999991,1430,1654,512,3253
3.9012500000001182,1012,1100,384,3253
3.901875000000018,1978,2182,400,3253
3.902499999999918,546,1238,356,3253
3.9031250000000455,262,772,406,3253
3.9037499999999454,-826,-1122,292,3253
3.9043750000000728,-1264,-1860,218,3253
3.9049999999999727,-1684,-2378,166,3253
3.9056250000001,-1446,-2530,428,3253
3.90625,-1082,-2588,150,3253
3.9068750000001273,-1360,-2344,-66,3256
3.9075000000000273,-114,-846,294,3256
3.9081249999999272,806,228,148,3256
3.9087500000000546,1122,1706,68,3256
3.9093749999999545,956,2116,166,3256
3.910000000000082,1434,2762,52,3256
3.910624999999982,1188,2718,270,3256
3.911250000000109,754,2912,422,3256
3.911875000000009,332,1752,556,3256
3.912499999999909,-406,348,338,3256
3.9131250000000364,-1248,-834,438,3256
3.9137499999999363,-1856,-2010,504,3256
3.9143750000000637,-688,-1552,596,3256
3.9149999999999636,-904,-1800,-84,3256
3.915625000000091,-988,-2090,454,3256
3.916249999999991,-266,-1728,-250,3256
3.9168750000001182,682,176,250,3256
3.917500000000018,830,374,-86,3256
3.918124999999918,2048,2140,170,3256
3.9187500000000455,1054,1014,370,3256
3.9193749999999454,858,1418,652,3256
3.9200000000000728,694,880,522,3256
3.9206249999999727,608,638,194,3256
3.9212500000001,-624,-542,200,3256
3.921875,-1086,-1160,540,3256
3.9225000000001273,-1266,-2470,96,3256
3.9231250000000273,-2060,-3530,0,3256
3.9237499999999272,-1204,-2452,162,3256
3.9243750000000546,-760,-1866,0,3256
3.9249999999999545,-122,-1172,130,3256
3.925625000000082,-244,-552,262,3255
3.926249999999982,1060,1404,150,3255
3.926875000000109,1292,1970,128,3255
3.927500000000009,1870,3800,176,3255
3.928124999999909,1280,3274,174,3255
3.9287500000000364,508,1964,154,3255
3.9293749999999363,6,1592,372,3255
3.9300000000000637,-484,960,720,3255
3.9306249999999636,-1276,-1034,562,3255
3.931250000000091,-1560,-1834,206,3255
3.931874999999991,-1768,-2138,742,3255
3.9325000000001182,-1492,-2600,350,3255
3.933125000000018,-512,-1936,114,3255
3.933749999999918,-132,-1054,72,3255
3.9343750000000455,1182,594,-124,3255
3.9349999999999454,674,344,220,3255
3.9356250000000728,1454,1506,114,3255
3.9362499999999727,1532,2118,644,3255
3.9368750000001,1664,2086,358,3255
3.9375,452,724,452,3255
3.9381250000001273,-56,242,734,3255
3.9387500000000273,-930,-1514,276,3255
3.9393749999999272,-936,-1784,-122,3255
3.9400000000000546,-1364,-2038,480,3255
3.9406249999999545,-1338,-2576,286,3255
3.941250000000082,-926,-2832,-18,3255
3.941874999999982,-1038,-2176,-18,3255
3.942500000000109,326,-288,70,3255
3.943125000000009,602,162,126,3255
3.943749999999909,1416,2074,102,3240
3.9443750000000364,942,2104,162,3240
3.9449999999999363,1442,2722,136,3240
3.9456250000000637,980,2644,78,3240
3.9462499999999636,570,3200,568,3240
3.946875000000091,164,1560,486,3240
3.947499999999991,-658,-122,230,3240
3.9481250000001182,-1866,-1626,382,3240
3.948750000000018,-1756,-1816,612,3240
3.949374999999918,-798,-1842,270,3240
3.9500000000000455,-1752,-2700,258,3240
3.9506249999999454,-208,-1306,152,3240
3.9512500000000728,-300,-846,296,3240
3.9518749999999727,1178,508,-134,3240
3.9525000000001,1010,1064,120,3240
3.953125,1610,1920,226,3240
3.9537500000001273,952,1086,198,3240
3.9543750000000273,1430,2386,694,3240
3.9549999999999272,172,482,578,3240
3.9556250000000546,228,10,430,3240
3.9562499999999545,-1042,-1254,478,3240
3.956875000000082,-1058,-1800,268,3240
3.957499999999982,-1172,-2490,204,3240
3.958125000000109,-1492,-2726,118,3240
3.958750000000009,-1114,-2440,-22,3240
3.959374999999909,-102,-1246,360,3240
3.9600000000000364,470,-398,-128,3240
3.9606249999999363,124,192,8,3240
3.9612500000000637,1310,1920,252,3243
3.9618749999999636,1888,2876,244,3243
3.962500000000091,1200,2950,132,3243
3.963124999999991,270,1976,380,3243
3.9637500000001182,808,2242,98,3243
3.964375000000018,-620,768,480,3243
3.964999999999918,-1250,-266,554,3243
3.9656250000000455,-1002,-958,496,3243
3.9662499999999454,-1520,-1880,272,3243
3.9668750000000728,-1520,-2322,356,3243
3.9674999999999727,-1280,-2172,284,3243
3.9681250000001,82,-938,404,3243
3.96875,326,-274,-188,3243
3.9693750000001273,1340,1440,316,3243
3.9700000000000273,1214,976,-152,3243
3.9706249999999272,1944,2810,238,3243
3.9712500000000546,1244,1800,82,3243
3.9718749999999545,1448,2098,298,3243
3.972500000000082,-136,126,556,3243
3.973124999999982,-634,-648,732,3243
3.973750000000109,-850,-1802,450,3243
3.974375000000009,-1110,-2278,292,3243
3.974999999999909,-1760,-3062,284,3243
3.9756250000000364,-1284,-2598,306,3243
3.9762499999999363,-210,-1944,-160,3243
3.9768750000000637,-578,-1764,-136,3243
3.9774999999999636,410,34,170,3243
3.978125000000091,626,532,-6,3243
3.978749999999991,1622,2444,66,3243
3.9793750000001182,1080,2488,384,3242
3.980000000000018,954,2434,346,3242
3.980624999999918,268,1580,300,3242
3.9812500000000455,284,2122,514,3242
3.9818749999999454,-656,492,310,3242
3.9825000000000728,-1354,-1202,170,3242
3.9831249999999727,-1520,-1450,406,3242
3.9837500000001,-1542,-1568,602,3242
3.984375,-1392,-2678,380,3242
3.9850000000001273,-626,-1702,-14,3242
3.9856250000000273,0,-236,476,3242
3.9862499999999272,430,-100,296,3242
3.9868750000000546,1500,1290,-30,3242
3.9874999999999545,1484,1990,110,3242
3.988125000000082,2048,2874,-10,3242
3.988749999999982,1302,2034,310,3242
3.989375000000109,696,1262,278,3242
3.990000000000009,-332,62,856,3242
3.990624999999909,-578,-1100,456,3242
3.9912500000000364,-774,-1516,504,3242
3.9918749999999363,-1236,-2184,650,3242
3.9925000000000637,-1410,-3436,98,3242
3.9931249999999636,-1428,-3360,-190,3242
3.993750000000091,-472,-1478,358,3242
3.994374999999991,192,-796,10,3242
3.9950000000001182,824,-4,-96,3242
3.995625000000018,554,478,-8,3242
3.996249999999918,1298,1990,34,3242
3.9968750000000455,1112,2206,344,3242
3.9974999999999454,1250,3124,248,3241
3.9981250000000728,340,2030,230,3241
3.9987499999999727,48,1176,324,3241
3.9993750000001,-1128,-418,290,3241
4.0,-1656,-776,466,3241
4.000625000000127,-932,-1004,420,3241
4.001250000000027,-1272,-1814,182,3241
4.001874999999927,-1446,-2170,346,3241
4.002500000000055,-1104,-1674,330,3241
4.0031249999999545,492,-216,178,3241
4.003750000000082,356,286,236,3241
4.004374999999982,1896,2168,-14,3241
4.005000000000109,1428,2086,298,3241
4.005625000000009,1624,2362,48,3241
4.006249999999909,926,1766,152,3241
4.006875000000036,1092,2006,400,3241
4.007499999999936,-98,224,392,3241
4.008125000000064,-648,-578,806,3241
4.008749999999964,-1418,-2414,536,3241
4.009375000000091,-1256,-2596,420,3241
4.009999999999991,-1282,-2642,434,3241
4.010625000000118,-996,-2678,74,3241
4.011250000000018,-14,-1806,-58,3241
4.011874999999918,-454,-1462,120,3241
4.0125000000000455,426,26,-80,3241
4.013124999999945,1234,1276,198,3241
4.013750000000073,1844,2702,-40,3241
4.014374999999973,704,1886,114,3241
4.0150000000001,902,2246,376,3244
4.015625,846,2332,380,3244
4.016250000000127,-300,1448,416,3244
4.016875000000027,-642,308,364,3244
4.017499999999927,-870,-782,44,3244
4.018125000000055,-1726,-1670,480,3244
4.0187499999999545,-1744,-1862,496,3244
4.019375000000082,-514,-1238,314,3244
4.019999999999982,-658,-1066,112,3244
4.020625000000109,454,86,266,3244
4.021250000000009,234,-38,254,3244
4.021874999999909,1328,1518,316,3244
4.022500000000036,1362,1984,14,3244
4.023124999999936,2170,3664,402,3244
4.023750000000064,1206,1728,-102,3244
4.024374999999964,642,1552,420,3244
4.025000000000091,68,438,248,3244
4.025624999999991,-350,-298,374,3244
4.026250000000118,-1088,-1680,644,3244
4.026875000000018,-1520,-2390,734,3244
4.027499999999918,-1162,-3242,372,3244
4.0281250000000455,-1678,-3700,132,3244
4.028749999999945,-622,-1880,316,3244
4.029375000000073,-290,-1434,216,3244
4.029999999999973,1152,80,-348,3244
4.0306250000001,890,772,-60,3244
4.03125,1342,2104,230,3244
4.031875000000127,1340,2092,-20,3244
4.032500000000027,1624,3348,148,3244
4.033124999999927,454,2172,486,3247
4.033750000000055,128,1308,416,3247
4.0343749999999545,-792,198,368,3247
4.035000000000082,-1216,-132,496,3247
4.035624999999982,-1106,-1042,134,3247
4.036250000000109,-1580,-2064,104,3247
4.036875000000009,-1546,-2116,350,3247
4.037499999999909,-1048,-1410,560,3247
4.038125000000036,-126,-824,274,3247
4.038749999999936,158,-306,0,3247
4.039375000000064,1192,1744,406,3247
4.039999999999964,1036,1136,358,3247
4.040625000000091,1518,1874,18,3247
4.041249999999991,1376,2432,248,3247
4.041875000000118,1544,2552,90,3247
4.042500000000018,412,1030,470,3247
4.043124999999918,42,114,222,3247
4.0437500000000455,-1092,-1320,720,3247
4.044374999999945,-1012,-2076,346,3247
4.045000000000073,-1056,-2182,516,3247
4.045624999999973,-1100,-2410,508,3247
4.0462500000001,-622,-2880,28,3247
4.046875,-870,-2382,-160,3247
4.047500000000127,152,-414,320,3247
4.048125000000027,762,220,88,3247
4.048749999999927,1792,1866,-122,3247
4.049375000000055,810,1438,30,3247
4.0499999999999545,1422,2544,156,3247
4.050625000000082,1062,2354,346,3247
4.051249999999982,496,2484,410,3232
4.051875000000109,-202,1222,258,3232
4.052500000000009,-464,230,312,3232
4.053124999999909,-1544,-1248,288,3232
4.053750000000036,-2164,-1744,456,3232
4.054374999999936,-1000,-1506,320,3232
4.055000000000064,-1152,-1938,116,3232
4.055624999999964,-744,-1448,308,3232
4.056250000000091,-328,-814,300,3232
4.056874999999991,1072,784,160,3232
4.057500000000118,832,1312,342,3232
4.058125000000018,2176,3040,128,3232
4.058749999999918,1152,1950,366,3232
4.0593750000000455,1392,2254,98,3232
4.059999999999945,236,868,176,3232
4.060625000000073,176,684,454,3232
4.061249999999973,-624,-842,372,3232
4.0618750000001,-1158,-1532,682,3232
4.0625,-1484,-3070,478,3232
4.063125000000127,-1260,-2800,312,3232
4.063750000000027,-1056,-2446,404,3232
4.064374999999927,-782,-2402,86,3232
4.065000000000055,608,-946,-120,3232
4.0656249999999545,-118,-790,122,3232
4.066250000000082,828,880,92,3232
4.066874999999982,1544,2002,232,3232
4.067500000000109,1884,3058,0,3232
4.068125000000009,628,1944,162,3232
4.068749999999909,592,1934,424,3236
4.069375000000036,2,1170,398,3236
4.069999999999936,-890,298,376,3236
4.070625000000064,-1002,-514,352,3236
4.071249999999964,-1212,-1482,66,3236
4.071875000000091,-1512,-1800,338,3236
4.072499999999991,-1562,-1816,406,3236
4.073125000000118,-176,-910,204,3236
4.073750000000018,-310,-654,64,3236
4.074374999999918,974,902,230,3236
4.0750000000000455,716,670,248,3236
4.075624999999945,1434,2048,412,3236
4.076250000000073,1546,2386,20,3236
4.076874999999973,1834,3528,562,3236
4.0775000000001,956,1354,-94,3236
4.078125,180,870,382,3236
4.078750000000127,-690,-680,302,3236
4.079375000000027,-1008,-1384,380,3236
4.079999999999927,-1316,-2406,574,3236
4.080625000000055,-1708,-2928,586,3236
4.0812499999999545,-742,-3026,256,3236
4.081875000000082,-1268,-3170,70,3236
4.082499999999982,-78,-1194,154,3236
4.083125000000109,168,-742,178,3236
4.083750000000009,1556,1002,-308,3236
4.084374999999909,956,1308,124,3236
4.085000000000036,1464,2476,192,3236
4.085624999999936,1040,2172,128,3236
4.086250000000064,1224,2976,280,3236
4.086874999999964,106,1686,496,3237
4.087500000000091,-412,442,512,3237
4.088124999999991,-1420,-1036,326,3237
4.088750000000118,-1324,-762,360,3237
4.089375000000018,-1006,-1276,114,3237
4.089999999999918,-1460,-2194,52,3237
4.0906250000000455,-802,-1438,164,3237
4.091249999999945,-504,-742,496,3237
4.091875000000073,522,218,290,3237
4.092499999999973,968,920,-26,3237
4.0931250000001,1760,2988,524,3237
4.09375,1474,1980,406,3237
4.094375000000127,1478,2244,102,3237
4.095000000000027,844,2040,284,3237
4.095624999999927,644,1246,86,3237
4.096250000000055,-198,-52,478,3237
4.0968749999999545,-854,-1312,190,3237
4.097500000000082,-1704,-2708,714,3237
4.098124999999982,-1330,-2906,300,3237
4.098750000000109,-778,-2290,356,3237
4.099375000000009,-1044,-2620,388,3237
4.099999999999909,366,-1602,-126,3237
4.100625000000036,-130,-1216,-172,3237
4.101249999999936,960,1062,310,3237
4.101875000000064,1482,1548,94,3237
4.102499999999964,1986,2864,-26,3237
4.103125000000091,708,1920,176,3237
4.103749999999991,968,2274,256,3237
4.104375000000118,-44,1060,472,3237
4.105000000000018,-700,598,446,3236
4.105624999999918,-1006,-302,276,3236
4.1062500000000455,-1224,-1278,254,3236
4.106874999999945,-1710,-2278,288,3236
4.107500000000073,-2120,-2426,316,3236
4.108124999999973,-370,-1166,134,3236
4.1087500000001,-298,-982,0,3236
4.109375,706,720,320,3236
4.110000000000127,662,958,264,3236
4.110625000000027,1778,2510,210,3236
4.111249999999927,1188,2432,466,3236
4.111875000000055,1600,2686,246,3236
4.1124999999999545,510,1344,458,3236
4.113125000000082,586,1338,238,3236
4.113749999999982,-762,-560,186,3236
4.114375000000109,-1038,-1218,540,3236
4.115000000000009,-1152,-2320,270,3236
4.115624999999909,-1488,-2640,574,3236
4.116250000000036,-784,-2506,422,3236
4.116874999999936,-824,-2292,144,3236
4.117500000000064,-228,-1354,336,3236
4.118124999999964,764,-230,178,3236
4.118750000000091,1514,860,-242,3236
4.119374999999991,528,772,200,3236
4.120000000000118,1472,2416,234,3236
4.120625000000018,1294,2518,422,3236
4.121249999999918,914,1982,74,3236
4.1218750000000455,-268,648,252,3236
4.122499999999945,-296,488,372,3240
4.123125000000073,-1202,-866,430,3240
4.123749999999973,-1560,-1280,230,3240
4.1243750000001,-1118,-1538,310,3240
4.125,-1398,-2270,30,3240
4.125625000000127,-822,-1390,180,3240
4.126250000000027,-724,-926,288,3240
4.126874999999927,840,626,200,3240
4.127500000000055,896,1366,46,3240
4.1281249999999545,1924,3012,332,3240
4.128750000000082,1326,2054,382,3240
4.129374999999982,1584,3056,488,3240
4.130000000000109,652,1918,184,3240
4.130625000000009,640,1838,662,3240
4.131249999999909,-216,-384,-50,3240
4.131875000000036,-1216,-1274,286,3240
4.132499999999936,-1400,-2336,258,3240
4.133125000000064,-1538,-2740,154,3240
4.133749999999964,-1056,-2734,584,3240
4.134375000000091,-662,-2124,530,3240
4.134999999999991,434,-1362,112,3240
4.135625000000118,-198,-1248,110,3240
4.136250000000018,1240,1022,62,3240
4.136874999999918,1190,1324,268,3240
4.1375000000000455,1680,2132,-126,3240
4.138124999999945,868,1848,114,3240
4.138750000000073,820,2200,378,3240
4.139374999999973,-126,608,274,3240
4.1400000000001,-244,400,252,3240
4.140625,-1144,-592,568,3240
4.141250000000127,-1314,-1816,420,3240
4.141875000000027,-1296,-1856,158,3240
4.142499999999927,-1568,-1482,300,3240
4.143125000000055,-540,-1400,-40,3240
4.1437499999999545,128,-554,-142,3240
4.144375000000082,632,982,128,3240
4.144999999999982,680,1348,588,3240
4.145625000000109,1982,2736,192,3240
4.146250000000009,1646,2712,150,3240
4.146874999999909,1336,3216,674,3240
4.147500000000036,900,1804,524,3240
4.148124999999936,532,1364,194,3240
4.148750000000064,-950,-490,264,3240
4.149374999999964,-684,-918,110,3240
4.150000000000091,-1414,-2212,466,3240
4.150624999999991,-1468,-2900,-16,3240
4.151250000000118,-1142,-2734,552,3240
4.151875000000018,-894,-2668,282,3240
4.152499999999918,210,-954,242,3240
4.1531250000000455,544,-350,302,3240
4.153749999999945,1628,826,-128,3240
4.154375000000073,1094,1078,-108,3240
4.154999999999973,1070,2106,472,3240
4.1556250000001,876,1470,206,3240
4.15625,1016,1934,174,3240
4.156875000000127,-256,658,258,3240
4.157500000000027,-448,-72,272,3240
4.158124999999927,-1176,-1358,398,3240
4.158750000000055,-1886,-1964,404,3239
4.1593749999999545,-1280,-1898,256,3239
4.160000000000082,-834,-1514,40,3239
4.160624999999982,-462,-1046,200,3239
4.161250000000109,-678,-754,78,3239
4.161875000000009,890,1028,12,3239
4.162499999999909,1150,1614,64,3239
4.163125000000036,1634,2888,358,3239
4.163749999999936,1404,2782,328,3239
4.164375000000064,1378,2752,392,3239
4.164999999999964,174,1630,652,3239
4.165625000000091,334,1246,384,3239
4.166249999999991,-788,-552,524,3239
4.166875000000118,-1100,-1518,260,3239
4.167500000000018,-1598,-2540,158,3239
4.168124999999918,-1906,-3102,392,3239
4.1687500000000455,-752,-2418,152,3239
4.169374999999945,-612,-1778,470,3239
4.170000000000073,636,-630,250,3239
4.170624999999973,292,-628,124,3239
4.1712500000001,950,800,386,3239
4.171875,1434,1414,128,3239
4.172500000000127,2048,2710,-128,3239
4.173125000000027,432,1356,334,3239
4.173749999999927,284,998,396,3239
4.174375000000055,-194,358,384,3239
4.1749999999999545,-892,-582,172,3239
4.175625000000082,-1108,-1346,268,3239
4.176249999999982,-1214,-1886,304,3239
4.176875000000109,-1756,-2624,348,3235
4.177500000000009,-1684,-2420,128,3235
4.178124999999909,-104,-668,172,3235
4.178750000000036,326,26,-184,3235
4.179374999999936,1058,1754,46,3235
4.180000000000064,912,1742,386,3235
4.180624999999964,1424,2326,94,3235
4.181250000000091,1046,2526,226,3235
4.181874999999991,1640,3754,584,3235
4.182500000000118,672,1666,364,3235
4.183125000000018,-402,546,632,3235
4.183749999999918,-928,-482,278,3235
4.1843750000000455,-1424,-1196,722,3235
4.184999999999945,-1072,-2300,60,3235
4.185625000000073,-1692,-2666,106,3235
4.186249999999973,-944,-2614,250,3235
4.1868750000001,-1002,-2728,62,3235
4.1875,250,-820,496,3235
4.188125000000127,582,-202,416,3235
4.188750000000027,2132,1476,98,3235
4.189374999999927,1170,1370,148,3235
4.190000000000055,1498,2524,370,3235
4.1906249999999545,804,1398,290,3235
4.191250000000082,734,1460,-38,3235
4.191874999999982,-390,426,350,3235
4.192500000000109,-672,-502,440,3235
4.193125000000009,-1492,-2130,210,3235
4.193749999999909,-1566,-1984,236,3235
4.194375000000036,-1082,-1614,416,3236
4.194999999999936,-1030,-2260,200,3236
4.195625000000064,-320,-1120,116,3236
4.196249999999964,-588,-424,158,3236
4.196875000000091,904,960,-124,3236
4.197499999999991,1318,1718,8,3236
4.198125000000118,1604,3342,264,3236
4.198750000000018,1258,2684,530,3236
4.199374999999918,1276,2674,348,3236
4.2000000000000455,528,2040,280,3236
4.200624999999945,-212,1280,760,3236
4.201250000000073,-146,-118,510,3236
4.201874999999973,-1102,-1300,160,3236
4.2025000000001,-2020,-2734,398,3236
4.203125,-1380,-2558,-48,3236
4.203750000000127,-512,-1670,368,3236
4.204375000000027,-946,-2414,24,3236
4.204999999999927,410,-880,306,3236
4.205625000000055,304,-860,184,3236
4.2062499999999545,1306,1278,414,3236
4.206875000000082,1494,1580,456,3236
4.207499999999982,2150,2476,-82,3236
4.208125000000109,476,1162,162,3236
4.208750000000009,422,1616,580,3236
4.209374999999909,-236,-44,176,3236
4.210000000000036,-1082,-1258,174,3236
4.210624999999936,-1386,-1674,324,3236
4.211250000000064,-1522,-2428,188,3236
4.211874999999964,-1504,-2788,266,3247
4.212500000000091,-1662,-2436,312,3247
4.213124999999991,-278,-1068,114,3247
4.213750000000118,490,-14,26,3247
4.214375000000018,866,1322,110,3247
4.214999999999918,516,1358,142,3247
4.2156250000000455,1714,2860,62,3247
4.216249999999945,1464,3040,234,3247
4.216875000000073,1166,2990,520,3247
4.217499999999973,278,1578,514,3247
4.2181250000001,320,1482,308,3247
4.21875,-1150,-122,738,3247
4.219375000000127,-910,-916,336,3247
4.220000000000027,-1392,-2244,336,3247
4.220624999999927,-1296,-2438,226,3247
4.221250000000055,-718,-2006,-26,3247
4.2218749999999545,-798,-1856,392,3247
4.222500000000082,392,-848,140,3247
4.223124999999982,1020,406,410,3247
4.223750000000109,1494,1194,224,3247
4.224375000000009,916,942,278,3247
4.224999999999909,1446,2182,542,3247
4.225625000000036,764,1150,294,3247
4.226249999999936,874,1124,-108,3247
4.226875000000064,-676,-82,554,3247
4.227499999999964,-724,-816,418,3247
4.228125000000091,-1488,-2270,256,3247
4.228749999999991,-1450,-2304,-12,3247
4.229375000000118,-1308,-2534,216,3247
4.230000000000018,-1096,-2456,152,3247
4.230624999999918,-448,-1392,192,3244
4.2312500000000455,-322,-564,106,3244
4.231874999999945,1194,1176,68,3244
4.232500000000073,1378,2030,-66,3244
4.233124999999973,1538,3340,114,3244
4.2337500000001,1216,2896,440,3244
4.234375,1086,2574,234,3244
4.235000000000127,-178,1230,274,3244
4.235625000000027,242,1566,634,3244
4.236249999999927,-632,-406,452,3244
4.236875000000055,-1662,-1680,488,3244
4.2374999999999545,-1152,-1808,166,3244
4.238125000000082,-1546,-2224,486,3244
4.238749999999982,-542,-2146,-84,3244
4.239375000000109,-560,-1382,78,3244
4.240000000000009,852,-28,128,3244
4.240624999999909,506,-120,42,3244
4.241250000000036,1328,1646,674,3244
4.241874999999936,982,1006,464,3244
4.242500000000064,2114,2140,238,3244
4.243124999999964,528,1404,470,3244
4.243750000000091,314,998,366,3244
4.244374999999991,-782,-980,330,3244
4.245000000000118,-1004,-1604,70,3244
4.245625000000018,-1778,-2256,296,3244
4.246249999999918,-1570,-2742,414,3244
4.2468750000000455,-1112,-2716,48,3244
4.247499999999945,-1370,-2374,64,3244
4.248125000000073,-340,-1158,336,3245
4.248749999999973,720,50,258,3245
4.2493750000001,1000,1424,14,3245
4.25,782,1932,124,3245
4.250625000000127,1912,3292,-114,3245
4.251250000000027,1456,3168,192,3245
4.251874999999927,1040,3290,528,3245
4.252500000000055,576,2192,580,3245
4.2531249999999545,-270,704,370,3245
4.253750000000082,-1150,-588,436,3245
4.254374999999982,-1816,-1672,640,3245
4.255000000000109,-652,-1562,476,3245
4.255625000000009,-1110,-1840,2,3245
4.256249999999909,-1154,-2462,262,3245
4.256875000000036,-580,-2120,-234,3245
4.257499999999936,576,-144,352,3245
4.258125000000064,694,124,14,3245
4.258749999999964,2006,1944,174,3245
4.259375000000091,1016,902,380,3245
4.259999999999991,972,1422,504,3245
4.260625000000118,852,1114,396,3245
4.261250000000018,732,990,176,3245
4.261874999999918,-532,-382,196,3245
4.2625000000000455,-1002,-1134,482,3245
4.263124999999945,-1184,-2122,262,3245
4.263750000000073,-1988,-3308,0,3245
4.264374999999973,-1292,-2364,334,3245
4.2650000000001,-806,-2048,-16,3245
4.265625,-188,-1288,90,3245
4.266250000000127,-306,-690,270,3242
4.266875000000027,988,1200,40,3242
4.267499999999927,1270,1856,128,3242
4.268125000000055,1852,3822,212,3242
4.2687499999999545,1336,3188,82,3242
4.269375000000082,788,2374,250,3242
4.269999999999982,134,1744,368,3242
4.270625000000109,-368,1226,696,3242
4.271250000000009,-1196,-914,482,3242
4.271874999999909,-1592,-1702,256,3242
4.272500000000036,-1768,-2154,694,3242
4.273124999999936,-1470,-2670,222,3242
4.273750000000064,-654,-2138,170,3242
4.274374999999964,-388,-1464,96,3242
4.275000000000091,1050,254,-134,3242
4.275624999999991,560,82,302,3242
4.276250000000118,1464,1424,138,3242
4.276875000000018,1610,2026,506,3242
4.277499999999918,1406,1592,192,3242
4.2781250000000455,396,574,442,3242
4.278749999999945,206,530,688,3242
4.279375000000073,-798,-1210,350,3242
4.279999999999973,-740,-1598,-208,3242
4.2806250000001,-1398,-1920,552,3242
4.28125,-1618,-2758,276,3242
4.281875000000127,-1192,-3038,64,3242
4.282500000000027,-1122,-2412,-78,3242
4.283124999999927,254,-580,42,3242
4.283750000000055,320,-240,90,3242
4.2843749999999545,1250,1588,136,3240
4.285000000000082,830,1794,208,3240
4.285624999999982,1656,3038,264,3240
4.286250000000109,1146,2694,-12,3240
4.286875000000009,698,3286,358,3240
4.287499999999909,230,1768,448,3240
4.288125000000036,-388,552,328,3240
4.288749999999936,-1606,-1154,334,3240
4.289375000000064,-1630,-1554,630,3240
4.289999999999964,-964,-1856,290,3240
4.290625000000091,-1726,-2468,434,3240
4.291249999999991,-338,-1564,110,3240
4.291875000000118,-528,-1146,286,3240
4.292500000000018,984,192,-38,3240
4.293124999999918,960,830,-46,3240
4.2937500000000455,1736,1912,190,3240
4.294374999999945,886,1088,208,3240
4.295000000000073,1522,2564,712,3240
4.295624999999973,376,554,530,3240
4.2962500000001,544,390,462,3240
4.296875,-986,-1016,470,3240
4.297500000000127,-972,-1684,198,3240
4.298125000000027,-1302,-2596,250,3240
4.298749999999927,-1570,-2942,66,3240
4.299375000000055,-1368,-2734,68,3240
4.2999999999999545,-320,-1662,256,3240
4.300625000000082,466,-480,-130,3240
4.301249999999982,-4,-84,24,3255
4.301875000000109,1252,1714,316,3255
4.302500000000009,1856,2620,284,3255
4.303124999999909,1420,3054,140,3255
4.303750000000036,408,2194,292,3255
4.304374999999936,1138,2844,-16,3255
4.305000000000064,-238,1364,412,3255
4.305624999999964,-932,210,576,3255
4.306250000000091,-1016,-778,546,3255
4.306874999999991,-1418,-1666,318,3255
4.307500000000118,-1720,-2452,334,3255
4.308125000000018,-1572,-2322,404,3255
4.308749999999918,-208,-1572,360,3255
4.3093750000000455,150,-640,-152,3255
4.309999999999945,1032,760,172,3255
4.310625000000073,1194,856,-252,3255
4.311249999999973,1390,1986,376,3255
4.3118750000001,952,1278,216,3255
4.3125,1766,2414,338,3255
4.313125000000127,286,658,534,3255
4.313750000000027,-388,-146,684,3255
4.314374999999927,-772,-1510,448,3255
4.315000000000055,-1288,-2338,214,3255
4.3156249999999545,-1206,-2214,224,3255
4.316250000000082,-1038,-2200,296,3255
4.316874999999982,-620,-2308,-10,3255
4.317500000000109,-948,-2304,-114,3255
4.318125000000009,162,-436,268,3255
4.318749999999909,520,136,-52,3255
4.319375000000036,1526,2096,58,3255
4.319999999999936,1098,2206,278,3255
4.320625000000064,1134,2642,288,3255
4.321249999999964,596,1990,294,3255
4.321875000000091,612,2604,418,3255
4.322499999999991,-260,1132,184,3255
4.323125000000118,-1064,-580,262,3255
4.323750000000018,-1394,-1110,402,3255
4.324374999999918,-1274,-1212,582,3255
4.3250000000000455,-1688,-2808,398,3255
4.325624999999945,-1068,-2024,92,3255
4.326250000000073,-488,-880,546,3255
4.326874999999973,138,-712,176,3255
4.3275000000001,1024,512,12,3255
4.328125,1332,1578,158,3255
4.328750000000127,2096,2534,-166,3255
4.329375000000027,1424,2090,454,3255
4.329999999999927,1044,1722,316,3255
4.330625000000055,124,600,660,3255
4.3312499999999545,-196,-460,374,3255
4.331875000000082,-600,-1176,512,3255
4.332499999999982,-1034,-1900,530,3255
4.333125000000109,-1512,-3228,290,3255
4.333750000000009,-1582,-3654,-370,3255
4.334374999999909,-776,-1748,434,3255
4.335000000000036,-98,-1230,152,3255
4.335624999999936,496,-574,-168,3255
4.336250000000064,700,418,-98,3255
4.336874999999964,1400,2064,86,3255
4.337500000000091,1182,2016,160,3255
4.338124999999991,1456,3136,246,3254
4.338750000000118,814,2876,466,3254
4.339375000000018,374,1636,310,3254
4.339999999999918,-850,32,234,3254
4.3406250000000455,-1358,-172,454,3254
4.341249999999945,-852,-718,234,3254
4.341875000000073,-1222,-1598,136,3254
4.342499999999973,-1450,-2116,294,3254
4.3431250000001,-1354,-1872,390,3254
4.34375,420,-534,168,3254
4.344375000000127,182,72,378,3254
4.345000000000027,1486,1400,98,3254
4.345624999999927,1358,1740,338,3254
4.346250000000055,1710,2210,56,3254
4.3468749999999545,924,1676,4,3254
4.347500000000082,1310,2232,424,3254
4.348124999999982,46,446,336,3254
4.348750000000109,-576,-322,768,3254
4.349375000000009,-1272,-2204,600,3254
4.349999999999909,-1396,-2892,400,3254
4.350625000000036,-1880,-3284,472,3254
4.351249999999936,-884,-2580,98,3254
4.351875000000064,-320,-2228,-44,3254
4.352499999999964,-370,-1562,-54,3254
4.353125000000091,412,128,104,3254
4.353749999999991,1220,1226,178,3254
4.354375000000118,1808,2646,-66,3254
4.355000000000018,718,1812,192,3254
4.355624999999918,742,2018,382,3242
4.3562500000000455,714,2114,476,3242
4.356874999999945,-244,1386,480,3242
4.357500000000073,-734,184,292,3242
4.358124999999973,-992,-878,-12,3242
4.3587500000001,-1718,-1678,362,3242
4.359375,-1622,-1940,380,3242
4.360000000000127,-512,-1170,380,3242
4.360625000000027,-460,-950,106,3242
4.361249999999927,662,384,176,3242
4.361875000000055,344,178,346,3242
4.3624999999999545,1400,1760,376,3242
4.363125000000082,1396,2124,0,3242
4.363749999999982,1998,3506,404,3242
4.364375000000109,1024,1470,-90,3242
4.365000000000009,274,1026,422,3242
4.365624999999909,-506,-396,418,3242
4.366250000000036,-880,-1242,406,3242
4.366874999999936,-1228,-2258,564,3242
4.367500000000064,-1696,-2892,556,3242
4.368124999999964,-924,-3060,274,3242
4.368750000000091,-1322,-3298,0,3242
4.369374999999991,-6,-1222,140,3242
4.370000000000118,310,-726,126,3242
4.370625000000018,1542,1192,-186,3242
4.371249999999918,922,1184,-44,3242
4.3718750000000455,1472,2588,342,3242
4.372499999999945,784,1768,152,3242
4.373125000000073,774,2054,152,3242
4.373749999999973,-78,1222,472,3245
4.3743750000001,-484,350,496,3245
4.375,-1424,-1074,366,3245
4.375625000000127,-1422,-920,318,3245
4.376250000000027,-1104,-1558,140,3245
4.376874999999927,-1412,-2338,90,3245
4.377500000000055,-580,-1130,216,3245
4.3781249999999545,-242,-360,474,3245
4.378750000000082,900,726,204,3245
4.379374999999982,1384,1764,-40,3245
4.380000000000109,1292,2616,520,3245
4.380625000000009,1268,1846,428,3245
4.381249999999909,1554,2554,54,3245
4.381875000000036,136,1306,506,3245
4.382499999999936,220,532,20,3245
4.383125000000064,-570,-716,548,3245
4.383749999999964,-1278,-1914,238,3245
4.384375000000091,-1610,-2818,576,3245
4.384999999999991,-1324,-2958,192,3245
4.385625000000118,-794,-2444,472,3245
4.386250000000018,-300,-1888,350,3245
4.386874999999918,726,-872,-8,3245
4.3875000000000455,290,-552,-242,3245
4.388124999999945,1282,1928,408,3245
4.388750000000073,1508,1996,156,3245
4.389374999999973,1580,2648,-14,3245
4.3900000000001,438,1602,142,3245
4.390625,490,1842,278,3245
4.391250000000127,-568,94,282,3245
4.391875000000027,-1148,-448,554,3245
4.392499999999927,-1412,-1304,374,3245
4.393125000000055,-1124,-1666,194,3245
4.3937499999999545,-1052,-1624,226,3245
4.394375000000082,-1388,-1456,244,3245
4.394999999999982,2,-656,34,3245
4.395625000000109,768,510,134,3245
4.396250000000009,1176,1710,256,3245
4.396874999999909,880,1778,386,3245
4.397500000000036,1688,2640,208,3245
4.398124999999936,726,1984,566,3245
4.398750000000064,1292,2394,296,3245
4.399374999999964,-24,772,448,3245
4.400000000000091,-456,-274,312,3245
4.400624999999991,-1030,-1544,32,3245
4.401250000000118,-1326,-2024,384,3245
4.401875000000018,-1684,-3300,322,3245
4.402499999999918,-1200,-2522,530,3245
4.4031250000000455,-280,-2234,338,3245
4.403749999999945,-312,-1694,228,3245
4.404375000000073,548,-46,436,3245
4.404999999999973,1204,678,78,3245
4.4056250000001,2048,2118,-160,3245
4.40625,1058,1880,200,3245
4.406875000000127,1206,2484,330,3245
4.407500000000027,442,1516,292,3245
4.408124999999927,118,984,160,3245
4.408750000000055,-976,-570,344,3245
4.4093749999999545,-1332,-1542,378,3245
4.410000000000082,-1498,-1894,420,3245
4.410624999999982,-1836,-2274,230,3245
4.411250000000109,-512,-1186,50,3245
4.411875000000009,-390,-884,-148,3245
4.412499999999909,218,230,230,3245
4.413125000000036,510,804,256,3245
4.413749999999936,1550,2128,240,3245
4.414375000000064,1038,2124,180,3245
4.414999999999964,1980,3640,378,3245
4.415625000000091,1062,2084,416,3245
4.416249999999991,176,1182,424,3245
4.416875000000118,-494,148,292,3245
4.417500000000018,-922,-494,556,3245
4.418124999999918,-734,-1654,-120,3245
4.4187500000000455,-1408,-2048,294,3245
4.419374999999945,-1242,-2764,290,3245
4.420000000000073,-1374,-3110,44,3245
4.420624999999973,-80,-1370,528,3245
4.4212500000001,276,-690,348,3245
4.421875,1690,858,138,3245
4.422500000000127,1130,1036,144,3245
4.423125000000027,1462,2114,224,3245
4.423749999999927,896,1376,288,3245
4.424375000000055,908,1824,86,3245
4.4249999999999545,-62,968,240,3245
4.425625000000082,-606,-180,568,3245
4.426249999999982,-1364,-1664,292,3245
4.426875000000109,-1876,-2250,264,3245
4.427500000000009,-1106,-1752,376,3246
4.428124999999909,-972,-2076,210,3246
4.428750000000036,-532,-1230,94,3246
4.429374999999936,-550,-596,56,3246
4.430000000000064,962,948,-60,3246
4.430624999999964,1308,1884,96,3246
4.431250000000091,1792,3614,276,3246
4.431874999999991,1236,2724,596,3246
4.432500000000118,1156,2450,334,3246
4.433125000000018,476,1958,302,3246
4.433749999999918,-408,1026,806,3246
4.4343750000000455,-360,-282,528,3246
4.434999999999945,-1070,-1420,108,3246
4.435625000000073,-1958,-2864,492,3246
4.436249999999973,-1294,-2600,-124,3246
4.4368750000001,-252,-1360,352,3246
4.4375,-582,-1776,-8,3246
4.438125000000127,972,-54,138,3246
4.438750000000027,614,-214,168,3246
4.439374999999927,1294,1484,590,3246
4.440000000000055,1532,1748,352,3246
4.4406249999999545,1816,2342,150,3246
4.441250000000082,236,694,192,3246
4.441874999999982,-84,698,654,3246
4.442500000000109,-762,-980,220,3246
4.443125000000009,-1536,-2114,76,3246
4.443749999999909,-1586,-2290,312,3246
4.444375000000036,-1648,-2740,144,3246
4.444999999999936,-942,-2368,130,3243
4.445625000000064,-1092,-1856,248,3243
4.446249999999964,306,-112,192,3243
4.446875000000091,1008,1030,118,3243
4.447499999999991,1310,2240,112,3243
4.448125000000118,916,2144,88,3243
4.448750000000018,1612,3286,38,3243
4.449374999999918,822,2646,362,3243
4.4500000000000455,462,2104,600,3243
4.450624999999945,-476,294,502,3243
4.451250000000073,-936,-534,308,3243
4.451874999999973,-1276,-1022,676,3243
4.4525000000001,-1362,-1836,448,3243
4.453125,-1114,-2610,164,3243
4.453750000000127,-536,-1758,50,3243
4.454375000000027,298,-740,-168,3243
4.454999999999927,174,-494,186,3243
4.455625000000055,1494,978,32,3243
4.4562499999999545,1174,1314,550,3243
4.456875000000082,1902,1942,292,3243
4.457499999999982,872,1392,468,3243
4.458125000000109,550,1298,704,3243
4.458750000000009,-290,-384,214,3243
4.459374999999909,-394,-824,66,3243
4.460000000000036,-1610,-2062,408,3243
4.460624999999936,-1470,-2522,292,3243
4.461250000000064,-1292,-2842,88,3243
4.461874999999964,-1372,-2636,-24,3243
4.462500000000091,-62,-1272,64,3243
4.463124999999991,314,-406,156,3243
4.463750000000118,892,1002,64,3245
4.464375000000018,992,1900,146,3245
4.464999999999918,1322,2528,200,3245
4.4656250000000455,702,2066,-24,3245
4.466249999999945,944,3252,406,3245
4.466875000000073,336,2018,496,3245
4.467499999999973,-576,186,354,3245
4.4681250000001,-1400,-1052,368,3245
4.46875,-1480,-1214,670,3245
4.469375000000127,-750,-1542,312,3245
4.470000000000027,-1276,-1856,286,3245
4.470624999999927,-432,-1396,146,3245
4.471250000000055,-374,-1016,290,3245
4.4718749999999545,1034,348,-54,3245
4.472500000000082,838,746,-66,3245
4.473124999999982,1848,2112,270,3245
4.473750000000109,1466,1818,226,3245
4.474375000000009,898,1754,758,3245
4.474999999999909,206,410,580,3245
4.475625000000036,-20,-158,574,3245
4.476249999999936,-1392,-1690,526,3245
4.476875000000064,-1156,-2146,242,3245
4.477499999999964,-1746,-3366,282,3245
4.478125000000091,-1918,-3584,50,3245
4.478749999999991,-738,-2020,72,3245
4.479375000000118,-114,-1136,258,3245
4.480000000000018,1020,430,-130,3245
4.480624999999918,404,670,64,3259
4.4812500000000455,1078,1810,162,3259
4.481874999999945,1698,2854,268,3259
4.482500000000073,1224,3394,284,3259
4.483124999999973,136,1760,262,3259
4.4837500000001,72,1046,98,3259
4.484375,-896,326,524,3259
4.485000000000127,-1676,-1088,542,3259
4.485625000000027,-1010,-1308,464,3259
4.486249999999927,-1316,-1800,232,3259
4.486875000000055,-988,-1940,190,3259
4.4874999999999545,-870,-1512,396,3259
4.488125000000082,720,156,316,3259
4.488749999999982,780,688,-74,3259
4.489375000000109,2056,2678,280,3259
4.490000000000009,1454,1544,-158,3259
4.490624999999909,1322,2296,350,3259
4.491250000000036,670,1362,316,3259
4.491874999999936,636,1102,314,3259
4.492500000000064,-750,-968,562,3259
4.493124999999964,-1226,-1728,708,3259
4.493750000000091,-1404,-3004,444,3259
4.494374999999991,-1722,-3518,156,3259
4.495000000000118,-1034,-2538,278,3259
4.495625000000018,-546,-1976,228,3259
4.496249999999918,496,-802,-212,3259
4.4968750000000455,192,-302,-42,3259
4.497499999999945,1260,1656,192,3259
4.498125000000073,1228,1916,104,3259
4.498749999999973,1468,2652,68,3269
4.4993750000001,602,2124,366,3269
4.5,620,2156,456,3269
4.500625000000127,-696,524,398,3269
4.501250000000027,-896,246,440,3269
4.501874999999927,-1130,-1000,128,3269
4.502500000000055,-1620,-2074,184,3269
4.5031249999999545,-1186,-1518,312,3269
4.503750000000082,-978,-1210,542,3269
4.504374999999982,66,-786,262,3269
4.505000000000109,738,380,-28,3269
4.505625000000009,1110,1742,370,3269
4.506249999999909,1082,1450,586,3269
4.506875000000036,2174,2756,-32,3269
4.507499999999936,898,2144,378,3269
4.508125000000064,1138,1910,52,3269
4.508749999999964,-126,352,482,3269
4.509375000000091,-506,-694,254,3269
4.509999999999991,-1590,-2258,608,3269
4.510625000000118,-1268,-2714,388,3269
4.511250000000018,-1126,-2636,476,3269
4.511874999999918,-758,-2328,384,3269
4.5125000000000455,-40,-2046,26,3269
4.513124999999945,-210,-1484,-196,3269
4.513750000000073,724,844,378,3269
4.514374999999973,1120,1120,114,3269
4.5150000000001,1744,2304,-34,3269
4.515625,1004,2112,100,3269
4.516250000000127,854,2126,300,3269
4.516875000000027,-72,884,380,3269
4.517499999999927,-388,896,482,3268
4.518125000000055,-1216,-514,404,3268
4.5187499999999545,-1018,-1078,188,3268
4.519375000000082,-1476,-1920,172,3268
4.519999999999982,-1930,-2120,192,3268
4.520625000000109,-284,-898,96,3268
4.521250000000009,6,-404,134,3268
4.521874999999909,624,734,288,3268
4.522500000000036,848,1252,336,3268
4.523124999999936,1700,2428,318,3268
4.523750000000064,944,2168,432,3268
4.524374999999964,1884,3242,230,3268
4.525000000000091,778,1918,510,3268
4.525624999999991,184,720,198,3268
4.526250000000118,-834,-790,128,3268
4.526875000000018,-1338,-1766,482,3268
4.527499999999918,-1666,-2962,348,3268
4.5281250000000455,-1574,-2836,504,3268
4.528749999999945,-1198,-3256,448,3268
4.529375000000073,-928,-2850,140,3268
4.529999999999973,6,-1006,328,3268
4.5306250000001,780,-142,92,3268
4.53125,1976,1806,-200,3268
4.531875000000127,712,1266,260,3268
4.532500000000027,984,1832,268,3268
4.533124999999927,974,1984,336,3268
4.533750000000055,702,2006,220,3268
4.5343749999999545,-348,532,280,3268
4.535000000000082,-708,-440,326,3269
4.535624999999982,-1414,-1400,446,3269
4.536250000000109,-2054,-2100,318,3269
4.536875000000009,-832,-1434,162,3269
4.537499999999909,-498,-1156,-168,3269
4.538125000000036,-746,-1008,278,3269
4.538749999999936,-66,-282,186,3269
4.539375000000064,1152,1200,150,3269
4.539999999999964,1102,1856,128,3269
4.540625000000091,2152,3668,312,3269
4.541249999999991,1288,2262,396,3269
4.541875000000118,808,1948,540,3269
4.542500000000018,192,1230,270,3269
4.543124999999918,-98,930,728,3269
4.5437500000000455,-568,-952,90,3269
4.544374999999945,-1382,-1812,226,3269
4.545000000000073,-1660,-2904,380,3269
4.545624999999973,-1786,-3504,82,3269
4.5462500000001,-556,-2086,386,3269
4.546875,-442,-1680,424,3269
4.547500000000127,1286,-134,114,3269
4.548125000000027,698,70,86,3269
4.548749999999927,1436,1948,312,3269
4.549375000000055,1240,1602,264,3269
4.5499999999999545,1558,2448,-94,3269
4.550625000000082,384,1484,240,3269
4.551249999999982,112,990,432,3269
4.551875000000109,-900,-744,260,3269
4.552500000000009,-1144,-1158,218,3269
4.553124999999909,-1218,-1298,454,3272
4.553750000000036,-1452,-2356,406,3272
4.554374999999936,-1200,-2146,192,3272
4.555000000000064,-1146,-1260,104,3272
4.555624999999964,218,-150,-90,3272
4.556250000000091,610,424,-40,3272
4.556874999999991,1468,2476,110,3272
4.557500000000118,1274,2328,574,3272
4.558125000000018,1578,2752,268,3272
4.558749999999918,1344,2870,236,3272
4.5593750000000455,512,2172,672,3272
4.559999999999945,326,778,630,3272
4.560625000000073,-408,-256,146,3272
4.561249999999973,-1784,-1996,436,3272
4.5618750000001,-1294,-2272,-64,3272
4.5625,-832,-1912,468,3272
4.563125000000127,-1416,-2970,-54,3272
4.563750000000027,-264,-1920,246,3272
4.564374999999927,-134,-1632,160,3272
4.565000000000055,988,516,340,3272
4.5656249999999545,1362,1136,346,3272
4.566250000000082,2202,2242,-66,3272
4.566874999999982,724,1238,86,3272
4.567500000000109,950,2318,538,3272
4.568125000000009,278,814,174,3272
4.568749999999909,-450,28,256,3272
4.569375000000036,-1172,-1092,318,3272
4.569999999999936,-1432,-1906,216,3272
4.570625000000064,-1550,-2614,320,3272
4.571249999999964,-1856,-2460,386,3270
4.571875000000091,-614,-1536,148,3270
4.572499999999991,178,-496,30,3270
4.573125000000118,526,636,0,3270
4.573750000000018,288,980,104,3270
4.574374999999918,1692,2584,-14,3270
4.5750000000000455,1620,3050,242,3270
4.575624999999945,1232,3066,494,3270
4.576250000000073,448,1772,480,3270
4.576874999999973,134,1320,364,3270
4.5775000000001,-784,234,766,3270
4.578125,-624,-514,320,3270
4.578750000000127,-1410,-2296,372,3270
4.579375000000027,-1290,-2424,232,3270
4.579999999999927,-662,-1960,-54,3270
4.580625000000055,-848,-2048,264,3270
4.5812499999999545,218,-1320,66,3270
4.581875000000082,768,144,382,3270
4.582499999999982,1590,1148,104,3270
4.583125000000109,1070,1072,282,3270
4.583750000000009,1452,2180,512,3270
4.584374999999909,854,1232,240,3270
4.585000000000036,1028,1388,-38,3270
4.585624999999936,-662,-26,568,3270
4.586250000000064,-742,-780,436,3270
4.586874999999964,-1516,-2276,222,3270
4.587500000000091,-1540,-2438,64,3270
4.588124999999991,-1476,-2774,230,3270
4.588750000000118,-956,-2260,158,3270
4.589375000000018,-338,-1088,194,3256
4.589999999999918,-154,-208,190,3256
4.5906250000000455,1048,1360,44,3256
4.591249999999945,1054,1784,-38,3256
4.591875000000073,1542,3388,156,3256
4.592499999999973,1472,3210,264,3256
4.5931250000001,800,2322,302,3256
4.59375,-322,974,386,3256
4.594375000000127,128,1426,612,3256
4.595000000000027,-432,-320,402,3256
4.595624999999927,-1512,-1520,568,3256
4.596250000000055,-1338,-2192,216,3256
4.5968749999999545,-1598,-2430,422,3256
4.597500000000082,-448,-1798,148,3256
4.598124999999982,-304,-1276,-106,3256
4.598750000000109,862,60,114,3256
4.599375000000009,826,220,42,3256
4.599999999999909,1518,1802,436,3256
4.600625000000036,1204,1432,490,3256
4.601249999999936,1778,2068,388,3256
4.601875000000064,172,804,400,3256
4.602499999999964,20,550,418,3256
4.603125000000091,-1012,-1326,368,3256
4.603749999999991,-1524,-2252,140,3256
4.604375000000118,-1354,-2062,256,3256
4.605000000000018,-1340,-2452,296,3256
4.605624999999918,-748,-2310,68,3256
4.6062500000000455,-844,-1680,106,3272
4.606874999999945,160,-248,296,3272
4.607500000000073,1022,770,258,3272
4.608124999999973,1520,2482,60,3272
4.6087500000001,570,1880,60,3272
4.609375,1228,2574,-126,3272
4.610000000000127,1182,2924,274,3272
4.610625000000027,340,2400,450,3272
4.611249999999927,-60,1150,580,3272
4.611875000000055,-690,-112,428,3272
4.6124999999999545,-1696,-1712,418,3272
4.613125000000082,-1678,-1850,564,3272
4.613749999999982,-480,-1552,504,3272
4.614375000000109,-1024,-2072,-88,3272
4.615000000000009,-82,-1160,240,3272
4.615624999999909,132,-896,-210,3272
4.616250000000036,1202,1122,330,3272
4.616874999999936,1280,1178,14,3272
4.617500000000064,2134,2680,256,3272
4.618124999999964,840,1020,408,3272
4.618750000000091,778,1566,672,3272
4.619374999999991,-38,50,432,3272
4.620000000000118,-290,-486,298,3272
4.620625000000018,-1164,-1574,234,3272
4.621249999999918,-1696,-2384,566,3272
4.6218750000000455,-1328,-3046,52,3272
4.622499999999945,-1492,-2946,-34,3272
4.623125000000073,-520,-1654,296,3272
4.623749999999973,208,-844,-82,3272
4.6243750000001,752,604,140,3272
4.625,408,812,370,3255
4.625625000000127,1632,2594,76,3255
4.626250000000027,1278,2680,214,3255
4.626874999999927,1116,3114,226,3255
4.627500000000055,374,1970,186,3255
4.6281249999999545,62,1354,208,3255
4.628750000000082,-1106,-104,402,3255
4.629374999999982,-1262,-592,628,3255
4.630000000000109,-1422,-1936,440,3255
4.630625000000009,-1490,-2282,192,3255
4.631249999999909,-892,-1274,606,3255
4.631875000000036,-576,-1412,242,3255
4.632499999999936,498,-596,66,3255
4.633125000000064,1090,846,192,3255
4.633749999999964,1660,1732,-86,3255
4.634375000000091,1088,1408,406,3255
4.634999999999991,1912,2594,94,3255
4.635625000000118,718,1502,534,3255
4.636250000000018,722,816,248,3255
4.636874999999918,-532,-576,548,3255
4.6375000000000455,-1010,-1608,644,3255
4.638124999999945,-1516,-3008,220,3255
4.638750000000073,-1410,-2952,-92,3255
4.639374999999973,-1472,-2818,488,3255
4.6400000000001,-548,-1984,216,3255
4.640625,222,-1004,-166,3255
4.641250000000127,82,-448,-24,3255
4.641875000000027,1580,1972,24,3255
4.642499999999927,1226,1898,212,3255
4.643125000000055,1416,2880,302,3244
4.6437499999999545,980,2784,328,3244
4.644375000000082,576,2048,330,3244
4.644999999999982,-452,680,150,3244
4.645625000000109,-702,792,380,3244
4.646250000000009,-1170,-736,340,3244
4.646874999999909,-1502,-1864,230,3244
4.647500000000036,-1484,-2112,234,3244
4.648124999999936,-1500,-1956,454,3244
4.648750000000064,6,-1022,252,3244
4.649374999999964,-140,-476,328,3244
4.650000000000091,1180,946,184,3244
4.650624999999991,1070,1266,262,3244
4.651250000000118,1604,2078,196,3244
4.651875000000018,908,1522,78,3244
4.652499999999918,1572,2454,320,3244
4.6531250000000455,448,960,276,3244
4.653749999999945,-338,80,784,3244
4.654375000000073,-1000,-1794,526,3244
4.654999999999973,-1194,-2454,408,3244
4.6556250000001,-1884,-3164,442,3244
4.65625,-1168,-2806,64,3244
4.656875000000127,-634,-2634,16,3244
4.657500000000027,-760,-2218,-52,3244
4.658124999999927,354,-146,64,3244
4.658750000000055,1112,874,146,3244
4.6593749999999545,1876,2510,-50,3244
4.660000000000082,844,1972,224,3244
4.660624999999982,896,2176,396,3244
4.661250000000109,756,2178,490,3244
4.661875000000009,-108,1606,414,3244
4.662499999999909,-622,380,230,3244
4.663125000000036,-954,-756,-56,3244
4.663749999999936,-1694,-1542,414,3244
4.664375000000064,-2204,-2560,408,3244
4.664999999999964,-658,-1534,298,3244
4.665625000000091,-652,-1108,120,3244
4.666249999999991,508,172,230,3244
4.666875000000118,326,192,334,3244
4.667500000000018,1450,1716,348,3244
4.668124999999918,1460,2190,46,3244
4.6687500000000455,2066,3532,448,3244
4.669374999999945,1086,1586,38,3244
4.670000000000073,274,1174,534,3244
4.670624999999973,-510,-380,414,3244
4.6712500000001,-824,-1180,344,3244
4.671875,-1290,-2240,608,3244
4.672500000000127,-1728,-2970,480,3244
4.673125000000027,-874,-3024,298,3244
4.673749999999927,-1168,-3026,78,3244
4.674375000000055,60,-1074,108,3244
4.6749999999999545,556,-234,164,3244
4.675625000000082,1234,914,-74,3244
4.676249999999982,864,1074,-48,3244
4.676875000000109,1476,2716,394,3244
4.677500000000009,814,1842,206,3244
4.678124999999909,674,1978,192,3244
4.678750000000036,-186,1162,572,3244
4.679374999999936,-602,94,432,3244
4.680000000000064,-1566,-1286,334,3244
4.680624999999964,-1590,-1142,362,3244
4.681250000000091,-1126,-1676,102,3244
4.681874999999991,-888,-1902,46,3244
4.682500000000118,-382,-500,198,3244
4.683125000000018,-140,56,488,3244
4.683749999999918,1158,1072,148,3244
4.6843750000000455,1564,2046,116,3244
4.684999999999945,1412,2816,458,3244
4.685625000000073,1318,2096,502,3244
4.686249999999973,1656,2724,90,3244
4.6868750000001,-58,1130,556,3244
4.6875,44,372,140,3244
4.688125000000127,-876,-1064,564,3244
4.688750000000027,-1312,-2234,98,3244
4.689374999999927,-1728,-3098,482,3244
4.690000000000055,-1310,-3114,190,3244
4.6906249999999545,-662,-2446,386,3244
4.691250000000082,86,-1342,388,3244
4.691874999999982,966,-424,-64,3244
4.692500000000109,634,-24,-212,3244
4.693125000000009,956,1778,554,3244
4.693749999999909,1170,1576,132,3244
4.694375000000036,1472,2300,-52,3244
4.694999999999936,322,1626,194,3244
4.695625000000064,50,898,220,3244
4.696249999999964,-760,-390,394,3244
4.696875000000091,-1188,-588,622,3243
4.697499999999991,-1718,-1850,342,3243
4.698125000000118,-1134,-1620,254,3243
4.698750000000018,-870,-1496,104,3243
4.699374999999918,-1318,-1506,26,3243
4.7000000000000455,276,36,100,3243
4.700624999999945,694,688,132,3243
4.701250000000073,1364,2022,262,3243
4.701874999999973,1158,2238,416,3243
4.7025000000001,1632,2726,326,3243
4.703125,598,1938,562,3243
4.703750000000127,1094,2278,424,3243
4.704375000000027,-64,654,462,3243
4.704999999999927,-558,-508,248,3243
4.705625000000055,-1288,-1730,128,3243
4.7062499999999545,-1230,-2112,360,3243
4.706875000000082,-1742,-3456,254,3243
4.707499999999982,-1100,-2452,552,3243
4.708125000000109,-188,-2096,242,3243
4.708750000000009,-114,-1482,212,3243
4.709374999999909,756,218,398,3243
4.710000000000036,1298,888,0,3243
4.710624999999936,2066,2332,-66,3243
4.711250000000064,1162,2044,288,3243
4.711874999999964,784,1826,254,3243
4.712500000000091,382,1246,316,3243
4.713124999999991,-136,620,280,3243
4.713750000000118,-1090,-820,296,3243
4.714375000000018,-1308,-1508,448,3243
4.714999999999918,-1534,-2036,396,3242
4.7156250000000455,-1936,-2410,98,3242
4.716249999999945,-474,-1164,138,3242
4.716875000000073,-234,-782,-210,3242
4.717499999999973,124,246,264,3242
4.7181250000001,580,964,322,3242
4.71875,1584,2086,124,3242
4.719375000000127,1000,2162,240,3242
4.720000000000027,2012,3736,428,3242
4.720624999999927,1186,2232,364,3242
4.721250000000055,300,1250,396,3242
4.7218749999999545,-412,242,248,3242
4.722500000000082,-834,-360,594,3242
4.723124999999982,-790,-1574,42,3242
4.723750000000109,-1280,-1890,256,3242
4.724375000000009,-1322,-2688,308,3242
4.724999999999909,-1448,-3186,32,3242
4.725625000000036,-162,-1564,430,3242
4.726249999999936,176,-868,256,3242
4.726875000000064,1610,676,168,3242
4.727499999999964,1016,830,236,3242
4.728125000000091,1432,2078,324,3242
4.728749999999991,976,1544,412,3242
4.729375000000118,1122,1922,98,3242
4.730000000000018,54,1150,156,3242
4.730624999999918,-432,208,576,3242
4.7312500000000455,-1216,-1344,244,3242
4.731874999999945,-1762,-2068,158,3242
4.732500000000073,-1584,-2152,460,3245
4.733124999999973,-1318,-2494,222,3245
4.7337500000001,-914,-1970,126,3245
4.734375,-948,-1124,194,3245
4.735000000000127,718,516,-126,3245
4.735625000000027,1120,1390,68,3245
4.736249999999927,1660,3264,272,3245
4.736875000000055,1268,2638,570,3245
4.7374999999999545,1176,2474,384,3245
4.738125000000082,856,2266,396,3245
4.738749999999982,20,1586,660,3245
4.739375000000109,-34,320,576,3245
4.740000000000009,-822,-984,68,3245
4.740624999999909,-2010,-2522,568,3245
4.741250000000036,-1344,-2498,-150,3245
4.741874999999936,-652,-1718,338,3245
4.742500000000064,-846,-2380,-232,3245
4.743124999999964,360,-964,252,3245
4.743750000000091,334,-894,154,3245
4.744374999999991,1054,860,450,3245
4.745000000000118,1610,1498,420,3245
4.745625000000018,2202,2546,102,3245
4.746249999999918,574,1186,94,3245
4.7468750000000455,304,1342,688,3245
4.747499999999945,-178,0,240,3245
4.748125000000073,-936,-990,64,3245
4.748749999999973,-1344,-1536,222,3245
4.7493750000001,-1512,-2210,192,3245
4.75,-1274,-2542,278,3245
4.750625000000127,-1860,-2718,412,3229
4.751250000000027,-242,-962,108,3229
4.751874999999927,240,-298,-26,3229
4.752500000000055,1420,1922,-12,3229
4.7531249999999545,1154,2114,22,3229
4.753750000000082,1574,3026,6,3229
4.754374999999982,1572,3418,356,3229
4.755000000000109,1146,2834,624,3229
4.755625000000009,64,1210,592,3229
4.756249999999909,-44,786,386,3229
4.756875000000036,-1418,-818,722,3229
4.757499999999936,-1100,-1342,376,3229
4.758125000000064,-1162,-2166,306,3229
4.758749999999964,-1512,-2734,34,3229
4.759375000000091,-362,-1650,-14,3229
4.759999999999991,-446,-1490,162,3229
4.760625000000118,744,-124,98,3229
4.761250000000018,1206,942,550,3229
4.761874999999918,1624,1350,138,3229
4.7625000000000455,890,1056,338,3229
4.763124999999945,1002,1856,760,3229
4.763750000000073,370,574,192,3229
4.764374999999973,144,188,116,3229
4.7650000000001,-936,-868,528,3229
4.765625,-1270,-1638,368,3229
4.766250000000127,-1556,-2814,190,3229
4.766875000000027,-1610,-2688,0,3229
4.767499999999927,-658,-1892,158,3229
4.768125000000055,-460,-1536,158,3229
4.7687499999999545,406,26,22,3230
4.769375000000082,270,616,28,3230
4.769999999999982,1712,2424,34,3230
4.770625000000109,1342,2600,-60,3230
4.771250000000009,1472,4074,386,3230
4.771874999999909,960,2658,418,3230
4.772500000000036,586,2166,402,3230
4.773124999999936,-990,166,492,3230
4.773750000000064,-736,-6,696,3230
4.774374999999964,-1024,-1476,390,3230
4.775000000000091,-1622,-2200,286,3230
4.775624999999991,-862,-1756,140,3230
4.776250000000118,-1074,-1734,380,3230
4.776875000000018,278,-1206,-140,3230
4.777499999999918,260,-304,-16,3230
4.7781250000000455,1530,1314,154,3230
4.778749999999945,1114,1028,78,3230
4.779375000000073,1320,1948,536,3230
4.779999999999973,670,830,460,3230
4.7806250000001,1192,1324,450,3230
4.78125,-562,-90,500,3230
4.781875000000127,-590,-726,494,3230
4.782500000000027,-1212,-2322,366,3230
4.783124999999927,-1576,-2820,56,3230
4.783750000000055,-1734,-3034,114,3230
4.7843749999999545,-990,-2406,306,3230
4.785000000000082,-262,-1644,-90,3230
4.785624999999982,-318,-876,-112,3244
4.786250000000109,808,882,238,3244
4.786875000000009,1584,1912,186,3244
4.787499999999909,1632,3046,42,3244
4.788125000000036,758,2438,216,3244
4.788749999999936,1416,3086,52,3244
4.789375000000064,314,2136,330,3244
4.789999999999964,-306,1312,536,3244
4.790625000000091,-704,-6,652,3244
4.791249999999991,-1172,-932,466,3244
4.791875000000118,-1624,-2092,456,3244
4.792500000000018,-1946,-2720,294,3244
4.793124999999918,-350,-1242,538,3244
4.7937500000000455,-194,-998,-190,3244
4.794374999999945,370,-302,288,3244
4.795000000000073,1120,332,-248,3244
4.795624999999973,1328,1702,236,3244
4.7962500000001,1204,1410,38,3244
4.796875,1900,2632,272,3244
4.797500000000127,534,786,418,3244
4.798125000000027,62,388,746,3244
4.798749999999927,-480,-990,488,3244
4.799375000000055,-1098,-1972,198,3244
4.7999999999999545,-1332,-2128,354,3244
4.800625000000082,-1338,-2312,436,3244
4.801249999999982,-1050,-3000,-12,3244
4.801875000000109,-1270,-3060,-162,3244
4.802500000000009,-72,-986,74,3244
4.803124999999909,368,-114,82,3244
4.803750000000036,1660,2142,46,3244
4.804374999999936,1202,2320,348,3241
4.805000000000064,1398,2836,330,3241
4.805624999999964,1012,2578,130,3241
4.806250000000091,746,3072,344,3241
4.806874999999991,-112,1538,254,3241
4.807500000000118,-972,-256,176,3241
4.808125000000018,-1624,-1076,526,3241
4.808749999999918,-1662,-1546,780,3241
4.8093750000000455,-1266,-2092,506,3241
4.809999999999945,-1132,-2062,82,3241
4.810625000000073,-262,-620,548,3241
4.811249999999973,42,-680,158,3241
4.8118750000001,984,552,58,3241
4.8125,1408,1522,0,3241
4.813125000000127,1872,2594,2,3241
4.813750000000027,1088,1506,346,3241
4.814374999999927,1088,1672,226,3241
4.815000000000055,-86,394,748,3241
4.8156249999999545,-68,-396,362,3241
4.816250000000082,-756,-1392,472,3241
4.816874999999982,-1484,-2406,704,3241
4.817500000000109,-1330,-3354,162,3241
4.818125000000009,-1474,-3042,-38,3241
4.818749999999909,-550,-1642,360,3241
4.819375000000036,-90,-1302,66,3241
4.819999999999936,1076,68,-284,3241
4.820625000000064,470,416,-38,3241
4.821249999999964,1792,2560,52,3241
4.821875000000091,1318,2436,272,3241
4.822499999999991,1140,3142,318,3240
4.823125000000118,368,2080,264,3240
4.823750000000018,310,1702,324,3240
4.824374999999918,-1208,-446,172,3240
4.8250000000000455,-1766,-854,476,3240
4.825624999999945,-1108,-1386,330,3240
4.826250000000073,-1844,-2612,198,3240
4.826874999999973,-1218,-1888,424,3240
4.8275000000001,-886,-1334,412,3240
4.828125,576,-54,276,3240
4.828750000000127,638,640,256,3240
4.829375000000027,1528,1862,0,3240
4.829999999999927,984,1600,414,3240
4.830625000000055,2126,2970,96,3240
4.8312499999999545,660,1446,100,3240
4.831875000000082,580,1158,426,3240
4.832499999999982,-320,-392,252,3240
4.833125000000109,-940,-1080,556,3240
4.833750000000009,-1094,-2288,470,3240
4.834374999999909,-1182,-2468,442,3240
4.835000000000036,-1462,-2944,454,3240
4.835624999999936,-490,-2156,218,3240
4.836250000000064,294,-1218,62,3240
4.836874999999964,-264,-996,8,3240
4.837500000000091,936,804,12,3240
4.838124999999991,1552,1942,228,3240
4.838750000000118,1656,2570,-134,3240
4.839375000000018,574,1850,180,3240
4.839999999999918,1028,2656,384,3241
4.8406250000000455,118,1502,498,3241
4.841249999999945,-512,782,374,3241
4.841875000000073,-1154,-644,320,3241
4.842499999999973,-1216,-1546,-62,3241
4.8431250000001,-1650,-1894,292,3241
4.84375,-1612,-2074,400,3241
4.844375000000127,-414,-1420,370,3241
4.845000000000027,12,-388,112,3241
4.845624999999927,910,998,382,3241
4.846250000000055,1024,988,86,3241
4.8468749999999545,1410,2212,476,3241
4.847500000000082,1068,1870,-18,3241
4.848124999999982,1736,3106,452,3241
4.848750000000109,906,1472,6,3241
4.849375000000009,-276,384,344,3241
4.849999999999909,-826,-1162,252,3241
4.850625000000036,-1056,-1818,310,3241
4.851249999999936,-1254,-2464,498,3241
4.851875000000064,-1188,-2336,518,3241
4.852499999999964,-580,-2752,252,3241
4.853125000000091,-1022,-2780,50,3241
4.853749999999991,228,-432,254,3241
4.854375000000118,668,168,374,3241
4.855000000000018,1754,1494,-310,3241
4.855624999999918,1364,2072,-6,3241
4.8562500000000455,1236,2600,352,3241
4.856874999999945,510,1526,194,3241
4.857500000000073,476,1806,326,3241
4.858124999999973,-480,828,526,3244
4.8587500000001,-1012,-766,448,3244
4.859375,-1746,-1786,274,3244
4.860000000000127,-1994,-1908,174,3244
4.860625000000027,-1284,-2258,102,3244
4.861249999999927,-874,-1920,78,3244
4.861875000000055,-402,-688,390,3244
4.8624999999999545,356,284,514,3244
4.863125000000082,1256,1494,294,3244
4.863749999999982,1438,2124,118,3244
4.864375000000109,1728,3562,502,3244
4.865000000000009,1214,2048,324,3244
4.865624999999909,766,1442,128,3244
4.866250000000036,-288,662,444,3244
4.866874999999936,-584,-390,176,3244
4.867500000000064,-768,-1152,550,3244
4.868124999999964,-1270,-2298,150,3244
4.868750000000091,-1654,-3228,488,3244
4.869374999999991,-1166,-2908,186,3244
4.870000000000118,-128,-1394,352,3244
4.870625000000018,232,-970,262,3244
4.871249999999918,1536,652,38,3244
4.8718750000000455,646,390,66,3244
4.872499999999945,1238,1902,344,3244
4.873125000000073,1472,2182,172,3244
4.873749999999973,1194,2510,64,3244
4.8743750000001,-8,1062,136,3244
4.875,-208,438,260,3244
4.875625000000127,-1252,-1058,388,3244
4.876250000000027,-1986,-1892,338,3244
4.876874999999927,-1306,-1776,268,3244
4.877500000000055,-1192,-1926,180,3244
4.8781249999999545,-606,-1416,102,3244
4.878750000000082,-862,-1178,148,3244
4.879374999999982,798,626,52,3244
4.880000000000109,1046,1422,92,3244
4.880625000000009,1868,3048,444,3244
4.881249999999909,1244,2468,382,3244
4.881875000000036,1594,3134,336,3244
4.882499999999936,384,1880,616,3244
4.883125000000064,438,1236,240,3244
4.883749999999964,-606,-378,444,3244
4.884375000000091,-1042,-1102,436,3244
4.884999999999991,-1316,-2354,-34,3244
4.885625000000118,-1588,-2572,370,3244
4.886250000000018,-894,-2560,140,3244
4.886874999999918,-218,-1536,332,3244
4.8875000000000455,470,-902,152,3244
4.888124999999945,204,-498,424,3244
4.888750000000073,1344,1282,408,3244
4.889374999999973,1444,1532,258,3244
4.8900000000001,1696,2122,-40,3244
4.890625,138,960,370,3244
4.891250000000127,550,1514,320,3244
4.891875000000027,-592,-206,188,3244
4.892499999999927,-826,-704,128,3244
4.893125000000055,-1348,-1888,234,3244
4.8937499999999545,-1566,-2476,256,3244
4.894375000000082,-1384,-2518,280,3243
4.894999999999982,-1286,-1878,204,3243
4.895625000000109,236,-562,26,3243
4.896250000000009,676,534,-230,3243
4.896874999999909,1380,2560,162,3243
4.897500000000036,1290,2472,282,3243
4.898124999999936,1520,2842,368,3243
4.898750000000064,614,1950,306,3243
4.899374999999964,1026,2620,598,3243
4.900000000000091,102,814,348,3243
4.900624999999991,-1160,-654,576,3243
4.901250000000118,-1172,-1462,168,3243
4.901875000000018,-1452,-1660,502,3243
4.902499999999918,-1186,-2924,-52,3243
4.9031250000000455,-1088,-2270,-106,3243
4.903749999999945,118,-1078,224,3243
4.904375000000073,-64,-1136,64,3243
4.904999999999973,1132,722,380,3243
4.9056250000001,952,756,560,3243
4.90625,2094,2080,354,3243
4.906875000000127,946,1610,238,3243
4.907500000000027,742,1656,528,3243
4.908124999999927,-396,-264,448,3243
4.908750000000055,-698,-922,70,3243
4.9093749999999545,-1488,-1680,210,3243
4.910000000000082,-1288,-2118,328,3243
4.910624999999982,-1338,-2636,124,3243
4.911250000000109,-1540,-2514,120,3243
4.911875000000009,-542,-1530,226,3245
4.912499999999909,454,-352,200,3245
4.913125000000036,972,1164,8,3245
4.913749999999936,860,1876,6,3245
4.914375000000064,1530,2736,28,3245
4.914999999999964,1360,2958,304,3245
4.915625000000091,726,2968,534,3245
4.916249999999991,286,1724,722,3245
4.916875000000118,-314,492,490,3245
4.917500000000018,-1356,-900,408,3245
4.918124999999918,-1868,-1966,610,3245
4.9187500000000455,-636,-1666,384,3245
4.919374999999945,-1042,-2056,-194,3245
4.920000000000073,-508,-1440,358,3245
4.920624999999973,-64,-1280,-320,3245
4.9212500000001,1006,754,332,3245
4.921875,1066,924,74,3245
4.922500000000127,2218,2626,178,3245
4.923125000000027,994,1126,390,3245
4.923749999999927,792,1546,744,3245
4.924375000000055,52,68,480,3245
4.9249999999999545,-276,-498,282,3245
4.925625000000082,-1148,-1526,368,3245
4.926249999999982,-1680,-2406,474,3245
4.926875000000109,-1146,-2908,76,3245
4.927500000000009,-1368,-2842,-114,3245
4.928124999999909,-544,-1544,126,3245
4.928750000000036,156,-702,0,3245
4.929374999999936,980,874,-26,3245
4.930000000000064,426,1024,288,3228
4.930624999999964,1644,2808,192,3228
4.931250000000091,1214,2614,92,3228
4.931874999999991,980,2976,292,3228
4.932500000000118,196,1762,300,3228
4.933125000000018,-364,880,292,3228
4.933749999999918,-1256,-536,448,3228
4.9343750000000455,-1326,-896,776,3228
4.934999999999945,-1442,-2130,464,3228
4.935625000000073,-1150,-2144,90,3228
4.936249999999973,-532,-896,520,3228
4.9368750000001,-280,-1040,148,3228
4.9375,816,24,-32,3228
4.938125000000127,1256,1362,224,3228
4.938750000000027,1858,2168,-232,3228
4.939374999999927,1176,1760,472,3228
4.940000000000055,1590,2310,114,3228
4.9406249999999545,190,896,594,3228
4.941250000000082,294,152,410,3228
4.941874999999982,-982,-1414,624,3228
4.942500000000109,-1322,-2260,624,3228
4.943125000000009,-1316,-3144,280,3228
4.943749999999909,-1512,-3346,-170,3228
4.944375000000036,-692,-1606,510,3228
4.944999999999936,22,-1052,94,3228
4.945625000000064,720,-60,-190,3228
4.946249999999964,808,628,-212,3228
4.946875000000091,1300,2280,182,3228
4.947499999999991,1018,1950,260,3228
4.948125000000118,1328,3078,322,3231
4.948750000000018,490,2460,392,3231
4.949374999999918,-6,1156,292,3231
4.9500000000000455,-1106,-536,192,3231
4.950624999999945,-1776,-978,430,3231
4.951250000000073,-922,-1088,298,3231
4.951874999999973,-1276,-1790,250,3231
4.9525000000001,-1076,-1860,338,3231
4.953125,-888,-1300,446,3231
4.953750000000127,872,272,160,3231
4.954375000000027,600,832,336,3231
4.954999999999927,2038,2688,130,3231
4.955625000000055,1510,2444,248,3231
4.9562499999999545,1472,2320,144,3231
4.956875000000082,632,1386,40,3231
4.957499999999982,344,996,430,3231
4.958125000000109,-532,-724,364,3231
4.958750000000009,-1162,-1504,720,3231
4.959374999999909,-1352,-2966,520,3231
4.960000000000036,-1152,-2664,376,3231
4.960624999999936,-1004,-2268,358,3231
4.961250000000064,-528,-1980,88,3231
4.961874999999964,884,-466,-54,3231
4.962500000000091,124,-460,32,3231
4.963124999999991,982,1110,102,3231
4.963750000000118,1632,2144,154,3231
4.964375000000018,1758,3116,22,3231
4.964999999999918,456,1774,252,3231
4.9656250000000455,216,1470,500,3232
4.966249999999945,-478,454,398,3232
4.966875000000073,-1216,-480,222,3232
4.967499999999973,-990,-860,212,3232
4.9681250000001,-1294,-1848,-90,3232
4.96875,-1318,-1698,512,3232
4.969375000000127,-1190,-1574,420,3232
4.970000000000027,314,-238,222,3232
4.970624999999927,204,260,176,3232
4.971250000000055,1664,2282,358,3232
4.9718749999999545,1202,1536,174,3232
4.972500000000082,1484,2614,352,3232
4.973124999999982,894,2020,128,3232
4.973750000000109,1016,2534,558,3232
4.974375000000009,166,308,32,3232
4.974999999999909,-750,-404,450,3232
4.975625000000036,-1410,-2120,340,3232
4.976249999999936,-1376,-2452,104,3232
4.976875000000064,-1262,-2828,500,3232
4.977499999999964,-834,-2438,376,3232
4.978125000000091,108,-1582,226,3232
4.978749999999991,-364,-1498,82,3232
4.979375000000118,1062,768,260,3232
4.980000000000018,1192,1162,414,3232
4.980624999999918,1634,1898,-120,3232
4.9812500000000455,870,1790,-50,3232
4.981874999999945,828,2288,578,3232
4.982500000000073,-56,556,152,3232
4.983124999999973,-346,470,222,3232
4.9837500000001,-1012,-510,440,3232
4.984375,-1598,-2008,320,3232
4.985000000000127,-1336,-1924,192,3232
4.985625000000027,-1576,-1608,270,3232
4.986249999999927,-506,-1436,44,3232
4.986875000000055,254,-474,40,3232
4.9874999999999545,588,1144,188,3232
4.988125000000082,794,1524,596,3232
4.988749999999982,2086,2950,294,3232
4.989375000000109,1610,2814,226,3232
4.990000000000009,1366,3030,450,3232
4.990624999999909,704,1722,636,3232
4.991250000000036,256,838,122,3232
4.991874999999936,-1362,-916,598,3232
4.992500000000064,-1194,-1720,32,3232
4.993124999999964,-1446,-2418,322,3232
4.993750000000091,-1378,-2972,-48,3232
4.994374999999991,-864,-2516,430,3232
4.995000000000118,-422,-2202,112,3232
4.995625000000018,422,-282,560,3232
4.996249999999918,942,232,416,3232
4.9968750000000455,1938,1478,-100,3232
4.997499999999945,1244,1614,114,3232
4.998125000000073,920,2172,528,3232
4.998749999999973,588,1156,118,3232
4.9993750000001,456,1118,96,3232
5.0,-642,-120,168,3232
5.000625000000127,-738,-672,252,3232
5.001250000000027,-1388,-1982,380,3244
5.001874999999927,-2176,-2722,338,3244
5.002500000000055,-792,-1576,146,3244
5.0031249999999545,-286,-924,30,3244
5.003750000000082,218,-140,24,3244
5.004374999999982,260,448,56,3244
5.005000000000109,1262,2024,90,3244
5.005625000000009,1356,2452,152,3244
5.006249999999909,1800,3554,510,3244
5.006875000000036,1036,2726,660,3244
5.007499999999936,504,1550,238,3244
5.008125000000064,-596,592,744,3244
5.008749999999964,-798,-556,416,3244
5.009375000000091,-1120,-1606,334,3244
5.009999999999991,-1360,-2198,120,3244
5.010625000000118,-1110,-2524,-66,3244
5.011250000000018,-1002,-2282,140,3244
5.011874999999918,40,-1218,228,3244
5.0125000000000455,448,-336,448,3244
5.013124999999945,1776,1096,178,3244
5.013750000000073,912,740,372,3244
5.014374999999973,1100,1590,492,3244
5.0150000000001,1050,1484,214,3244
5.015625,844,1168,36,3244
5.016250000000127,-384,38,416,3244
5.016875000000027,-586,-650,358,3244
5.017499999999927,-1482,-2244,238,3244
5.018125000000055,-1536,-2238,68,3244
5.0187499999999545,-960,-1986,166,3244
5.019375000000082,-1342,-2512,194,3244
5.019999999999982,-250,-1164,82,3242
5.020625000000109,-296,-402,38,3242
5.021250000000009,1190,1410,30,3242
5.021874999999909,1298,2046,-150,3242
5.022500000000036,1744,3916,404,3242
5.023124999999936,1278,2850,332,3242
5.023750000000064,1090,2752,318,3242
5.024374999999964,-402,1068,462,3242
5.025000000000091,-358,956,764,3242
5.025624999999991,-636,-720,400,3242
5.026250000000118,-1910,-2128,388,3242
5.026875000000018,-1596,-2640,212,3242
5.027499999999918,-1488,-2300,340,3242
5.0281250000000455,-360,-1970,-90,3242
5.028749999999945,-24,-984,-90,3242
5.029375000000073,1008,482,148,3242
5.029999999999973,730,328,70,3242
5.0306250000001,1504,1846,476,3242
5.03125,844,930,452,3242
5.031875000000127,1506,1658,450,3242
5.032500000000027,-160,498,394,3242
5.033124999999927,-236,-64,514,3242
5.033750000000055,-1038,-1772,368,3242
5.0343749999999545,-1324,-2308,86,3242
5.035000000000082,-1774,-2762,164,3242
5.035624999999982,-1104,-2508,318,3242
5.036250000000109,-464,-1892,-118,3242
5.036875000000009,-724,-1308,0,3242
5.037499999999909,558,166,108,3245
5.038125000000036,1452,1494,162,3245
5.038749999999936,1496,2660,74,3245
5.039375000000064,836,2494,262,3245
5.039999999999964,1614,3244,22,3245
5.040625000000091,484,2432,382,3245
5.041249999999991,-148,1666,544,3245
5.041875000000118,-600,280,686,3245
5.042500000000018,-1292,-1054,448,3245
5.043124999999918,-1586,-1894,472,3245
5.0437500000000455,-1756,-2462,310,3245
5.044374999999945,-424,-1512,578,3245
5.045000000000073,-320,-1232,-198,3245
5.045624999999973,314,-256,306,3245
5.0462500000001,800,102,-206,3245
5.046875,1470,1710,92,3245
5.047500000000127,1154,1370,0,3245
5.048125000000027,1776,2408,338,3245
5.048749999999927,526,650,440,3245
5.049375000000055,80,468,820,3245
5.0499999999999545,-476,-946,542,3245
5.050625000000082,-1024,-1908,166,3245
5.051249999999982,-1330,-2084,414,3245
5.051875000000109,-1316,-2336,414,3245
5.052500000000009,-980,-2972,-86,3245
5.053124999999909,-1288,-2978,-150,3245
5.053750000000036,-110,-966,118,3245
5.054374999999936,432,-150,-66,3245
5.055000000000064,1630,2056,56,3255
5.055624999999964,1260,2326,296,3255
5.056250000000091,1374,2794,166,3255
5.056874999999991,970,2586,174,3255
5.057500000000118,740,2982,366,3255
5.058125000000018,-256,1244,316,3255
5.058749999999918,-1088,-458,256,3255
5.0593750000000455,-1716,-1352,480,3255
5.059999999999945,-1466,-1282,704,3255
5.060625000000073,-934,-1674,458,3255
5.061249999999973,-1036,-2008,80,3255
5.0618750000001,-118,-504,474,3255
5.0625,140,-532,214,3255
5.063125000000127,1118,794,-24,3255
5.063750000000027,1554,1876,78,3255
5.064374999999927,1630,2108,-90,3255
5.065000000000055,892,1320,344,3255
5.0656249999999545,1040,1544,236,3255
5.066250000000082,-250,136,766,3255
5.066874999999982,-264,-786,344,3255
5.067500000000109,-928,-1686,520,3255
5.068125000000009,-1600,-2714,582,3255
5.068749999999909,-1394,-3488,130,3255
5.069375000000036,-1434,-3060,0,3255
5.069999999999936,-398,-1594,352,3255
5.070625000000064,254,-888,38,3255
5.071249999999964,1290,714,-156,3255
5.071875000000091,522,826,46,3255
5.072499999999991,2002,2984,44,3255
5.073125000000118,1298,2616,288,3255
5.073750000000018,816,2710,230,3258
5.074374999999918,162,1754,192,3258
5.0750000000000455,-74,1130,370,3258
5.075624999999945,-1394,-790,340,3258
5.076250000000073,-1606,-910,518,3258
5.076874999999973,-1062,-1480,308,3258
5.0775000000001,-1184,-1914,114,3258
5.078125,-786,-1246,358,3258
5.078750000000127,-600,-866,478,3258
5.079375000000027,908,274,116,3258
5.079999999999927,864,1142,348,3258
5.080625000000055,1780,2366,92,3258
5.0812499999999545,1194,1952,336,3258
5.081875000000082,1270,2184,236,3258
5.082499999999982,376,912,0,3258
5.083125000000109,428,930,358,3258
5.083750000000009,-732,-944,290,3258
5.084374999999909,-1168,-1594,684,3258
5.085000000000036,-1302,-2838,476,3258
5.085624999999936,-1296,-2896,358,3258
5.086250000000064,-1402,-3070,454,3258
5.086874999999964,-296,-1866,162,3258
5.087500000000091,832,-536,-64,3258
5.088124999999991,378,-78,68,3258
5.088750000000118,1344,1856,76,3258
5.089375000000018,1534,2302,216,3258
5.089999999999918,1652,2882,-16,3258
5.0906250000000455,610,2084,170,3258
5.091249999999945,-38,1230,418,3258
5.091875000000073,-564,294,442,3258
5.092499999999973,-1338,-718,338,3258
5.0931250000001,-1178,-1252,382,3258
5.09375,-1154,-1714,-66,3258
5.094375000000127,-1358,-1742,326,3258
5.095000000000027,-1204,-1730,236,3258
5.095624999999927,418,40,270,3258
5.096250000000055,642,774,112,3258
5.0968749999999545,1624,2384,456,3258
5.097500000000082,1248,1542,162,3258
5.098124999999982,1028,2134,634,3258
5.098750000000109,872,1764,110,3258
5.099375000000009,642,2138,586,3258
5.099999999999909,-4,-20,-60,3258
5.100625000000036,-1040,-1042,182,3258
5.101249999999936,-1562,-2508,210,3258
5.101875000000064,-1816,-3320,244,3258
5.102499999999964,-924,-2534,614,3258
5.103125000000091,-874,-2316,440,3258
5.103749999999991,746,-1020,96,3258
5.104375000000118,190,-816,68,3258
5.105000000000018,1234,1324,192,3258
5.105624999999918,1356,1538,298,3258
5.1062500000000455,1844,2540,-50,3258
5.106874999999945,656,1670,82,3258
5.107500000000073,538,1640,444,3258
5.108124999999973,-638,-178,256,3258
5.1087500000001,-754,-352,236,3258
5.109375,-1086,-896,450,3258
5.110000000000127,-1580,-2222,310,3258
5.110625000000027,-1396,-2324,92,3258
5.111249999999927,-1296,-1470,156,3258
5.111875000000055,12,-524,-10,3258
5.1124999999999545,586,190,4,3258
5.113125000000082,1026,1970,282,3258
5.113749999999982,1116,2092,592,3258
5.114375000000109,1922,3184,384,3258
5.115000000000009,1232,2690,302,3258
5.115624999999909,574,2192,612,3258
5.116250000000036,124,684,536,3258
5.116874999999936,-488,-192,154,3258
5.117500000000064,-1660,-1876,302,3258
5.118124999999964,-1284,-2176,-30,3258
5.118750000000091,-1132,-2380,436,3258
5.119374999999991,-1094,-2734,-64,3258
5.120000000000118,-142,-1782,298,3258
5.120625000000018,-48,-1314,294,3258
5.121249999999918,1128,638,268,3258
5.1218750000000455,1344,1094,304,3258
5.122499999999945,1910,2084,184,3258
5.123125000000073,846,1394,174,3258
5.123749999999973,340,1288,622,3258
5.1243750000001,-16,216,258,3258
5.125,-390,-346,98,3258
5.125625000000127,-1596,-1540,406,3258
5.126250000000027,-1340,-2070,90,3258
5.126874999999927,-1140,-2110,150,3269
5.127500000000055,-1616,-2242,280,3269
5.1281249999999545,-548,-1672,12,3269
5.128750000000082,286,-316,92,3269
5.129374999999982,1200,1770,204,3269
5.130000000000109,776,1756,78,3269
5.130625000000009,1442,2668,132,3269
5.131249999999909,960,2456,318,3269
5.131875000000036,1208,3164,660,3269
5.132499999999936,230,1546,570,3269
5.133125000000064,-400,390,436,3269
5.133749999999964,-1312,-792,686,3269
5.134375000000091,-1410,-1730,342,3269
5.134999999999991,-1590,-2896,248,3269
5.135625000000118,-1264,-2430,102,3269
5.136250000000018,-640,-2200,-108,3269
5.136874999999918,-366,-1634,94,3269
5.1375000000000455,774,-78,50,3269
5.138124999999945,1118,908,532,3269
5.138750000000073,2056,2088,176,3269
5.139374999999973,940,1158,356,3269
5.1400000000001,664,1284,834,3269
5.140625,446,574,292,3269
5.141250000000127,-190,-252,52,3269
5.141875000000027,-962,-968,562,3269
5.142499999999927,-1126,-1768,280,3269
5.143125000000055,-1608,-2988,78,3269
5.1437499999999545,-1406,-2570,-30,3269
5.144375000000082,-402,-1370,8,3269
5.144999999999982,-276,-1152,110,3269
5.145625000000109,784,514,50,3254
5.146250000000009,516,970,96,3254
5.146874999999909,1328,2230,230,3254
5.147500000000036,1374,2668,-34,3254
5.148124999999936,1292,3894,256,3254
5.148750000000064,702,2424,488,3254
5.149374999999964,-54,1170,460,3254
5.150000000000091,-1290,-666,360,3254
5.150624999999991,-1422,-864,912,3254
5.151250000000118,-772,-1624,294,3254
5.151875000000018,-2072,-2710,368,3254
5.152499999999918,-842,-1974,192,3254
5.1531250000000455,-768,-1538,156,3254
5.153749999999945,622,-310,-156,3254
5.154375000000073,830,530,-104,3254
5.154999999999973,1602,1522,-6,3254
5.1556250000001,896,934,252,3254
5.15625,1662,2598,756,3254
5.156875000000127,530,874,536,3254
5.157500000000027,622,412,428,3254
5.158124999999927,-1030,-1004,536,3254
5.158750000000055,-1018,-1568,354,3254
5.1593749999999545,-1300,-2644,346,3254
5.160000000000082,-1534,-2982,44,3254
5.160624999999982,-1290,-2632,92,3254
5.161250000000109,-212,-1628,166,3254
5.161875000000009,468,-376,-88,3254
5.162499999999909,72,70,-24,3270
5.163125000000036,1344,1976,224,3270
5.163749999999936,1856,2766,256,3270
5.164375000000064,1342,3034,22,3270
5.164999999999964,300,2112,308,3270
5.165625000000091,718,2162,28,3270
5.166249999999991,-716,652,388,3270
5.166875000000118,-1240,-362,700,3270
5.167500000000018,-1228,-1426,536,3270
5.168124999999918,-1596,-2086,324,3270
5.1687500000000455,-1408,-2312,484,3270
5.169374999999945,-1156,-2018,274,3270
5.170000000000073,520,-392,284,3270
5.170624999999973,656,392,-76,3270
5.1712500000001,1594,1874,158,3270
5.171875,1610,1748,-222,3270
5.172500000000127,1262,2196,384,3270
5.173125000000027,656,1052,136,3270
5.173749999999927,1038,1550,388,3270
5.174375000000055,-548,-598,632,3270
5.1749999999999545,-690,-1140,470,3270
5.175625000000082,-1282,-2644,422,3270
5.176249999999982,-1924,-3448,320,3270
5.176875000000109,-944,-2328,264,3270
5.177500000000009,-616,-1760,370,3270
5.178124999999909,334,-1264,-128,3270
5.178750000000036,274,-578,-294,3270
5.179374999999936,992,1494,348,3270
5.180000000000064,1100,1560,6,3270
5.180624999999964,1728,3190,36,3270
5.181250000000091,1012,2984,436,3266
5.181874999999991,376,1710,286,3266
5.182500000000118,-622,494,336,3266
5.183125000000018,-1162,54,588,3266
5.183749999999918,-1440,-1422,176,3266
5.1843750000000455,-1712,-2374,142,3266
5.184999999999945,-1648,-2176,398,3266
5.185625000000073,-1188,-1704,522,3266
5.186249999999973,172,-530,358,3266
5.1868750000001,654,464,126,3266
5.1875,1522,2354,394,3266
5.188125000000127,1144,1614,412,3266
5.188750000000027,1412,1938,-28,3266
5.189374999999927,942,2224,384,3266
5.190000000000055,712,1454,144,3266
5.1906249999999545,-168,62,344,3266
5.191250000000082,-680,-1104,150,3266
5.191874999999982,-1716,-2604,704,3266
5.192500000000109,-1250,-2772,238,3266
5.193125000000009,-702,-2112,442,3266
5.193749999999909,-816,-2350,502,3266
5.194375000000036,544,-1296,-32,3266
5.194999999999936,66,-924,-170,3266
5.195625000000064,1042,1412,486,3266
5.196249999999964,1514,1800,66,3266
5.196875000000091,1776,2718,-134,3266
5.197499999999991,430,1618,144,3266
5.198125000000118,640,1940,242,3266
5.198750000000018,-592,192,424,3270
5.199374999999918,-1362,-622,512,3270
5.2000000000000455,-1272,-1246,206,3270
5.200624999999945,-1588,-1982,308,3270
5.201250000000073,-1232,-2176,120,3270
5.201874999999973,-1286,-1710,66,3270
5.2025000000001,224,-50,102,3270
5.203125,918,1002,166,3270
5.203750000000127,1316,1894,258,3270
5.204375000000027,912,1912,598,3270
5.204999999999927,2176,3360,254,3270
5.205625000000055,632,2186,552,3270
5.2062499999999545,880,1996,368,3270
5.206875000000082,-420,142,404,3270
5.207499999999982,-798,-906,158,3270
5.208125000000109,-1034,-1736,-20,3270
5.208750000000009,-1474,-2436,256,3270
5.209374999999909,-1338,-3128,316,3270
5.210000000000036,-648,-2108,504,3270
5.210624999999936,294,-1356,174,3270
5.211250000000064,236,-744,252,3270
5.211874999999964,1220,1126,396,3270
5.212500000000091,1414,1382,136,3270
5.213124999999991,1982,2480,0,3270
5.213750000000118,730,1772,414,3270
5.214375000000018,456,1340,334,3270
5.214999999999918,-466,22,296,3270
5.2156250000000455,-506,-212,228,3270
5.216249999999945,-1568,-1882,252,3270
5.216875000000073,-1456,-2184,280,3270
5.217499999999973,-1400,-2240,196,3267
5.2181250000001,-1400,-2082,48,3267
5.21875,196,-276,204,3267
5.219375000000127,546,390,-194,3267
5.220000000000027,1238,2208,222,3267
5.220624999999927,1480,2744,412,3267
5.221250000000055,1506,2774,156,3267
5.2218749999999545,588,2114,394,3267
5.222500000000082,1172,3072,694,3267
5.223124999999982,348,1124,336,3267
5.223750000000109,-870,-310,470,3267
5.224375000000009,-1390,-1542,280,3267
5.224999999999909,-1866,-2304,474,3267
5.225625000000036,-910,-2434,-20,3267
5.226249999999936,-1162,-2202,14,3267
5.226875000000064,-280,-1790,120,3267
5.227499999999964,52,-1170,104,3267
5.228125000000091,1140,738,438,3267
5.228749999999991,1252,1060,320,3267
5.229375000000118,2170,2448,428,3267
5.230000000000018,918,1650,314,3267
5.230624999999918,842,1768,454,3267
5.2312500000000455,-200,64,576,3267
5.231874999999945,-704,-864,122,3267
5.232500000000073,-1138,-1350,118,3267
5.233124999999973,-1386,-2104,500,3267
5.2337500000001,-1344,-2832,-18,3267
5.234375,-1330,-2176,38,3267
5.235000000000127,-424,-1008,194,3266
5.235625000000027,276,-534,24,3266
5.236249999999927,1136,1352,22,3266
5.236875000000055,454,1420,224,3266
5.2374999999999545,1502,2574,-88,3266
5.238125000000082,1600,3220,250,3266
5.238749999999982,642,2600,436,3266
5.239375000000109,334,1662,596,3266
5.240000000000009,-238,768,640,3266
5.240624999999909,-1362,-994,478,3266
5.241250000000036,-1470,-1530,362,3266
5.241874999999936,-854,-1604,730,3266
5.242500000000064,-1292,-2452,-212,3266
5.243124999999964,-718,-1790,244,3266
5.243750000000091,-260,-1454,-220,3266
5.244374999999991,1088,676,10,3266
5.245000000000118,1128,848,-98,3266
5.245625000000018,2194,2448,344,3266
5.246249999999918,1018,1038,394,3266
5.2468750000000455,1268,2220,714,3266
5.247499999999945,306,578,522,3266
5.248125000000073,116,-36,242,3266
5.248749999999973,-1140,-1304,408,3266
5.2493750000001,-1410,-2040,562,3266
5.25,-996,-2520,-110,3266
5.250625000000127,-1468,-2670,130,3266
5.251250000000027,-914,-2282,60,3266
5.251874999999927,-112,-1188,-46,3266
5.252500000000055,676,342,102,3266
5.2531249999999545,316,620,142,3263
5.253750000000082,1700,2550,30,3263
5.254374999999982,1272,2622,254,3263
5.255000000000109,1222,3206,254,3263
5.255625000000009,456,2162,202,3263
5.256249999999909,-298,850,320,3263
5.256875000000036,-1024,-64,448,3263
5.257499999999936,-1128,-412,844,3263
5.258125000000064,-1508,-2022,614,3263
5.258749999999964,-1366,-2334,88,3263
5.259375000000091,-866,-1216,670,3263
5.259999999999991,-658,-1510,220,3263
5.260625000000118,320,-928,-70,3263
5.261250000000018,970,688,8,3263
5.261874999999918,1708,1834,-218,3263
5.2625000000000455,1350,1584,260,3263
5.263124999999945,1788,2566,312,3263
5.263750000000073,694,1504,680,3263
5.264374999999973,850,988,384,3263
5.2650000000001,-354,-384,558,3263
5.265625,-1038,-1522,652,3263
5.266250000000127,-1426,-2872,280,3263
5.266875000000027,-1754,-3252,86,3263
5.267499999999927,-930,-2148,392,3263
5.268125000000055,-562,-1870,144,3263
5.2687499999999545,184,-1108,-50,3263
5.269375000000082,274,-308,-216,3263
5.269999999999982,1272,1762,58,3263
5.270625000000109,1272,1884,82,3263
5.271250000000009,1538,3114,-72,3252
5.271874999999909,1056,3098,376,3252
5.272500000000036,458,1880,356,3252
5.273124999999936,-580,450,242,3252
5.273750000000064,-1366,52,638,3252
5.274374999999964,-770,-618,364,3252
5.275000000000091,-1306,-1706,140,3252
5.275624999999991,-1618,-2218,500,3252
5.276250000000118,-1384,-2034,416,3252
5.276875000000018,252,-622,248,3252
5.277499999999918,132,-90,270,3252
5.2781250000000455,1728,1824,-26,3252
5.278749999999945,1336,1860,320,3252
5.279375000000073,1670,2356,94,3252
5.279999999999973,1122,1824,-152,3252
5.2806250000001,1060,2054,414,3252
5.28125,0,114,318,3252
5.281875000000127,-566,-558,664,3252
5.282500000000027,-1420,-2474,642,3252
5.283124999999927,-1154,-2418,460,3252
5.283750000000055,-1332,-2560,474,3252
5.2843749999999545,-1116,-2770,260,3252
5.285000000000082,132,-1640,82,3252
5.285624999999982,-370,-1396,0,3252
5.286250000000109,620,416,122,3252
5.286875000000009,1526,1598,42,3252
5.287499999999909,1448,2118,-114,3252
5.288125000000036,604,1708,118,3252
5.288749999999936,840,2238,230,3254
5.289375000000064,196,1520,406,3254
5.289999999999964,-402,858,358,3254
5.290625000000091,-902,-290,336,3254
5.291249999999991,-1236,-1330,64,3254
5.291875000000118,-1636,-1808,414,3254
5.292500000000018,-1662,-2008,324,3254
5.293124999999918,-234,-908,416,3254
5.2937500000000455,-422,-790,176,3254
5.294374999999945,884,860,406,3254
5.295000000000073,792,690,144,3254
5.295624999999973,1646,2570,522,3254
5.2962500000001,1376,2308,26,3254
5.296875,1616,3392,476,3254
5.297500000000127,622,1172,-8,3254
5.298125000000027,16,634,212,3254
5.298749999999927,-1018,-1216,320,3254
5.299375000000055,-1058,-1724,400,3254
5.2999999999999545,-1454,-2856,484,3254
5.300625000000082,-1314,-2744,610,3254
5.301249999999982,-322,-2282,266,3254
5.301875000000109,-806,-2286,8,3254
5.302500000000009,410,-444,264,3254
5.303124999999909,894,394,346,3254
5.303750000000036,1652,1542,-304,3254
5.304374999999936,1024,1810,118,3254
5.305000000000064,1218,2500,366,3254
5.305624999999964,284,1142,140,3254
5.306250000000091,314,1440,314,3254
5.306874999999991,-668,382,424,3241
5.307500000000118,-1150,-1246,338,3241
5.308125000000018,-1352,-1442,216,3241
5.308749999999918,-1600,-1414,242,3241
5.3093750000000455,-1066,-2024,62,3241
5.309999999999945,-384,-1314,136,3241
5.310625000000073,178,284,228,3241
5.311249999999973,416,876,676,3241
5.3118750000001,1806,2120,220,3241
5.3125,1612,2436,126,3241
5.313125000000127,1400,3282,666,3241
5.313750000000027,1262,2124,296,3241
5.314374999999927,764,1894,248,3241
5.315000000000055,-624,38,292,3241
5.3156249999999545,-502,-484,112,3241
5.316250000000082,-1280,-2024,424,3241
5.316874999999982,-1490,-2726,144,3241
5.317500000000109,-1278,-2880,502,3241
5.318125000000009,-1088,-2960,114,3241
5.318749999999909,90,-1194,396,3241
5.319375000000036,470,-530,224,3241
5.319999999999936,1440,704,-38,3241
5.320625000000064,1248,1028,34,3241
5.321249999999964,1004,2040,556,3241
5.321875000000091,978,1500,182,3241
5.322499999999991,1194,2046,30,3241
5.323125000000118,-346,650,272,3241
5.323750000000018,-460,54,238,3241
5.324374999999918,-1144,-1242,268,3257
5.3250000000000455,-1870,-1996,272,3257
5.325624999999945,-1180,-1778,168,3257
5.326250000000073,-760,-1382,190,3257
5.326874999999973,-250,-996,38,3257
5.3275000000001,-614,-612,122,3257
5.328125,996,1222,96,3257
5.328750000000127,1160,1728,92,3257
5.329375000000027,1756,3114,468,3257
5.329999999999927,1408,2880,516,3257
5.330625000000055,1194,2574,390,3257
5.3312499999999545,104,1412,620,3257
5.331875000000082,60,840,418,3257
5.332499999999982,-880,-932,348,3257
5.333125000000109,-1266,-1614,304,3257
5.333750000000009,-1596,-2724,-8,3257
5.334374999999909,-1690,-3184,88,3257
5.335000000000036,-698,-2324,240,3257
5.335624999999936,-260,-1442,426,3257
5.336250000000064,1096,-100,176,3257
5.336874999999964,592,-136,326,3257
5.337500000000091,820,974,560,3257
5.338124999999991,1474,1586,236,3257
5.338750000000118,1744,2448,30,3257
5.339375000000018,162,932,292,3257
5.339999999999918,-8,594,468,3257
5.3406250000000455,-658,-440,242,3257
5.341249999999945,-1000,-1122,22,3257
5.341875000000073,-1042,-1458,242,3257
5.342499999999973,-1342,-2144,232,3257
5.3431250000001,-1226,-2356,204,3241
5.34375,-942,-1490,160,3241
5.344375000000127,306,-52,52,3241
5.345000000000027,768,738,-254,3241
5.345624999999927,1658,2986,246,3241
5.346250000000055,1288,2556,298,3241
5.3468749999999545,1370,2680,256,3241
5.347500000000082,876,2492,420,3241
5.348124999999982,838,2898,842,3241
5.348750000000109,264,900,438,3241
5.349375000000009,-1040,-636,530,3241
5.349999999999909,-1526,-1822,266,3241
5.350625000000036,-1760,-2190,448,3241
5.351249999999936,-922,-2528,-154,3241
5.351875000000064,-1430,-2658,-110,3241
5.352499999999964,190,-1280,90,3241
5.353125000000091,-136,-1184,98,3241
5.353749999999991,1196,832,506,3241
5.354375000000118,1330,1256,524,3241
5.355000000000018,1856,1774,318,3241
5.355624999999918,476,1004,320,3241
5.3562500000000455,1138,2104,444,3241
5.356874999999945,-380,-124,468,3241
5.357500000000073,-530,-698,144,3241
5.358124999999973,-1142,-1382,218,3241
5.3587500000001,-1694,-2442,430,3241
5.359375,-1162,-2392,140,3241
5.360000000000127,-1430,-2272,50,3241
5.360625000000027,-568,-1370,172,3244
5.361249999999927,378,-408,36,3244
5.361875000000055,920,1152,-46,3244
5.3624999999999545,416,1280,60,3244
5.363125000000082,1736,2788,-34,3244
5.363749999999982,1552,3176,366,3244
5.364375000000109,884,2854,372,3244
5.365000000000009,428,1872,756,3244
5.365624999999909,200,1384,518,3244
5.366250000000036,-1214,-500,486,3244
5.366874999999936,-1458,-1248,596,3244
5.367500000000064,-910,-1746,504,3244
5.368124999999964,-1298,-2342,-54,3244
5.368750000000091,-1032,-2314,292,3244
5.369374999999991,-556,-1910,-288,3244
5.370000000000118,746,-44,96,3244
5.370625000000018,910,376,-72,3244
5.371249999999918,1778,1702,128,3244
5.3718750000000455,1120,1088,308,3244
5.372499999999945,980,1622,712,3244
5.373125000000073,632,800,456,3244
5.373749999999973,694,684,272,3244
5.3743750000001,-832,-674,400,3244
5.375,-1232,-1496,652,3244
5.375625000000127,-970,-2226,112,3244
5.376250000000027,-1534,-2752,54,3244
5.376874999999927,-1402,-2826,136,3244
5.377500000000055,-678,-1820,-10,3244
5.3781249999999545,370,-386,-76,3255
5.378750000000082,-44,-112,136,3255
5.379374999999982,1374,2026,22,3255
5.380000000000109,1224,2150,214,3255
5.380625000000009,1702,3554,198,3255
5.381249999999909,902,2730,128,3255
5.381875000000036,206,1772,318,3255
5.382499999999936,-538,742,364,3255
5.383125000000064,-476,582,754,3255
5.383749999999964,-1596,-1710,674,3255
5.384375000000091,-1548,-2034,304,3255
5.384999999999991,-1410,-1996,576,3255
5.385625000000118,-1184,-2146,346,3255
5.386250000000018,-206,-1618,68,3255
5.386874999999918,384,-250,-20,3255
5.3875000000000455,1388,1104,-146,3255
5.388124999999945,1404,1390,24,3255
5.388750000000073,1480,1934,152,3255
5.389374999999973,1022,1596,670,3255
5.3900000000001,1168,1456,352,3255
5.390625,90,246,538,3255
5.391250000000127,-578,-660,718,3255
5.391875000000027,-1224,-2248,324,3255
5.392499999999927,-1676,-3044,-18,3255
5.393125000000055,-1272,-2316,458,3255
5.3937499999999545,-818,-2160,208,3255
5.394375000000082,-486,-2176,-96,3255
5.394999999999982,-490,-1376,-46,3255
5.395625000000109,860,754,46,3255
5.396250000000009,1154,1454,142,3255
5.396874999999909,1660,3148,108,3257
5.397500000000036,944,2586,174,3257
5.398124999999936,940,2342,178,3257
5.398750000000064,-50,1390,142,3257
5.399374999999964,-664,1338,596,3257
5.400000000000091,-640,52,444,3257
5.400624999999991,-1314,-1436,318,3257
5.401250000000118,-1934,-2380,524,3257
5.401875000000018,-1776,-2358,586,3257
5.402499999999918,-108,-1172,308,3257
5.4031250000000455,-600,-1164,176,3257
5.403749999999945,1100,668,58,3257
5.404375000000073,536,552,198,3257
5.404999999999973,1724,1962,-104,3257
5.4056250000001,1108,1652,-26,3257
5.40625,1250,1836,306,3257
5.406875000000127,322,454,320,3257
5.407500000000027,36,510,724,3257
5.408124999999927,-934,-1516,650,3257
5.408750000000055,-864,-1850,384,3257
5.4093749999999545,-1412,-2424,410,3257
5.410000000000082,-1558,-3104,312,3257
5.410624999999982,-590,-2582,190,3257
5.411250000000109,-954,-2300,42,3257
5.411875000000009,130,-640,0,3257
5.412499999999909,1128,838,266,3257
5.413125000000036,1326,1664,-108,3257
5.413749999999936,660,1570,22,3257
5.414375000000064,1314,2846,252,3258
5.414999999999964,960,2488,270,3258
5.415625000000091,106,1778,316,3258
5.416249999999991,-604,390,294,3258
5.416875000000118,-740,-348,124,3258
5.417500000000018,-1632,-1314,468,3258
5.418124999999918,-1934,-1982,416,3258
5.4187500000000455,-750,-1538,422,3258
5.419374999999945,-846,-1526,154,3258
5.420000000000073,176,-392,390,3258
5.420624999999973,220,-256,204,3258
5.4212500000001,1646,1858,288,3258
5.421875,1408,2098,52,3258
5.422500000000127,1740,2978,416,3258
5.423125000000027,1174,1632,-120,3258
5.423749999999927,346,1126,234,3258
5.424375000000055,-372,-272,160,3258
5.4249999999999545,-214,-448,400,3258
5.425625000000082,-1544,-2508,546,3258
5.426249999999982,-1492,-2628,698,3258
5.426875000000109,-726,-2822,312,3258
5.427500000000009,-1446,-3114,146,3258
5.428124999999909,-168,-1120,320,3258
5.428750000000036,266,-536,274,3258
5.429374999999936,1428,912,-226,3258
5.430000000000064,1052,1420,-30,3258
5.430624999999964,1190,2222,192,3258
5.431250000000091,672,1520,146,3258
5.431874999999991,958,2402,244,3271
5.432500000000118,-126,1424,462,3271
5.433125000000018,-690,-246,416,3271
5.433749999999918,-1394,-1124,316,3271
5.4343750000000455,-1456,-1042,342,3271
5.434999999999945,-1522,-2292,48,3271
5.435625000000073,-1130,-1958,92,3271
5.436249999999973,-442,-870,216,3271
5.4368750000001,-40,-70,634,3271
5.4375,1234,1218,342,3271
5.438125000000127,1456,1956,102,3271
5.438750000000027,1664,3182,584,3271
5.439374999999927,1730,2576,410,3271
5.440000000000055,820,1800,136,3271
5.4406249999999545,-78,816,318,3271
5.441250000000082,-290,-26,16,3271
5.441874999999982,-680,-880,406,3271
5.442500000000109,-1136,-1948,90,3271
5.443125000000009,-1732,-3164,578,3271
5.443749999999909,-1464,-3502,252,3271
5.444375000000036,-448,-1824,526,3271
5.444999999999936,114,-1100,342,3271
5.445625000000064,1300,138,-54,3271
5.446249999999964,518,36,26,3271
5.446875000000091,978,1564,378,3271
5.447499999999991,1328,1856,182,3271
5.448125000000118,1404,2500,6,3271
5.448750000000018,82,1280,230,3271
5.449374999999918,2,648,220,3271
5.4500000000000455,-1060,-748,358,3271
5.450624999999945,-1956,-1688,424,3271
5.451250000000073,-1180,-1554,124,3271
5.451874999999973,-1024,-1672,122,3271
5.4525000000001,-900,-1644,178,3271
5.453125,-884,-1220,130,3271
5.453750000000127,762,542,88,3271
5.454375000000027,1094,1472,154,3271
5.454999999999927,1872,3220,432,3271
5.455625000000055,1600,2950,460,3271
5.4562499999999545,1452,2858,288,3271
5.456875000000082,326,1924,620,3271
5.457499999999982,278,1324,390,3271
5.458125000000109,-682,-460,394,3271
5.458750000000009,-1094,-1454,202,3271
5.459374999999909,-1470,-2530,0,3271
5.460000000000036,-1502,-2656,216,3271
5.460624999999936,-648,-2354,190,3271
5.461250000000064,-264,-1626,422,3271
5.461874999999964,526,-768,190,3271
5.462500000000091,350,-232,290,3271
5.463124999999991,1256,1352,512,3271
5.463750000000118,1442,1664,294,3271
5.464375000000018,1596,1934,-64,3271
5.464999999999918,74,960,540,3271
5.4656250000000455,160,966,430,3271
5.466249999999945,-906,-792,318,3271
5.466875000000073,-1236,-1384,102,3271
5.467499999999973,-1290,-1880,172,3271
5.4681250000001,-1572,-2632,194,3271
5.46875,-1010,-2142,134,3255
5.469375000000127,-1018,-1488,68,3255
5.470000000000027,582,192,114,3255
5.470624999999927,870,1042,-174,3255
5.471250000000055,1560,3116,264,3255
5.4718749999999545,1290,2672,358,3255
5.472500000000082,1912,3622,330,3255
5.473124999999982,500,2248,382,3255
5.473750000000109,732,2400,702,3255
5.474375000000009,-116,386,464,3255
5.474999999999909,-1328,-1020,544,3255
5.475625000000036,-952,-1250,230,3255
5.476249999999936,-1344,-1622,466,3255
5.476875000000064,-1102,-2906,-142,3255
5.477499999999964,-890,-1974,-146,3255
5.478125000000091,406,-686,40,3255
5.478749999999991,146,-820,-60,3255
5.479375000000118,1094,932,586,3255
5.480000000000018,944,770,590,3255
5.480624999999918,2046,1914,224,3255
5.4812500000000455,618,1332,486,3255
5.481874999999945,442,1260,576,3255
5.482500000000073,-496,-742,294,3255
5.483124999999973,-572,-970,136,3255
5.4837500000001,-1708,-2016,214,3255
5.484375,-1406,-2400,374,3255
5.485000000000127,-1010,-2494,0,3255
5.485625000000027,-1458,-2324,26,3255
5.486249999999927,-380,-1252,256,3258
5.486875000000055,690,0,74,3258
5.4874999999999545,1156,1630,-58,3258
5.488125000000082,664,1900,124,3258
5.488749999999982,1954,3330,-56,3258
5.489375000000109,1274,3024,254,3258
5.490000000000009,832,3104,626,3258
5.490624999999909,218,1742,712,3258
5.491250000000036,-498,248,526,3258
5.491874999999936,-1314,-1092,376,3258
5.492500000000064,-1942,-1984,576,3258
5.493124999999964,-592,-1640,348,3258
5.493750000000091,-974,-1752,-132,3258
5.494374999999991,-716,-1894,236,3258
5.495000000000118,52,-1272,-362,3258
5.495625000000018,974,640,282,3258
5.496249999999918,990,770,12,3258
5.4968750000000455,2180,2584,238,3258
5.497499999999945,962,1068,436,3258
5.498125000000073,654,1190,688,3258
5.498749999999973,192,278,494,3258
5.4993750000001,-298,-522,290,3258
5.5,-1064,-1394,378,3258
5.500625000000127,-1220,-1936,464,3258
5.501250000000027,-1330,-2942,140,3258
5.501874999999927,-1852,-3586,-160,3258
5.502500000000055,-782,-1912,220,3258
5.5031249999999545,-184,-1168,-38,3258
5.503750000000082,1052,806,-84,3258
5.504374999999982,892,1294,132,3254
5.505000000000109,1378,2414,64,3254
5.505625000000009,1384,2670,176,3254
5.506249999999909,1422,3850,344,3254
5.506875000000036,576,2624,384,3254
5.507499999999936,-256,888,264,3254
5.508125000000064,-1054,48,524,3254
5.508749999999964,-1124,-526,758,3254
5.509375000000091,-1160,-1602,446,3254
5.509999999999991,-1530,-2248,128,3254
5.510625000000118,-778,-1422,512,3254
5.511250000000018,-420,-1312,152,3254
5.511874999999918,584,-222,-14,3254
5.5125000000000455,920,766,102,3254
5.513124999999945,1950,2226,-144,3254
5.513750000000073,1150,1434,228,3254
5.514374999999973,1378,1870,152,3254
5.5150000000001,468,1192,760,3254
5.515625,412,354,384,3254
5.516250000000127,-432,-752,536,3254
5.516875000000027,-1122,-1700,762,3254
5.517499999999927,-1396,-3146,332,3254
5.518125000000055,-1418,-3066,-116,3254
5.5187499999999545,-866,-2034,358,3254
5.519375000000082,-702,-2020,134,3254
5.519999999999982,590,-678,-244,3254
5.520625000000109,184,-244,-144,3254
5.521250000000009,1570,2016,0,3254
5.521874999999909,1466,2362,152,3254
5.522500000000036,1418,3314,196,3243
5.523124999999936,600,2402,278,3243
5.523750000000064,622,2144,448,3243
5.524374999999964,-944,82,298,3243
5.525000000000091,-1520,-348,512,3243
5.525624999999991,-1138,-1142,312,3243
5.526250000000118,-1726,-2138,384,3243
5.526875000000018,-1078,-1690,376,3243
5.527499999999918,-944,-1356,412,3243
5.5281250000000455,604,-126,134,3243
5.528749999999945,522,638,424,3243
5.529375000000073,1524,1814,64,3243
5.529999999999973,944,1560,284,3243
5.5306250000001,1630,2304,26,3243
5.53125,518,1016,-64,3243
5.531875000000127,736,1172,284,3243
5.532500000000027,-438,-372,416,3243
5.533124999999927,-1012,-1224,756,3243
5.533750000000055,-1150,-2348,584,3243
5.5343749999999545,-1118,-2602,376,3243
5.535000000000082,-1694,-3146,488,3243
5.535624999999982,-522,-2110,192,3243
5.536250000000109,384,-1170,-68,3243
5.536875000000009,-128,-896,-64,3243
5.537499999999909,1000,952,76,3243
5.538125000000036,1602,1950,242,3243
5.538749999999936,1758,2686,-106,3243
5.539375000000064,710,2072,202,3243
5.539999999999964,692,2192,358,3244
5.540625000000091,-140,1088,378,3244
5.541249999999991,-732,448,370,3244
5.541875000000118,-1318,-942,270,3244
5.542500000000018,-1412,-1882,34,3244
5.543124999999918,-1638,-1974,422,3244
5.5437500000000455,-1536,-1978,476,3244
5.544374999999945,128,-876,206,3244
5.545000000000073,186,54,192,3244
5.545624999999973,1188,1478,220,3244
5.5462500000001,1190,1600,312,3244
5.546875,1368,2296,422,3244
5.547500000000127,892,1782,64,3244
5.548125000000027,1528,2896,440,3244
5.548749999999927,348,694,-44,3244
5.549375000000055,-678,-378,358,3244
5.5499999999999545,-1188,-1822,336,3244
5.550625000000082,-1548,-2674,220,3244
5.551249999999982,-1184,-2584,606,3244
5.551875000000109,-1018,-2330,448,3244
5.552500000000009,-80,-2012,142,3244
5.553124999999909,-372,-1808,72,3244
5.553750000000036,810,484,290,3244
5.554374999999936,870,752,302,3244
5.555000000000064,1884,2210,-66,3244
5.555624999999964,1326,2392,58,3244
5.556250000000091,778,2244,526,3244
5.556874999999991,-104,640,218,3244
5.557500000000118,-362,508,226,3244
5.558125000000018,-1146,-568,410,3244
5.558749999999918,-1408,-1840,300,3244
5.5593750000000455,-1752,-2310,280,3244
5.559999999999945,-2000,-2220,240,3244
5.560625000000073,-666,-1690,108,3244
5.561249999999973,-40,-820,28,3244
5.5618750000001,660,1012,230,3244
5.5625,1148,1816,482,3244
5.563125000000127,1664,2548,334,3244
5.563750000000027,1450,2616,176,3244
5.564374999999927,1250,3152,628,3244
5.565000000000055,704,1478,534,3244
5.5656249999999545,24,394,108,3244
5.566250000000082,-1332,-942,578,3244
5.566874999999982,-1322,-2036,-80,3244
5.567500000000109,-962,-1916,330,3244
5.568125000000009,-1266,-2664,-26,3244
5.568749999999909,-978,-2786,430,3244
5.569375000000036,-576,-2350,196,3244
5.569999999999936,464,-342,508,3244
5.570625000000064,1080,372,304,3244
5.571249999999964,2164,1940,-22,3244
5.571875000000091,870,1168,64,3244
5.572499999999991,834,2000,466,3244
5.573125000000118,674,1408,266,3244
5.573750000000018,132,840,192,3244
5.574374999999918,-908,-468,228,3244
5.5750000000000455,-1152,-1184,300,3244
5.575624999999945,-1536,-2408,274,3244
5.576250000000073,-2294,-2974,352,3228
5.576874999999973,-936,-1788,172,3228
5.5775000000001,-580,-1472,44,3228
5.578125,604,316,38,3228
5.578750000000127,448,742,-12,3228
5.579375000000027,1492,2354,8,3228
5.579999999999927,1748,2996,174,3228
5.580625000000055,1650,3106,524,3228
5.5812499999999545,526,1798,506,3228
5.581875000000082,678,1934,448,3228
5.582499999999982,-872,210,786,3228
5.583125000000109,-704,-528,390,3228
5.583750000000009,-1228,-1820,358,3228
5.584374999999909,-1672,-2682,60,3228
5.585000000000036,-894,-2272,-124,3228
5.585624999999936,-926,-2078,144,3228
5.586250000000064,80,-1232,144,3228
5.586874999999964,754,20,578,3228
5.587500000000091,1440,864,242,3228
5.588124999999991,896,730,300,3228
5.588750000000118,1468,2226,514,3228
5.589375000000018,900,1378,212,3228
5.589999999999918,846,1214,14,3228
5.5906250000000455,-590,-130,468,3228
5.591249999999945,-752,-710,510,3228
5.591875000000073,-1536,-2234,276,3228
5.592499999999973,-1608,-2400,134,3228
5.5931250000001,-1104,-2278,194,3228
5.59375,-1068,-2346,136,3228
5.594375000000127,-248,-1190,22,3226
5.595000000000027,-260,-248,108,3226
5.595624999999927,1364,1578,20,3226
5.596250000000055,1310,2158,-52,3226
5.5968749999999545,1554,3712,350,3226
5.597500000000082,990,2622,428,3226
5.598124999999982,846,2320,320,3226
5.598750000000109,-362,884,430,3226
5.599375000000009,-124,934,658,3226
5.599999999999909,-912,-884,540,3226
5.600625000000036,-1638,-2006,428,3226
5.601249999999936,-1154,-1972,152,3226
5.601875000000064,-1402,-2020,432,3226
5.602499999999964,-194,-1958,-244,3226
5.603125000000091,-92,-960,-122,3226
5.603749999999991,1170,708,166,3226
5.604375000000118,864,560,70,3226
5.605000000000018,1402,1816,578,3226
5.605624999999918,860,1092,520,3226
5.6062500000000455,1544,1794,480,3226
5.606874999999945,-8,538,360,3226
5.607500000000073,-178,0,470,3226
5.608124999999973,-1122,-1806,414,3226
5.6087500000001,-1398,-2408,122,3226
5.609375,-1708,-2852,146,3226
5.610000000000127,-1216,-2538,392,3226
5.610625000000027,-624,-2158,-36,3226
5.611249999999927,-692,-1460,-66,3243
5.611875000000055,650,350,70,3243
5.6124999999999545,1404,1510,86,3243
5.613125000000082,1560,2698,72,3243
5.613749999999982,966,2644,200,3243
5.614375000000109,1098,2694,152,3243
5.615000000000009,528,2206,324,3243
5.615624999999909,-144,1602,516,3243
5.616250000000036,-354,598,640,3243
5.616874999999936,-968,-666,448,3243
5.617500000000064,-1664,-1984,434,3243
5.618124999999964,-1976,-2640,476,3243
5.618750000000091,-362,-1394,552,3243
5.619374999999991,-312,-1144,-190,3243
5.620000000000118,232,-390,366,3243
5.620625000000018,748,-118,-320,3243
5.621249999999918,1226,1430,126,3243
5.6218750000000455,1234,1534,84,3243
5.622499999999945,1916,2726,276,3243
5.623125000000073,536,824,470,3243
5.623749999999973,54,444,810,3243
5.6243750000001,-478,-884,506,3243
5.625,-1004,-1872,214,3243
5.625625000000127,-1344,-2094,374,3243
5.626250000000027,-1426,-2492,384,3243
5.626874999999927,-818,-2732,32,3243
5.627500000000055,-1128,-2826,-42,3243
5.6281249999999545,-50,-914,50,3243
5.628750000000082,448,-28,30,3243
5.629374999999982,1744,2160,-42,3243
5.630000000000109,1284,2312,172,3239
5.630625000000009,1432,2886,230,3239
5.631249999999909,972,2656,236,3239
5.631875000000036,758,2970,348,3239
5.632499999999936,-216,1226,288,3239
5.633125000000064,-968,-282,236,3239
5.633749999999964,-1656,-1372,398,3239
5.634375000000091,-1340,-1146,726,3239
5.634999999999991,-1020,-1720,480,3239
5.635625000000118,-1058,-1994,104,3239
5.636250000000018,-174,-498,604,3239
5.636874999999918,48,-594,232,3239
5.6375000000000455,1014,710,90,3239
5.638124999999945,1400,1702,56,3239
5.638750000000073,1920,2628,-116,3239
5.639374999999973,1002,1558,370,3239
5.6400000000001,1026,1568,198,3239
5.640625,-242,198,732,3239
5.641250000000127,-248,-660,444,3239
5.641875000000027,-812,-1488,482,3239
5.642499999999927,-1506,-2546,584,3239
5.643125000000055,-1312,-3462,142,3239
5.6437499999999545,-1376,-3034,-88,3239
5.644375000000082,-468,-1560,320,3239
5.644999999999982,70,-1086,114,3239
5.645625000000109,1144,452,-146,3239
5.646250000000009,532,658,20,3239
5.646874999999909,1874,2784,126,3239
5.647500000000036,1296,2462,196,3239
5.648124999999936,1026,3132,242,3243
5.648750000000064,230,1950,298,3243
5.649374999999964,96,1336,288,3243
5.650000000000091,-1456,-752,356,3243
5.650624999999991,-1936,-1268,496,3243
5.651250000000118,-1214,-1632,256,3243
5.651875000000018,-1464,-2316,168,3243
5.652499999999918,-824,-1384,412,3243
5.6531250000000455,-632,-956,338,3243
5.653749999999945,944,472,224,3243
5.654375000000073,1008,1264,320,3243
5.654999999999973,1690,2320,120,3243
5.6556250000001,1018,1828,434,3243
5.65625,1598,2524,108,3243
5.656875000000127,254,876,28,3243
5.657500000000027,260,674,388,3243
5.658124999999927,-832,-1114,364,3243
5.658750000000055,-1208,-1840,648,3243
5.6593749999999545,-1326,-2732,558,3243
5.660000000000082,-1330,-2774,474,3243
5.660624999999982,-1100,-2956,212,3243
5.661250000000109,-210,-1692,236,3243
5.661875000000009,896,-334,-66,3243
5.662499999999909,304,-82,60,3243
5.663125000000036,1328,1744,100,3243
5.663749999999936,1500,2372,318,3243
5.664375000000064,1562,2788,28,3243
5.664999999999964,490,1856,220,3243
5.665625000000091,238,1446,332,3244
5.666249999999991,-608,388,430,3244
5.666875000000118,-914,-222,294,3244
5.667500000000018,-1556,-1588,314,3244
5.668124999999918,-1508,-2176,22,3244
5.6687500000000455,-1144,-1614,304,3244
5.669374999999945,-1162,-1584,276,3244
5.670000000000073,326,-206,262,3244
5.670624999999973,450,628,176,3244
5.6712500000001,1558,2178,326,3244
5.671875,1520,2114,236,3244
5.672500000000127,1118,2404,710,3244
5.673125000000027,734,1618,120,3244
5.673749999999927,1110,2516,588,3244
5.674375000000055,250,402,-80,3244
5.6749999999999545,-814,-608,212,3244
5.675625000000082,-1294,-2136,230,3244
5.676249999999982,-1712,-3032,158,3244
5.676875000000109,-1034,-2576,568,3244
5.677500000000009,-842,-2032,704,3244
5.678124999999909,370,-1564,126,3244
5.678750000000036,184,-1002,2,3244
5.679374999999936,968,1056,264,3244
5.680000000000064,1052,1208,270,3244
5.680624999999964,1848,2484,-100,3244
5.681250000000091,1146,2290,108,3244
5.681874999999991,392,1656,468,3244
5.682500000000118,-320,308,322,3244
5.683125000000018,-850,-270,276,3244
5.683749999999918,-1470,-1170,516,3244
5.6843750000000455,-1500,-2238,294,3244
5.684999999999945,-1768,-2568,216,3244
5.685625000000073,-1674,-2012,116,3244
5.686249999999973,-88,-712,-10,3244
5.6868750000001,378,0,14,3244
5.6875,1276,2092,230,3244
5.688125000000127,1116,2032,592,3244
5.688750000000027,1554,2506,302,3244
5.689374999999927,1376,2786,262,3244
5.690000000000055,816,2826,764,3244
5.6906249999999545,466,1062,514,3244
5.691250000000082,-292,-26,210,3244
5.691874999999982,-1720,-1898,368,3244
5.692500000000109,-1280,-2094,-156,3244
5.693125000000009,-816,-1850,434,3244
5.693749999999909,-1318,-2790,-74,3244
5.694375000000036,-220,-1822,290,3244
5.694999999999936,-84,-1522,284,3244
5.695625000000064,988,540,406,3244
5.696249999999964,1438,1174,290,3244
5.696875000000091,2176,2394,22,3244
5.697499999999991,760,1260,98,3244
5.698125000000118,896,2072,470,3244
5.698750000000018,18,606,328,3244
5.699374999999918,-618,-360,214,3244
5.7000000000000455,-1314,-1306,396,3244
5.700624999999945,-1462,-2090,246,3244
5.701250000000073,-1502,-2720,200,3244
5.701874999999973,-1812,-2432,298,3242
5.7025000000001,-372,-1280,-66,3242
5.703125,384,-104,22,3242
5.703750000000127,874,1264,64,3242
5.704375000000027,576,1388,104,3242
5.704999999999927,1868,3024,56,3242
5.705625000000055,1472,3040,268,3242
5.7062499999999545,1126,3040,548,3242
5.706875000000082,296,1542,512,3242
5.707499999999982,-294,400,386,3242
5.708125000000109,-1194,-500,784,3242
5.708750000000009,-988,-1270,330,3242
5.709374999999909,-1500,-2606,390,3242
5.710000000000036,-1128,-2284,184,3242
5.710624999999936,-360,-1662,-186,3242
5.711250000000064,-432,-1498,204,3242
5.711874999999964,682,-532,-50,3242
5.712500000000091,1148,784,408,3242
5.713124999999991,1796,1692,284,3242
5.713750000000118,1246,1504,354,3242
5.714375000000018,1222,2068,552,3242
5.714999999999918,258,666,456,3242
5.7156250000000455,362,316,-82,3242
5.716249999999945,-1280,-1124,588,3242
5.716875000000073,-1242,-1856,448,3242
5.717499999999973,-1446,-2808,40,3242
5.7181250000001,-1772,-2918,72,3242
5.71875,-396,-1482,98,3242
5.719375000000127,-136,-906,118,3242
5.720000000000027,288,16,128,3241
5.720624999999927,646,1092,84,3241
5.721250000000055,1310,2176,146,3241
5.7218749999999545,1100,2258,2,3241
5.722500000000082,1340,3788,318,3241
5.723124999999982,708,2370,322,3241
5.723750000000109,16,1080,334,3241
5.724375000000009,-1182,-410,400,3241
5.724999999999909,-1282,-768,716,3241
5.725625000000036,-844,-1406,460,3241
5.726249999999936,-1600,-2256,414,3241
5.726875000000064,-1104,-2386,204,3241
5.727499999999964,-1006,-1954,358,3241
5.728125000000091,556,-616,-140,3241
5.728749999999991,518,192,-176,3241
5.729375000000118,2126,2332,58,3241
5.730000000000018,1526,1752,70,3241
5.730624999999918,1334,2294,750,3241
5.7312500000000455,614,1054,760,3241
5.731874999999945,830,612,350,3241
5.732500000000073,-840,-780,390,3241
5.733124999999973,-972,-1298,524,3241
5.7337500000001,-1476,-3100,154,3241
5.734375,-1514,-2930,12,3241
5.735000000000127,-1050,-2112,192,3241
5.735625000000027,-704,-1984,188,3241
5.736249999999927,622,-298,10,3241
5.736875000000055,134,32,64,3257
5.7374999999999545,1016,1658,258,3257
5.738125000000082,1884,2768,208,3257
5.738749999999982,1358,3328,160,3257
5.739375000000109,288,1952,148,3257
5.740000000000009,472,1838,88,3257
5.740624999999909,-696,538,428,3257
5.741250000000036,-1216,-636,368,3257
5.741874999999936,-984,-958,720,3257
5.742500000000064,-1592,-2068,264,3257
5.743124999999964,-1322,-2218,372,3257
5.743750000000091,-1112,-1890,414,3257
5.744374999999991,516,-304,358,3257
5.745000000000118,618,358,-136,3257
5.745625000000018,1720,2034,248,3257
5.746249999999918,1294,1244,-166,3257
5.7468750000000455,1786,2818,208,3257
5.747499999999945,906,1536,170,3257
5.748125000000073,1032,1534,320,3257
5.748749999999973,-482,-582,580,3257
5.7493750000001,-948,-1284,700,3257
5.75,-1004,-2208,374,3257
5.750625000000127,-1328,-2728,144,3257
5.751250000000027,-1480,-2800,306,3257
5.751874999999927,-632,-2112,178,3257
5.752500000000055,154,-1168,54,3257
5.7531249999999545,-88,-902,-112,3257
5.753750000000082,1104,1076,118,3257
5.754374999999982,1196,1570,192,3257
5.755000000000109,1576,2802,72,3253
5.755625000000009,866,2422,308,3253
5.756249999999909,612,2176,336,3253
5.756875000000036,-408,926,282,3253
5.757499999999936,-532,804,436,3253
5.758125000000064,-1138,-682,282,3253
5.758749999999964,-1462,-1920,148,3253
5.759375000000091,-1366,-1606,342,3253
5.759999999999991,-1324,-1524,618,3253
5.760625000000118,-408,-1616,202,3253
5.761250000000018,332,-280,96,3253
5.761874999999918,858,1262,498,3253
5.7625000000000455,1204,1200,294,3253
5.763124999999945,1908,2486,58,3253
5.763750000000073,1142,2242,316,3253
5.764374999999973,1600,2354,-96,3253
5.7650000000001,338,974,474,3253
5.765625,-32,124,192,3253
5.766250000000127,-1294,-1720,564,3253
5.766875000000027,-1146,-2304,440,3253
5.767499999999927,-1072,-2322,508,3253
5.768125000000055,-832,-2300,308,3253
5.7687499999999545,-530,-2534,192,3253
5.769375000000082,-382,-1976,-244,3253
5.769999999999982,460,328,352,3253
5.770625000000109,1010,830,254,3253
5.771250000000009,1694,2000,-190,3253
5.771874999999909,1246,2208,60,3253
5.772500000000036,1070,2440,272,3253
5.773124999999936,226,1272,266,3253
5.773750000000064,30,1492,370,3256
5.774374999999964,-960,128,380,3256
5.775000000000091,-964,-796,222,3256
5.775624999999991,-1486,-1778,246,3256
5.776250000000118,-2118,-2172,184,3256
5.776875000000018,-500,-1124,158,3256
5.777499999999918,-254,-776,130,3256
5.7781250000000455,446,302,306,3256
5.778749999999945,662,960,352,3256
5.779375000000073,1622,2292,428,3256
5.779999999999973,1104,2126,430,3256
5.7806250000001,2000,3212,294,3256
5.78125,814,1964,538,3256
5.781875000000127,360,1096,226,3256
5.782500000000027,-820,-726,-8,3256
5.783124999999927,-1274,-1584,370,3256
5.783750000000055,-1738,-3004,308,3256
5.7843749999999545,-1616,-2884,602,3256
5.785000000000082,-1194,-3376,522,3256
5.785624999999982,-708,-2474,234,3256
5.786250000000109,20,-868,324,3256
5.786875000000009,798,4,124,3256
5.787499999999909,1984,1932,-216,3256
5.788125000000036,760,1222,200,3256
5.788749999999936,748,1514,328,3256
5.789375000000064,860,1712,222,3256
5.789999999999964,404,1592,272,3256
5.790625000000091,-546,106,272,3256
5.791249999999991,-916,-846,380,3256
5.791875000000118,-1600,-1836,446,3253
5.792500000000018,-1982,-2350,230,3253
5.793124999999918,-684,-1342,86,3253
5.7937500000000455,-552,-1116,-168,3253
5.794374999999945,174,-4,92,3253
5.795000000000073,226,334,224,3253
5.795624999999973,1390,1788,304,3253
5.7962500000001,1206,2286,122,3253
5.796875,2112,4070,494,3253
5.797500000000127,1142,2250,556,3253
5.798125000000027,304,1350,496,3253
5.798749999999927,-458,320,312,3253
5.799375000000055,-728,-146,630,3253
5.7999999999999545,-962,-1742,-44,3253
5.800625000000082,-1568,-2328,126,3253
5.801249999999982,-1152,-2814,150,3253
5.801875000000109,-1338,-3108,18,3253
5.802500000000009,-8,-1406,498,3253
5.803124999999909,262,-714,420,3253
5.803750000000036,1864,1012,74,3253
5.804374999999936,714,560,110,3253
5.805000000000064,1608,2374,298,3253
5.805624999999964,714,1366,396,3253
5.806250000000091,620,1126,102,3253
5.806874999999991,-230,384,232,3253
5.807500000000118,-682,-286,594,3253
5.808125000000018,-1336,-1918,188,3253
5.808749999999918,-1620,-1990,166,3253
5.8093750000000455,-1182,-1774,336,3253
5.809999999999945,-1228,-2516,172,3253
5.810625000000073,-320,-1060,96,3253
5.811249999999973,-510,-346,112,3253
5.8118750000001,1104,1296,-10,3253
5.8125,1672,2370,52,3253
5.813125000000127,1252,2972,250,3253
5.813750000000027,992,2530,660,3253
5.814374999999927,1302,2866,318,3253
5.815000000000055,-110,1350,482,3253
5.8156249999999545,-648,334,670,3253
5.816250000000082,-636,-858,640,3253
5.816874999999982,-1494,-2136,100,3253
5.817500000000109,-1728,-2704,444,3253
5.818125000000009,-1216,-2650,-230,3253
5.818749999999909,-284,-1518,224,3253
5.819375000000036,-46,-1294,-200,3253
5.819999999999936,1282,536,192,3253
5.820625000000064,864,286,308,3253
5.821249999999964,1238,1582,560,3253
5.821875000000091,1148,1222,382,3253
5.822499999999991,1616,1796,194,3253
5.823125000000118,-96,436,206,3253
5.823750000000018,-736,-368,522,3253
5.824374999999918,-922,-1398,292,3253
5.8250000000000455,-1360,-2246,114,3253
5.825624999999945,-1748,-2890,112,3253
5.826250000000073,-1182,-2356,120,3253
5.826874999999973,-316,-1524,44,3253
5.8275000000001,-746,-1226,306,3250
5.828125,930,1028,164,3250
5.828750000000127,1090,1456,78,3250
5.829375000000027,1734,3134,94,3250
5.829999999999927,1176,2956,196,3250
5.830625000000055,760,2432,76,3250
5.8312499999999545,-46,1422,352,3250
5.831875000000082,102,1546,794,3250
5.832499999999982,-1300,-916,540,3250
5.833125000000109,-1312,-1536,370,3250
5.833750000000009,-1608,-1856,732,3250
5.834374999999909,-1370,-2332,326,3250
5.835000000000036,-712,-2206,162,3250
5.835624999999936,26,-888,-26,3250
5.836250000000064,1054,424,-262,3250
5.836874999999964,1128,964,208,3250
5.837500000000091,1548,1752,90,3250
5.838124999999991,1152,1688,630,3250
5.838750000000118,1358,1830,638,3250
5.839375000000018,296,386,360,3250
5.839999999999918,-414,-448,566,3250
5.8406250000000455,-1156,-1902,412,3250
5.841249999999945,-1594,-2856,-94,3250
5.841875000000073,-1250,-2286,384,3250
5.842499999999973,-892,-2238,326,3250
5.8431250000001,-666,-2384,-88,3250
5.84375,-570,-1538,-8,3250
5.844375000000127,840,648,56,3250
5.845000000000027,1108,1340,98,3250
5.845624999999927,1610,3092,180,3251
5.846250000000055,950,2560,160,3251
5.8468749999999545,816,2160,118,3251
5.847500000000082,-88,1378,296,3251
5.848124999999982,-650,1276,536,3251
5.848750000000109,-636,-22,346,3251
5.849375000000009,-1338,-1456,304,3251
5.849999999999909,-1910,-2368,380,3251
5.850625000000036,-1632,-2270,426,3251
5.851249999999936,-118,-1076,480,3251
5.851875000000064,-408,-1084,112,3251
5.852499999999964,1294,1028,92,3251
5.853125000000091,748,862,328,3251
5.853749999999991,1768,2176,-64,3251
5.854375000000118,1042,1728,-22,3251
5.855000000000018,1094,1812,366,3251
5.855624999999918,126,206,160,3251
5.8562500000000455,-128,210,804,3251
5.856874999999945,-1228,-2022,662,3251
5.857500000000073,-1244,-2408,332,3251
5.858124999999973,-1236,-2494,418,3251
5.8587500000001,-960,-2550,286,3251
5.859375,-142,-1904,-70,3251
5.860000000000127,-506,-1502,152,3251
5.860625000000027,600,240,100,3251
5.861249999999927,1492,1540,176,3251
5.861875000000055,1520,2294,-16,3251
5.8624999999999545,678,1852,100,3251
5.863125000000082,1108,2800,326,3254
5.863749999999982,348,1804,510,3254
5.864375000000109,-566,856,294,3254
5.865000000000009,-1008,-510,394,3254
5.865624999999909,-1264,-1430,136,3254
5.866250000000036,-1584,-1758,226,3254
5.866874999999936,-1628,-1932,322,3254
5.867500000000064,-248,-1104,390,3254
5.868124999999964,-182,-578,-54,3254
5.868750000000091,1102,1240,374,3254
5.869374999999991,1102,1226,448,3254
5.870000000000118,1714,2536,380,3254
5.870625000000018,1164,2160,174,3254
5.871249999999918,1510,2970,582,3254
5.8718750000000455,536,984,-128,3254
5.872499999999945,-504,-26,252,3254
5.873125000000073,-1044,-1490,198,3254
5.873749999999973,-1370,-2358,198,3254
5.8743750000001,-1240,-2590,674,3254
5.875,-1064,-2290,560,3254
5.875625000000127,88,-2010,140,3254
5.876250000000027,-356,-1754,72,3254
5.876874999999927,742,568,240,3254
5.877500000000055,916,814,248,3254
5.8781249999999545,1812,2142,-16,3254
5.878750000000082,1298,2304,-50,3254
5.879374999999982,734,2120,486,3254
5.880000000000109,-40,722,270,3254
5.880625000000009,-632,142,298,3253
5.881249999999909,-1314,-822,550,3253
5.881875000000036,-1450,-1994,326,3253
5.882499999999936,-1768,-2532,144,3253
5.883125000000064,-1688,-2006,192,3253
5.883749999999964,-170,-830,40,3253
5.884375000000091,268,-144,-68,3253
5.884999999999991,1060,1664,160,3253
5.885625000000118,948,1772,640,3253
5.886250000000018,1420,2356,374,3253
5.886874999999918,1500,2612,260,3253
5.8875000000000455,728,2810,832,3253
5.888124999999945,552,1122,514,3253
5.888750000000073,-304,-56,166,3253
5.889374999999973,-1708,-1780,402,3253
5.8900000000001,-1240,-2072,-154,3253
5.890625,-820,-1866,354,3253
5.891250000000127,-1232,-2714,-116,3253
5.891875000000027,-132,-1696,326,3253
5.892499999999927,-20,-1422,322,3253
5.893125000000055,1022,596,352,3253
5.8937499999999545,1402,1224,320,3253
5.894375000000082,2204,2434,30,3253
5.894999999999982,600,1152,136,3253
5.895625000000109,696,1806,582,3253
5.896250000000009,-132,244,358,3253
5.896874999999909,-768,-754,188,3253
5.897500000000036,-1374,-1528,336,3253
5.898124999999936,-1560,-2360,180,3253
5.898750000000064,-1408,-2678,160,3253
5.899374999999964,-1594,-2292,280,3242
5.900000000000091,-194,-1004,-128,3242
5.900624999999991,610,270,26,3242
5.901250000000118,1074,1702,128,3242
5.901875000000018,716,1766,134,3242
5.902499999999918,1892,3268,70,3242
5.9031250000000455,1200,2930,280,3242
5.903749999999945,816,2716,646,3242
5.904375000000073,-80,984,560,3242
5.904999999999973,-738,-116,526,3242
5.9056250000001,-1216,-918,622,3242
5.90625,-1180,-1558,406,3242
5.906875000000127,-1430,-2832,272,3242
5.907500000000027,-852,-2066,20,3242
5.908124999999927,14,-1184,-194,3242
5.908750000000055,-40,-846,142,3242
5.9093749999999545,1350,678,-56,3242
5.910000000000082,1344,1350,452,3242
5.910624999999982,1944,2184,358,3242
5.911250000000109,1052,1534,378,3242
5.911875000000009,328,894,642,3242
5.912499999999909,-348,-354,472,3242
5.913125000000036,-558,-1172,-52,3242
5.913749999999936,-1114,-1498,654,3242
5.914375000000064,-1120,-1958,380,3242
5.914999999999964,-1082,-2600,38,3242
5.915625000000091,-1174,-2500,-84,3242
5.916249999999991,126,-620,-6,3242
5.916875000000118,496,40,54,3242
5.917500000000018,1034,1336,32,3240
5.918124999999918,1260,2310,38,3240
5.9187500000000455,1300,2574,226,3240
5.919374999999945,902,2266,148,3240
5.920000000000073,580,3062,334,3240
5.920624999999973,134,1580,436,3240
5.9212500000001,-702,-106,284,3240
5.921875,-1754,-1478,422,3240
5.922500000000127,-1808,-1842,752,3240
5.923125000000027,-654,-1656,470,3240
5.923749999999927,-1218,-2076,270,3240
5.924375000000055,104,-770,210,3240
5.9249999999999545,116,-358,254,3240
5.925625000000082,1206,772,-164,3240
5.926249999999982,1138,1324,-192,3240
5.926875000000109,2080,2828,90,3240
5.927500000000009,846,1168,118,3240
5.928124999999909,694,1438,872,3240
5.928750000000036,-394,-516,764,3240
5.929374999999936,-114,-900,350,3240
5.930000000000064,-1342,-1896,470,3240
5.930624999999964,-1466,-2494,368,3240
5.931250000000091,-1118,-3166,110,3240
5.931874999999991,-1288,-2770,84,3240
5.932500000000118,-420,-1478,62,3240
5.933125000000018,320,-694,120,3240
5.933749999999918,1024,768,-8,3240
5.9343750000000455,538,946,32,3240
5.934999999999945,1316,2556,260,3243
5.935625000000073,1392,2894,318,3243
5.936249999999973,622,2290,52,3243
5.9368750000001,-344,1028,334,3243
5.9375,-388,482,196,3243
5.938125000000127,-1412,-838,300,3243
5.938750000000027,-1840,-1704,474,3243
5.939374999999927,-954,-1566,556,3243
5.940000000000055,-1272,-2070,82,3243
5.9406249999999545,-334,-1104,420,3243
5.941250000000082,-252,-836,368,3243
5.941874999999982,1330,1088,256,3243
5.942500000000109,1272,1652,54,3243
5.943125000000009,1848,2786,300,3243
5.943749999999909,1202,1518,-190,3243
5.944375000000036,544,1488,344,3243
5.944999999999936,-92,88,154,3243
5.945625000000064,64,28,358,3243
5.946249999999964,-1342,-2068,760,3243
5.946875000000091,-1482,-2536,526,3243
5.947499999999991,-910,-2784,290,3243
5.948125000000118,-1600,-3282,114,3243
5.948750000000018,-358,-1520,176,3243
5.949374999999918,150,-822,260,3243
5.9500000000000455,1170,584,22,3243
5.950624999999945,1074,1004,-170,3243
5.951250000000073,1318,2354,366,3243
5.951874999999973,768,1614,190,3243
5.9525000000001,1192,2706,98,3257
5.953125,170,1898,466,3257
5.953750000000127,-560,188,298,3257
5.954375000000027,-1376,-954,234,3257
5.954999999999927,-1784,-1332,448,3257
5.955625000000055,-1408,-2208,152,3257
5.9562499999999545,-1174,-2208,24,3257
5.956875000000082,-826,-1206,356,3257
5.957499999999982,-146,-438,368,3257
5.958125000000109,1024,920,246,3257
5.958750000000009,1280,1692,218,3257
5.959374999999909,1668,3230,588,3257
5.960000000000036,1294,1920,384,3257
5.960624999999936,944,1684,278,3257
5.961250000000064,78,1072,358,3257
5.961874999999964,-116,270,86,3257
5.962500000000091,-658,-802,424,3257
5.963124999999991,-1156,-1984,-16,3257
5.963750000000118,-1586,-3028,528,3257
5.964375000000018,-1136,-2822,260,3257
5.964999999999918,-246,-1748,348,3257
5.9656250000000455,4,-1268,384,3257
5.966249999999945,1318,252,28,3257
5.966875000000073,674,90,-246,3257
5.967499999999973,1146,2026,582,3257
5.9681250000001,1500,2210,306,3257
5.96875,1382,2416,-96,3257
5.969375000000127,52,1166,268,3257
5.970000000000027,-228,512,260,3257
5.970624999999927,-1202,-1158,258,3257
5.971250000000055,-1984,-1864,486,3260
5.9718749999999545,-1290,-1756,110,3260
5.972500000000082,-1100,-1898,108,3260
5.973124999999982,-596,-1406,220,3260
5.973750000000109,-830,-1232,-10,3260
5.974375000000009,962,838,-50,3260
5.974999999999909,1276,1776,140,3260
5.975625000000036,1448,2432,342,3260
5.976249999999936,872,1932,460,3260
5.976875000000064,1482,2968,570,3260
5.977499999999964,152,1502,606,3260
5.978125000000091,144,890,504,3260
5.978749999999991,-718,-772,482,3260
5.979375000000118,-1298,-1614,192,3260
5.980000000000018,-1052,-1822,14,3260
5.980624999999918,-1330,-2350,50,3260
5.9812500000000455,-730,-2374,14,3260
5.981874999999945,-28,-1112,540,3260
5.982500000000073,912,-190,266,3260
5.983124999999973,592,-16,194,3260
5.9837500000001,1528,1884,606,3260
5.984375,1468,1820,228,3260
5.985000000000127,1628,2214,-110,3260
5.985625000000027,28,1042,616,3260
5.986249999999927,-124,390,468,3260
5.986875000000055,-1028,-1166,280,3260
5.9874999999999545,-1116,-1442,192,3260
5.988125000000082,-1610,-2548,134,3260
5.988749999999982,-1344,-2500,214,3260
5.989375000000109,-768,-1556,228,3257
5.990000000000009,-696,-1088,-44,3257
5.990624999999909,864,832,104,3257
5.991250000000036,954,1390,-90,3257
5.991874999999936,1552,3012,30,3257
5.992500000000064,1520,3122,396,3257
5.993124999999964,1176,2766,430,3257
5.993750000000091,60,1476,284,3257
5.994374999999991,548,2214,840,3257
5.995000000000118,-64,384,534,3257
5.995625000000018,-1216,-1084,418,3257
5.996249999999918,-1412,-1932,402,3257
5.9968750000000455,-1758,-2546,300,3257
5.997499999999945,-460,-2002,-148,3257
5.998125000000073,-600,-1402,-42,3257
5.998749999999973,660,-346,0,3257
5.9993750000001,774,-64,0,3257
6.0,1334,1536,736,3257
6.000625000000127,1216,1332,416,3257
6.001250000000027,1810,2002,286,3257
6.001874999999927,384,1064,464,3257
6.002500000000055,0,530,428,3257
6.0031249999999545,-1016,-1360,422,3257
6.003750000000082,-1576,-2348,352,3257
6.004374999999982,-1318,-2202,130,3257
6.005000000000109,-1244,-2432,396,3257
6.005625000000009,-592,-2162,60,3257
6.006249999999909,-670,-1448,-84,3257
6.006875000000036,334,158,190,3257
6.007499999999936,1242,1230,64,3257
6.008125000000064,1558,2724,-74,3257
6.008749999999964,560,2112,192,3257
6.009375000000091,1168,2496,0,3257
6.009999999999991,794,2440,226,3257
6.010625000000118,-264,1436,602,3257
6.011250000000018,-340,428,550,3257
6.011874999999918,-1112,-870,424,3257
6.0125000000000455,-1766,-2202,522,3257
6.013124999999945,-1772,-2310,534,3257
6.013750000000073,-268,-1408,454,3257
6.014374999999973,-688,-1676,-64,3257
6.0150000000001,576,-66,204,3257
6.015625,716,28,-314,3257
6.016250000000127,1760,2222,256,3257
6.016875000000027,1380,1688,-94,3257
6.017499999999927,2030,2926,312,3257
6.018125000000055,522,688,434,3257
6.0187499999999545,-254,242,672,3257
6.019375000000082,-606,-1044,710,3257
6.019999999999982,-868,-1924,246,3257
6.020625000000109,-1512,-2706,100,3257
6.021250000000009,-1390,-2528,588,3257
6.021874999999909,-536,-2194,114,3257
6.022500000000036,-746,-2146,-140,3257
6.023124999999936,384,-356,106,3257
6.023750000000064,772,640,4,3257
6.024374999999964,1582,2304,-62,3257
6.025000000000091,992,2358,362,3240
6.025624999999991,986,2566,310,3240
6.026250000000118,214,1546,248,3240
6.026875000000018,260,1960,468,3240
6.027499999999918,-804,238,210,3240
6.0281250000000455,-1384,-1398,98,3240
6.028749999999945,-1450,-1540,346,3240
6.029375000000073,-1572,-1634,568,3240
6.029999999999973,-868,-2012,426,3240
6.0306250000001,-348,-1168,176,3240
6.03125,544,476,446,3240
6.031875000000127,1026,858,422,3240
6.032500000000027,1506,1852,106,3240
6.033124999999927,1224,2072,206,3240
6.033750000000055,1538,2358,-60,3240
6.0343749999999545,418,1054,332,3240
6.035000000000082,184,320,90,3240
6.035624999999982,-1102,-1128,816,3240
6.036250000000109,-1216,-2356,424,3240
6.036875000000009,-1044,-2406,474,3240
6.037499999999909,-1018,-2380,526,3240
6.038125000000036,-318,-2386,8,3240
6.038749999999936,-542,-1978,-280,3240
6.039375000000064,432,202,448,3240
6.039999999999964,1172,912,118,3240
6.040625000000091,2036,2526,-198,3240
6.041249999999991,800,1794,130,3240
6.041875000000118,1074,2346,182,3240
6.042500000000018,264,1492,380,3240
6.043124999999918,-532,878,562,3242
6.0437500000000455,-866,-196,128,3242
6.044374999999945,-1228,-1052,258,3242
6.045000000000073,-1746,-2324,164,3242
6.045624999999973,-2104,-2554,160,3242
6.0462500000001,-208,-880,130,3242
6.046875,-130,-794,132,3242
6.047500000000127,618,654,196,3242
6.048125000000027,514,1142,514,3242
6.048749999999927,2056,2898,300,3242
6.049375000000055,1044,2410,448,3242
6.0499999999999545,1406,2624,366,3242
6.050625000000082,262,1054,386,3242
6.051249999999982,-268,98,212,3242
6.051875000000109,-854,-1136,30,3242
6.052500000000009,-1258,-1814,376,3242
6.053124999999909,-1550,-3168,286,3242
6.053750000000036,-1154,-2430,576,3242
6.054374999999936,-180,-2028,286,3242
6.055000000000064,-172,-1488,116,3242
6.055624999999964,876,270,308,3242
6.056250000000091,1214,954,168,3242
6.056874999999991,2116,2408,-192,3242
6.057500000000118,962,1976,432,3242
6.058125000000018,510,1522,432,3242
6.058749999999918,22,684,388,3242
6.0593750000000455,-598,-128,242,3242
6.059999999999945,-1016,-1096,206,3242
6.060625000000073,-1302,-1736,316,3242
6.061249999999973,-1600,-2348,236,3241
6.0618750000001,-1598,-2266,106,3241
6.0625,-72,-610,160,3241
6.063125000000127,422,86,-172,3241
6.063750000000027,968,1642,138,3241
6.064374999999927,1434,2476,312,3241
6.065000000000055,1596,2802,182,3241
6.0656249999999545,794,2322,234,3241
6.066250000000082,1158,3214,746,3241
6.066874999999982,312,1122,538,3241
6.067500000000109,-862,-408,508,3241
6.068125000000009,-1458,-1544,384,3241
6.068749999999909,-1784,-2252,582,3241
6.069375000000036,-982,-2554,-24,3241
6.069999999999936,-1308,-2396,-40,3241
6.070625000000064,208,-1190,-48,3241
6.071249999999964,72,-1120,-64,3241
6.071875000000091,1240,944,542,3241
6.072499999999991,1396,1264,466,3241
6.073125000000118,2076,2042,298,3241
6.073750000000018,462,1024,354,3241
6.074374999999918,736,1550,484,3241
6.0750000000000455,-646,-694,352,3241
6.075624999999945,-728,-1038,154,3241
6.076250000000073,-1340,-1728,224,3241
6.076874999999973,-1638,-2602,350,3241
6.0775000000001,-1080,-2612,48,3241
6.078125,-1198,-2128,4,3241
6.078750000000127,-182,-682,298,3240
6.079375000000027,900,394,190,3240
6.079999999999927,1064,1666,36,3240
6.080625000000055,484,1690,154,3240
6.0812499999999545,1760,3176,-70,3240
6.081875000000082,972,2784,200,3240
6.082499999999982,166,2000,448,3240
6.083125000000109,-288,800,632,3240
6.083750000000009,-638,-220,450,3240
6.084374999999909,-1706,-1700,608,3240
6.085000000000036,-1658,-2044,502,3240
6.085624999999936,-882,-2138,560,3240
6.086250000000064,-576,-1598,-24,3240
6.086874999999964,238,-400,128,3240
6.087500000000091,426,-280,-290,3240
6.088124999999991,1234,1376,162,3240
6.088750000000118,1030,984,-88,3240
6.089375000000018,2078,2476,296,3240
6.089999999999918,1002,1274,524,3240
6.0906250000000455,250,798,710,3240
6.091249999999945,-334,-660,456,3240
6.091875000000073,-604,-1312,140,3240
6.092499999999973,-1196,-1790,324,3240
6.0931250000001,-1132,-1986,456,3240
6.09375,-762,-2522,0,3240
6.094375000000127,-1376,-2850,-88,3240
6.095000000000027,-204,-1170,240,3240
6.095624999999927,326,-392,-44,3240
6.096250000000055,1342,1640,44,3240
6.0968749999999545,968,1990,320,3222
6.097500000000082,1284,2624,100,3222
6.098124999999982,726,2188,184,3222
6.098750000000109,664,2852,406,3222
6.099375000000009,-128,1344,230,3222
6.099999999999909,-884,-360,254,3222
6.100625000000036,-1626,-1206,430,3222
6.101249999999936,-1788,-1658,734,3222
6.101875000000064,-1472,-2746,398,3222
6.102499999999964,-1092,-2128,92,3222
6.103125000000091,-44,-326,626,3222
6.103749999999991,592,-130,166,3222
6.104375000000118,1088,866,70,3222
6.105000000000018,1418,1796,64,3222
6.105624999999918,2038,2896,-64,3222
6.1062500000000455,920,1484,360,3222
6.106874999999945,754,1150,188,3222
6.107500000000073,-332,102,732,3222
6.108124999999973,-350,-844,310,3222
6.1087500000001,-838,-1686,478,3222
6.109375,-1292,-2508,576,3222
6.110000000000127,-1212,-3268,178,3222
6.110625000000027,-1090,-2794,-164,3222
6.111249999999927,-252,-1002,494,3222
6.111875000000055,380,-572,86,3222
6.1124999999999545,1606,1274,-176,3222
6.113125000000082,818,1196,12,3222
6.113749999999982,1576,2674,54,3222
6.114375000000109,1200,2496,224,3236
6.115000000000009,576,2576,356,3236
6.115624999999909,-144,1366,288,3236
6.116250000000036,-448,400,384,3236
6.116874999999936,-1618,-1480,204,3236
6.117500000000064,-2220,-1900,366,3236
6.118124999999964,-960,-1600,214,3236
6.118750000000091,-1268,-2218,98,3236
6.119374999999991,-346,-1000,304,3236
6.120000000000118,-122,-330,394,3236
6.120625000000018,1396,1378,320,3236
6.121249999999918,1172,1884,434,3236
6.1218750000000455,1698,2564,224,3236
6.122499999999945,942,1666,386,3236
6.123125000000073,1284,2368,198,3236
6.123749999999973,-72,452,0,3236
6.1243750000001,-372,-256,240,3236
6.125,-1136,-1860,346,3236
6.125625000000127,-1402,-2286,634,3236
6.126250000000027,-1024,-2788,420,3236
6.126874999999927,-1080,-2734,302,3236
6.127500000000055,-680,-2004,480,3236
6.1281249999999545,444,-794,120,3236
6.128750000000082,1382,602,-154,3236
6.129374999999982,524,670,176,3236
6.130000000000109,1542,2444,242,3236
6.130625000000009,1356,2376,280,3236
6.131249999999909,1224,2466,18,3236
6.131875000000036,-140,1056,258,3236
6.132499999999936,-432,348,406,3240
6.133125000000064,-1176,-876,386,3240
6.133749999999964,-1490,-1280,350,3240
6.134375000000091,-1466,-2048,238,3240
6.134999999999991,-962,-1826,-192,3240
6.135625000000118,-516,-786,280,3240
6.136250000000018,-336,-540,182,3240
6.136874999999918,974,1022,248,3240
6.1375000000000455,910,1464,142,3240
6.138124999999945,1784,3090,512,3240
6.138750000000073,1612,2518,400,3240
6.139374999999973,704,1984,640,3240
6.1400000000001,126,952,214,3240
6.140625,54,1030,574,3240
6.141250000000127,-484,-832,-74,3240
6.141875000000027,-1298,-1600,192,3240
6.142499999999927,-1432,-2682,230,3240
6.143125000000055,-1666,-3292,92,3240
6.1437499999999545,-524,-2084,474,3240
6.144375000000082,-164,-1158,492,3240
6.144999999999982,1192,-256,106,3240
6.145625000000109,838,194,8,3240
6.146250000000009,1322,1892,406,3240
6.146874999999909,1026,1516,386,3240
6.147500000000036,1290,2092,0,3240
6.148124999999936,298,1466,294,3240
6.148750000000064,-324,504,566,3240
6.149374999999964,-1078,-1058,268,3240
6.150000000000091,-1664,-1836,156,3240
6.150624999999991,-1370,-1744,400,3240
6.151250000000118,-1258,-2328,126,3240
6.151875000000018,-848,-1792,54,3240
6.152499999999918,-908,-1092,52,3240
6.1531250000000455,728,460,-62,3240
6.153749999999945,1202,1434,94,3240
6.154375000000073,1742,3430,262,3240
6.154999999999973,1282,2742,626,3240
6.1556250000001,1288,2576,402,3240
6.15625,534,1922,402,3240
6.156875000000127,-258,1188,752,3240
6.157500000000027,-226,-64,572,3240
6.158124999999927,-1064,-1320,80,3240
6.158750000000055,-1896,-2788,390,3240
6.1593749999999545,-1312,-2580,-226,3240
6.160000000000082,-344,-1314,400,3240
6.160624999999982,-610,-1920,-150,3240
6.161250000000109,888,-162,192,3240
6.161875000000009,596,-292,252,3240
6.162499999999909,1452,1572,486,3240
6.163125000000036,1520,1756,364,3240
6.163749999999936,1760,2360,174,3240
6.164375000000064,244,798,282,3240
6.164999999999964,-94,780,696,3240
6.165625000000091,-720,-932,358,3240
6.166249999999991,-1550,-2158,136,3240
6.166875000000118,-1574,-2336,224,3240
6.167500000000018,-1792,-2870,162,3240
6.168124999999918,-768,-2120,44,3240
6.1687500000000455,-1034,-1658,248,3241
6.169374999999945,444,72,-26,3241
6.170000000000073,1080,1308,94,3241
6.170624999999973,1454,2462,40,3241
6.1712500000001,876,2228,160,3241
6.171875,1536,3200,176,3241
6.172500000000127,580,2382,292,3241
6.173125000000027,222,1832,688,3241
6.173749999999927,-704,-96,588,3241
6.174375000000055,-1190,-898,454,3241
6.1749999999999545,-1214,-1090,670,3241
6.175625000000082,-1272,-1936,240,3241
6.176249999999982,-962,-2352,242,3241
6.176875000000109,-266,-1362,42,3241
6.177500000000009,574,-318,-320,3241
6.178124999999909,320,-56,262,3241
6.178750000000036,1670,1424,-76,3241
6.179374999999936,1404,1782,556,3241
6.180000000000064,1762,2012,342,3241
6.180624999999964,632,1074,524,3241
6.181250000000091,174,696,726,3241
6.181874999999991,-672,-1034,436,3241
6.182500000000118,-674,-1452,-28,3241
6.183125000000018,-1830,-2484,586,3241
6.183749999999918,-1306,-2544,322,3241
6.1843750000000455,-930,-2538,-26,3241
6.184999999999945,-960,-2170,-112,3241
6.185625000000073,578,-12,-14,3241
6.186249999999973,756,476,102,3241
6.1868750000001,1216,1812,130,3240
6.1875,1170,2432,130,3240
6.188125000000127,1222,2670,256,3240
6.188750000000027,444,1838,64,3240
6.189374999999927,526,2792,388,3240
6.190000000000055,-184,1152,404,3240
6.1906249999999545,-1086,-530,460,3240
6.191250000000082,-1570,-1646,384,3240
6.191874999999982,-1768,-1920,616,3240
6.192500000000109,-528,-1556,386,3240
6.193125000000009,-936,-1536,306,3240
6.193749999999909,194,-558,176,3240
6.194375000000036,300,-122,158,3240
6.194999999999936,1344,1136,-156,3240
6.195625000000064,968,1254,-114,3240
6.196249999999964,2068,2628,98,3240
6.196875000000091,1110,1694,252,3240
6.197499999999991,488,1234,822,3240
6.198125000000118,-320,-496,612,3240
6.198750000000018,-602,-1316,466,3240
6.199374999999918,-1832,-2510,566,3240
6.2000000000000455,-1418,-2684,294,3240
6.200624999999945,-1216,-3214,202,3240
6.201250000000073,-1280,-2894,8,3240
6.201874999999973,-294,-1332,94,3240
6.2025000000001,492,-318,162,3240
6.203125,1552,1554,-86,3240
6.203750000000127,704,1350,52,3258
6.204375000000027,1030,2198,230,3258
6.204999999999927,1456,2878,262,3258
6.205625000000055,674,2764,160,3258
6.2062499999999545,-274,1168,286,3258
6.206875000000082,-458,160,60,3258
6.207499999999982,-1472,-772,540,3258
6.208125000000109,-2094,-2078,582,3258
6.208750000000009,-952,-1626,524,3258
6.209374999999909,-1030,-1642,206,3258
6.210000000000036,-284,-1076,300,3258
6.210624999999936,-236,-740,360,3258
6.211250000000064,1128,1008,292,3258
6.211874999999964,1180,1574,8,3258
6.212500000000091,2126,3296,230,3258
6.213124999999991,1414,1824,-202,3258
6.213750000000118,636,1548,388,3258
6.214375000000018,146,616,230,3258
6.214999999999918,-276,-102,408,3258
6.2156250000000455,-1028,-1740,618,3258
6.216249999999945,-1502,-2442,550,3258
6.216875000000073,-1280,-3242,460,3258
6.217499999999973,-1658,-3712,134,3258
6.2181250000001,-420,-1840,288,3258
6.21875,-256,-1406,306,3258
6.219375000000127,1326,428,-124,3258
6.220000000000027,760,672,-52,3258
6.220624999999927,1324,2276,322,3258
6.221250000000055,1104,2036,62,3258
6.2218749999999545,992,2308,54,3272
6.222500000000082,108,1550,402,3272
6.223124999999982,-158,768,320,3272
6.223750000000109,-1266,-708,282,3272
6.224375000000009,-1266,-568,394,3272
6.224999999999909,-1158,-1472,74,3272
6.225625000000036,-1296,-2158,110,3272
6.226249999999936,-898,-1516,248,3272
6.226875000000064,-532,-668,618,3272
6.227499999999964,700,316,298,3272
6.228125000000091,1162,1276,110,3272
6.228749999999991,1276,2226,516,3272
6.229375000000118,1212,1766,476,3272
6.230000000000018,1624,2574,88,3272
6.230624999999918,308,1564,360,3272
6.2312500000000455,434,884,-34,3272
6.231874999999945,-592,-530,406,3272
6.232500000000073,-1060,-1578,94,3272
6.233124999999973,-1682,-2754,612,3272
6.2337500000001,-1260,-2928,230,3272
6.234375,-918,-2558,498,3272
6.235000000000127,-444,-1970,464,3272
6.235625000000027,792,-978,-138,3272
6.236249999999927,240,-582,-84,3272
6.236875000000055,1404,1914,366,3272
6.2374999999999545,1362,1802,184,3272
6.238125000000082,1460,2176,-52,3272
6.238749999999982,432,1556,192,3272
6.239375000000109,184,1326,242,3272
6.240000000000009,-576,22,356,3289
6.240624999999909,-1198,-550,528,3289
6.241250000000036,-1438,-1482,248,3289
6.241874999999936,-1154,-1672,132,3289
6.242500000000064,-986,-1532,106,3289
6.243124999999964,-1218,-1428,58,3289
6.243750000000091,70,-458,102,3289
6.244374999999991,916,794,200,3289
6.245000000000118,1420,2022,288,3289
6.245625000000018,926,2024,576,3289
6.246249999999918,1862,2788,262,3289
6.2468750000000455,534,1892,604,3289
6.247499999999945,1020,2130,410,3289
6.248125000000073,-352,248,396,3289
6.248749999999973,-714,-852,128,3289
6.2493750000001,-1192,-1768,4,3289
6.25,-1340,-2256,220,3289
6.250625000000127,-1544,-3314,262,3289
6.251250000000027,-898,-2274,508,3289
6.251874999999927,114,-1622,258,3289
6.252500000000055,206,-978,200,3289
6.2531249999999545,1030,752,412,3289
6.253750000000082,1396,1274,124,3289
6.254374999999982,2000,2444,4,3289
6.255000000000109,876,1862,342,3289
6.255625000000009,430,1376,396,3289
6.256249999999909,-208,388,340,3289
6.256875000000036,-584,-170,250,3289
6.257499999999936,-1430,-1696,206,3289
6.258125000000064,-1540,-2162,340,3289
6.258749999999964,-1460,-2312,228,3272
6.259375000000091,-1596,-2220,22,3272
6.259999999999991,-24,-564,150,3272
6.260625000000118,398,120,-182,3272
6.261250000000018,1062,1838,160,3272
6.261874999999918,1320,2412,382,3272
6.2625000000000455,1536,2728,284,3272
6.263124999999945,742,2188,288,3272
6.263750000000073,1574,3476,588,3272
6.264374999999973,478,1426,486,3272
6.2650000000001,-602,-20,458,3272
6.265625,-1212,-1164,310,3272
6.266250000000127,-1682,-1932,522,3272
6.266875000000027,-908,-2314,-80,3272
6.267499999999927,-1214,-2148,22,3272
6.268125000000055,-506,-1936,146,3272
6.2687499999999545,-292,-1804,-86,3272
6.269375000000082,878,228,402,3272
6.269999999999982,938,602,434,3272
6.270625000000109,2240,2236,278,3272
6.271250000000009,1132,1722,272,3272
6.271874999999909,934,1854,434,3272
6.272500000000036,12,398,590,3272
6.273124999999936,-402,-388,102,3272
6.273750000000064,-1356,-1250,240,3272
6.274374999999964,-1482,-2014,560,3272
6.275000000000091,-1614,-2880,140,3272
6.275624999999991,-1832,-2936,10,3272
6.276250000000118,-612,-1370,278,3272
6.276875000000018,108,-744,110,3272
6.277499999999918,928,926,-32,3272
6.2781250000000455,226,1098,240,3272
6.278749999999945,1350,2234,-62,3272
6.279375000000073,1554,2914,208,3272
6.279999999999973,1074,3476,494,3272
6.2806250000001,538,2134,646,3272
6.28125,56,1004,434,3272
6.281875000000127,-1050,-276,558,3272
6.282500000000027,-1568,-1448,520,3272
6.283124999999927,-714,-1292,690,3272
6.283750000000055,-1152,-2112,-38,3272
6.2843749999999545,-804,-1984,162,3272
6.285000000000082,-430,-1600,-158,3272
6.285624999999982,690,138,166,3272
6.286250000000109,872,360,-162,3272
6.286875000000009,2152,2262,284,3272
6.287499999999909,1030,1000,386,3272
6.288125000000036,978,1650,658,3272
6.288749999999936,636,934,524,3272
6.289375000000064,368,376,202,3272
6.289999999999964,-892,-950,292,3272
6.290625000000091,-1364,-1656,566,3272
6.291249999999991,-1278,-2770,50,3272
6.291875000000118,-1920,-3482,28,3272
6.292500000000018,-928,-2278,218,3272
6.293124999999918,-844,-2238,-132,3272
6.2937500000000455,640,-58,104,3272
6.294374999999945,226,300,270,3269
6.295000000000073,1264,1958,8,3269
6.295624999999973,1406,2606,130,3269
6.2962500000001,1290,3150,206,3269
6.296875,492,2064,152,3269
6.297500000000127,184,1506,248,3269
6.298125000000027,-990,116,494,3269
6.298749999999927,-1010,-230,774,3269
6.299375000000055,-1226,-1682,524,3269
6.2999999999999545,-1558,-2260,204,3269
6.300625000000082,-964,-1166,664,3269
6.301249999999982,-720,-1452,200,3269
6.301875000000109,364,-602,32,3269
6.302500000000009,1072,716,-62,3269
6.303124999999909,1516,1570,-156,3269
6.303750000000036,1072,1214,310,3269
6.304374999999936,1774,2366,186,3269
6.305000000000064,766,1528,696,3269
6.305624999999964,644,734,372,3269
6.306250000000091,-388,-606,478,3269
6.306874999999991,-864,-1480,620,3269
6.307500000000118,-1472,-2902,212,3269
6.308125000000018,-1472,-2896,-8,3269
6.308749999999918,-1216,-2636,466,3269
6.3093750000000455,-686,-2148,212,3269
6.309999999999945,304,-1092,-130,3269
6.310625000000073,-8,-418,-50,3269
6.311249999999973,1644,1930,-50,3269
6.3118750000001,1450,2220,178,3269
6.3125,1264,2812,92,3271
6.313125000000127,768,2416,224,3271
6.313750000000027,344,1740,332,3271
6.314374999999927,-580,446,258,3271
6.315000000000055,-930,402,560,3271
6.3156249999999545,-1214,-1058,406,3271
6.316250000000082,-1430,-2036,140,3271
6.316874999999982,-1234,-1728,362,3271
6.317500000000109,-1210,-1618,442,3271
6.318125000000009,206,-640,224,3271
6.318749999999909,128,-52,318,3271
6.319375000000036,1504,1602,88,3271
6.319999999999936,1260,1672,252,3271
6.320625000000064,1560,2300,142,3271
6.321249999999964,752,1344,-32,3271
6.321875000000091,1232,1990,280,3271
6.322499999999991,-46,310,396,3271
6.323125000000118,-596,-448,766,3271
6.323750000000018,-1316,-2356,626,3271
6.324374999999918,-1356,-2924,342,3271
6.3250000000000455,-1760,-3286,456,3271
6.325624999999945,-960,-2592,230,3271
6.326250000000073,-196,-2094,-54,3271
6.326874999999973,-260,-1490,-90,3271
6.3275000000001,594,486,154,3271
6.328125,1268,1424,158,3271
6.328750000000127,1788,2688,-112,3271
6.329375000000027,958,2334,162,3271
6.329999999999927,602,2058,412,3272
6.330625000000055,270,1514,428,3272
6.3312499999999545,-668,638,388,3272
6.331875000000082,-848,-236,310,3272
6.332499999999982,-1020,-1176,-36,3272
6.333125000000109,-1672,-1774,396,3272
6.333750000000009,-1902,-2464,320,3272
6.334374999999909,-276,-1020,360,3272
6.335000000000036,38,-336,58,3272
6.335624999999936,930,992,372,3272
6.336250000000064,762,740,302,3272
6.336874999999964,1298,1978,470,3272
6.337500000000091,1290,2114,40,3272
6.338124999999991,1582,3184,438,3272
6.338750000000118,748,1046,-136,3272
6.339375000000018,-340,144,276,3272
6.339999999999918,-1008,-1214,386,3272
6.3406250000000455,-1400,-2308,278,3272
6.341249999999945,-1274,-2560,710,3272
6.341875000000073,-1474,-2920,624,3272
6.342499999999973,-210,-2322,162,3272
6.3431250000001,-682,-2432,-54,3272
6.34375,552,-120,192,3272
6.344375000000127,890,398,188,3272
6.345000000000027,1932,2112,-168,3272
6.345624999999927,956,1692,46,3272
6.346250000000055,1216,2488,446,3272
6.3468749999999545,160,1164,208,3272
6.347500000000082,110,1076,212,3272
6.348124999999982,-618,262,456,3258
6.348750000000109,-1208,-1116,428,3258
6.349375000000009,-1696,-2064,256,3258
6.349999999999909,-1610,-1576,256,3258
6.350625000000036,-736,-1464,56,3258
6.351249999999936,-660,-1568,32,3258
6.351875000000064,406,512,200,3258
6.352499999999964,550,960,562,3258
6.353125000000091,1574,2084,234,3258
6.353749999999991,1748,2778,152,3258
6.354375000000118,1150,2824,654,3258
6.355000000000018,876,1606,418,3258
6.355624999999918,614,1432,168,3258
6.3562500000000455,-960,-478,350,3258
6.356874999999945,-832,-1084,40,3258
6.357500000000073,-1000,-1718,518,3258
6.358124999999973,-1658,-3052,-12,3258
6.3587500000001,-1234,-2892,476,3258
6.359375,-816,-2526,278,3258
6.360000000000127,216,-1128,244,3258
6.360625000000027,660,-248,222,3258
6.361249999999927,1790,1228,0,3258
6.361875000000055,856,808,-24,3258
6.3624999999999545,1548,2812,494,3258
6.363125000000082,1072,1808,218,3258
6.363749999999982,482,1222,100,3258
6.364375000000109,-562,146,288,3258
6.365000000000009,-824,-674,204,3258
6.365624999999909,-1122,-1340,264,3258
6.366250000000036,-1676,-1794,312,3243
6.366874999999936,-1404,-2262,126,3243
6.367500000000064,-628,-1480,128,3243
6.368124999999964,-84,-462,160,3243
6.368750000000091,-350,-170,160,3243
6.369374999999991,1296,1438,22,3243
6.370000000000118,1506,2296,112,3243
6.370625000000018,1676,3212,396,3243
6.371249999999918,1018,2334,454,3243
6.3718750000000455,776,2132,460,3243
6.372499999999945,-234,966,568,3243
6.373125000000073,-28,522,448,3243
6.373749999999973,-1092,-1436,344,3243
6.3743750000001,-1296,-1910,296,3243
6.375,-1216,-2446,-64,3243
6.375625000000127,-1358,-2632,188,3243
6.376250000000027,-568,-2558,-26,3243
6.376874999999927,2,-996,528,3243
6.377500000000055,1162,130,286,3243
6.3781249999999545,984,474,154,3243
6.378750000000082,1450,2054,540,3243
6.379374999999982,1236,1606,348,3243
6.380000000000109,1690,2142,-148,3243
6.380625000000009,-26,996,500,3243
6.381249999999909,-464,30,466,3243
6.381875000000036,-1166,-1352,262,3243
6.382499999999936,-1352,-1940,92,3243
6.383125000000064,-1594,-2592,210,3243
6.383749999999964,-1348,-2476,226,3243
6.384375000000091,-874,-1878,196,3227
6.384999999999991,-732,-1132,166,3227
6.385625000000118,736,632,84,3227
6.386250000000018,898,1292,-184,3227
6.386874999999918,1520,3062,188,3227
6.3875000000000455,1638,3274,336,3227
6.388124999999945,1024,2480,380,3227
6.388750000000073,104,1410,236,3227
6.389374999999973,404,2014,762,3227
6.3900000000001,-64,284,428,3227
6.390625,-1264,-1088,508,3227
6.391250000000127,-1534,-2120,310,3227
6.391875000000027,-1734,-2528,292,3227
6.392499999999927,-534,-2066,-52,3227
6.393125000000055,-662,-1586,-178,3227
6.3937499999999545,522,-556,64,3227
6.394375000000082,622,-320,-12,3227
6.394999999999982,1344,1418,636,3227
6.395625000000109,1302,1368,558,3227
6.396250000000009,1960,2210,330,3227
6.396874999999909,552,1308,322,3227
6.397500000000036,290,1020,454,3227
6.398124999999936,-726,-884,400,3227
6.398750000000064,-1344,-1842,158,3227
6.399374999999964,-1462,-2166,184,3227
6.400000000000091,-1378,-2540,412,3227
6.400624999999991,-1052,-2652,34,3227
6.401250000000118,-1200,-2272,20,3227
6.401875000000018,42,-462,240,3230
6.402499999999918,900,576,100,3230
6.4031250000000455,1452,2296,-64,3230
6.403749999999945,588,1852,74,3230
6.404375000000073,1254,2524,54,3230
6.404999999999973,1194,2782,276,3230
6.4056250000001,248,2428,636,3230
6.40625,-26,1122,572,3230
6.406875000000127,-534,-128,308,3230
6.407500000000027,-1714,-1500,502,3230
6.408124999999927,-1580,-1742,550,3230
6.408750000000055,-470,-1308,424,3230
6.4093749999999545,-1002,-1888,-10,3230
6.410000000000082,14,-1056,166,3230
6.410624999999982,212,-806,-288,3230
6.411250000000109,1194,1088,314,3230
6.411875000000009,1194,1198,18,3230
6.412499999999909,2266,2858,222,3230
6.413125000000036,844,1132,472,3230
6.413749999999936,644,1278,694,3230
6.414375000000064,-200,-114,520,3230
6.414999999999964,-454,-812,234,3230
6.415625000000091,-1204,-1742,262,3230
6.416249999999991,-1738,-2458,566,3230
6.416875000000118,-1234,-3184,60,3230
6.417500000000018,-1614,-3400,-24,3230
6.418124999999918,-520,-1740,276,3230
6.4187500000000455,-110,-1088,-108,3230
6.419374999999945,1190,1064,-10,3230
6.420000000000073,628,1142,286,3226
6.420624999999973,1518,2718,112,3226
6.4212500000001,1184,2592,232,3226
6.421875,920,2880,304,3226
6.422500000000127,136,1656,212,3226
6.423125000000027,-272,870,282,3226
6.423749999999927,-1302,-606,344,3226
6.424375000000055,-1422,-824,678,3226
6.4249999999999545,-1312,-2052,408,3226
6.425625000000082,-1316,-2308,152,3226
6.426249999999982,-636,-1004,610,3226
6.426875000000109,-384,-1138,268,3226
6.427500000000009,854,8,-8,3226
6.428124999999909,1246,1316,200,3226
6.428750000000036,1774,2076,-156,3226
6.429374999999936,1004,1378,256,3226
6.430000000000064,1728,2488,104,3226
6.430624999999964,308,1026,736,3226
6.431250000000091,366,256,356,3226
6.431874999999991,-756,-1070,564,3226
6.432500000000118,-1278,-2114,652,3226
6.433125000000018,-1330,-3128,134,3226
6.433749999999918,-1362,-3072,-168,3226
6.4343750000000455,-1178,-2526,400,3226
6.434999999999945,-354,-1692,140,3226
6.435625000000073,684,-386,-146,3226
6.436249999999973,364,68,-90,3226
6.4368750000001,1792,2442,64,3226
6.4375,1456,2484,226,3226
6.438125000000127,1168,2838,240,3229
6.438750000000027,606,2382,322,3229
6.439374999999927,104,1420,326,3229
6.440000000000055,-846,-46,178,3229
6.4406249999999545,-1184,-120,398,3229
6.441250000000082,-1430,-1446,354,3229
6.441874999999982,-1492,-2082,128,3229
6.442500000000109,-964,-1636,300,3229
6.443125000000009,-1090,-1364,588,3229
6.443749999999909,406,-478,156,3229
6.444375000000036,276,284,426,3229
6.444999999999936,1660,1966,158,3229
6.445625000000064,1136,1804,388,3229
6.446249999999964,1510,2228,80,3229
6.446875000000091,476,1196,-26,3229
6.447499999999991,996,1606,358,3229
6.448125000000118,-348,-158,378,3229
6.448750000000018,-904,-968,808,3229
6.449374999999918,-1310,-2584,626,3229
6.4500000000000455,-1486,-3084,346,3229
6.450624999999945,-1618,-3212,344,3229
6.451250000000073,-720,-2366,62,3229
6.451874999999973,174,-1482,4,3229
6.4525000000001,50,-872,0,3229
6.453125,796,832,146,3229
6.453750000000127,1404,1712,212,3229
6.454375000000027,1788,2966,78,3229
6.454999999999927,904,2344,224,3229
6.455625000000055,446,1904,456,3230
6.4562499999999545,-138,1148,448,3230
6.456875000000082,-940,96,288,3230
6.457499999999982,-796,-448,228,3230
6.458125000000109,-1014,-1248,10,3230
6.458750000000009,-1626,-1752,360,3230
6.459374999999909,-1788,-2304,380,3230
6.460000000000036,28,-800,126,3230
6.460624999999936,110,82,216,3230
6.461250000000064,982,1022,244,3230
6.461874999999964,844,896,338,3230
6.462500000000091,1218,1844,382,3230
6.463124999999991,1222,2164,128,3230
6.463750000000118,1456,3058,536,3230
6.464375000000018,574,922,-18,3230
6.464999999999918,-344,56,376,3230
6.4656250000000455,-1230,-1552,348,3230
6.466249999999945,-1452,-2416,232,3230
6.466875000000073,-1284,-2612,578,3230
6.467499999999973,-1254,-2662,454,3230
6.4681250000001,-258,-2368,222,3230
6.46875,-660,-2304,48,3230
6.469375000000127,632,48,170,3230
6.470000000000027,976,652,316,3230
6.470624999999927,1984,2220,-166,3230
6.471250000000055,1472,2466,64,3230
6.4718749999999545,1124,2582,446,3230
6.472500000000082,476,1554,208,3230
6.473124999999982,16,1394,322,3230
6.473750000000109,-636,304,424,3230
6.474375000000009,-1140,-1148,410,3230
6.474999999999909,-1784,-2138,308,3230
6.475625000000036,-1948,-2176,220,3230
6.476249999999936,-786,-1576,80,3230
6.476875000000064,-534,-1354,22,3230
6.477499999999964,470,538,76,3230
6.478125000000091,544,918,464,3230
6.478749999999991,1380,1934,316,3230
6.479375000000118,1582,2528,138,3230
6.480000000000018,1664,3546,570,3230
6.480624999999918,986,1928,640,3230
6.4812500000000455,588,1248,162,3230
6.481874999999945,-862,-120,556,3230
6.482500000000073,-652,-824,0,3230
6.483124999999973,-924,-1428,450,3230
6.4837500000001,-1518,-2812,-28,3230
6.484375,-1270,-2992,454,3230
6.485000000000127,-882,-2720,202,3230
6.485625000000027,120,-950,430,3230
6.486249999999927,506,-562,262,3230
6.486875000000055,1746,960,-98,3230
6.4874999999999545,742,690,28,3230
6.488125000000082,1290,2480,520,3230
6.488749999999982,1108,1836,156,3230
6.489375000000109,770,1768,134,3230
6.490000000000009,-468,478,346,3230
6.490624999999909,-574,-104,270,3230
6.491250000000036,-1436,-1660,408,3230
6.491874999999936,-2276,-2560,470,3229
6.492500000000064,-1218,-1948,156,3229
6.493124999999964,-1026,-1930,32,3229
6.493750000000091,-146,-852,86,3229
6.494374999999991,-350,-412,2,3229
6.495000000000118,1110,1426,0,3229
6.495625000000018,1550,2392,166,3229
6.496249999999918,1514,2870,458,3229
6.4968750000000455,878,2150,550,3229
6.497499999999945,1396,2804,386,3229
6.498125000000073,-226,1216,726,3229
6.498749999999973,-110,488,342,3229
6.4993750000001,-954,-1052,424,3229
6.5,-1224,-1856,110,3229
6.500625000000127,-1088,-1954,-14,3229
6.501250000000027,-1324,-2384,232,3229
6.501874999999927,-468,-2090,134,3229
6.502500000000055,152,-952,504,3229
6.5031249999999545,968,-88,222,3229
6.503750000000082,600,100,250,3229
6.504374999999982,1558,1868,424,3229
6.505000000000109,1320,1632,164,3229
6.505625000000009,1350,1922,-36,3229
6.506249999999909,-28,758,498,3229
6.506875000000036,-40,424,424,3229
6.507499999999936,-1074,-1200,312,3229
6.508125000000064,-1260,-1518,162,3229
6.508749999999964,-1404,-2274,202,3229
6.509375000000091,-1358,-2548,206,3229
6.509999999999991,-1004,-2098,164,3228
6.510625000000118,-858,-1308,58,3228
6.511250000000018,818,262,-78,3228
6.511874999999918,1074,1422,-34,3228
6.5125000000000455,1422,2938,200,3228
6.513124999999945,1340,2784,326,3228
6.513750000000073,1306,2718,294,3228
6.514374999999973,28,1460,412,3228
6.5150000000001,614,2084,614,3228
6.515625,-362,122,542,3228
6.516250000000127,-1348,-1278,416,3228
6.516875000000027,-1216,-1684,310,3228
6.517499999999927,-1402,-1950,468,3228
6.518125000000055,-852,-2404,-136,3228
6.5187499999999545,-742,-1584,58,3228
6.519375000000082,558,-474,46,3228
6.519999999999982,326,-530,-70,3228
6.520625000000109,1272,1328,526,3228
6.521250000000009,886,892,508,3228
6.521874999999909,2032,2072,312,3228
6.522500000000036,636,1348,402,3228
6.523124999999936,416,1088,496,3228
6.523750000000064,-652,-824,458,3228
6.524374999999964,-912,-1436,142,3228
6.525000000000091,-1728,-2204,202,3228
6.525624999999991,-1448,-2434,432,3228
6.526250000000118,-880,-2282,-32,3228
6.526875000000018,-1276,-2076,2,3228
6.527499999999918,-168,-938,240,3231
6.5281250000000455,850,236,122,3231
6.528749999999945,1178,1640,0,3231
6.529375000000073,884,2114,142,3231
6.529999999999973,1962,3410,-98,3231
6.5306250000001,1280,3112,226,3231
6.53125,858,3008,484,3231
6.531875000000127,20,1518,626,3231
6.532500000000027,-514,218,448,3231
6.533124999999927,-1316,-1170,576,3231
6.533750000000055,-1868,-2238,416,3231
6.5343749999999545,-670,-1530,626,3231
6.535000000000082,-774,-1636,-76,3231
6.535624999999982,-698,-1764,290,3231
6.536250000000109,160,-1128,-316,3231
6.536875000000009,970,802,234,3231
6.537499999999909,1030,854,-110,3231
6.538125000000036,2080,2552,230,3231
6.538749999999936,870,998,496,3231
6.539375000000064,648,1100,676,3231
6.539999999999964,46,10,482,3231
6.540625000000091,-322,-704,240,3231
6.541249999999991,-1160,-1498,342,3231
6.541875000000118,-1296,-1978,478,3231
6.542500000000018,-1268,-2962,86,3231
6.543124999999918,-1782,-3538,-84,3231
6.5437500000000455,-584,-1764,164,3231
6.544374999999945,0,-914,-10,3231
6.545000000000073,896,624,128,3231
6.545624999999973,824,1344,258,3228
6.5462500000001,1436,2456,94,3228
6.546875,1056,2424,66,3228
6.547500000000127,1214,3456,310,3228
6.548125000000027,448,2240,196,3228
6.548749999999927,-522,570,314,3228
6.549375000000055,-1216,-446,504,3228
6.5499999999999545,-1552,-1100,766,3228
6.550625000000082,-1750,-2626,514,3228
6.551249999999982,-1520,-2474,114,3228
6.551875000000109,-790,-1376,606,3228
6.552500000000009,-148,-1230,74,3228
6.553124999999909,638,8,36,3228
6.553750000000036,1160,1114,-4,3228
6.554374999999936,2000,2480,-128,3228
6.555000000000064,1018,1472,446,3228
6.555624999999964,1176,1598,168,3228
6.556250000000091,518,1194,682,3228
6.556874999999991,120,8,484,3228
6.557500000000118,-630,-1080,446,3228
6.558125000000018,-1096,-1992,526,3228
6.558749999999918,-1550,-3328,268,3228
6.5593750000000455,-1362,-3038,-86,3228
6.559999999999945,-522,-1636,418,3228
6.560625000000073,-272,-1488,152,3228
6.561249999999973,1058,218,-178,3228
6.5618750000001,554,504,-16,3228
6.5625,1514,2284,64,3228
6.563125000000127,1496,2590,176,3228
6.563750000000027,1086,3122,292,3231
6.564374999999927,324,2066,282,3231
6.565000000000055,98,1236,280,3231
6.5656249999999545,-1388,-778,350,3231
6.566250000000082,-1928,-1310,408,3231
6.566874999999982,-1152,-1544,232,3231
6.567500000000109,-1556,-2376,218,3231
6.568125000000009,-904,-1684,394,3231
6.568749999999909,-530,-926,376,3231
6.569375000000036,1054,704,266,3231
6.569999999999936,1056,1400,282,3231
6.570625000000064,1654,2356,124,3231
6.571249999999964,1018,1688,396,3231
6.571875000000091,1716,2752,154,3231
6.572499999999991,208,808,-32,3231
6.573125000000118,-8,354,356,3231
6.573750000000018,-862,-1342,260,3231
6.574374999999918,-1340,-1960,682,3231
6.5750000000000455,-1178,-2716,534,3231
6.575624999999945,-1174,-2790,304,3231
6.576250000000073,-808,-2266,408,3231
6.576874999999973,168,-1174,198,3231
6.5775000000001,1084,50,-124,3231
6.578125,378,186,68,3231
6.578750000000127,1424,2110,140,3231
6.579375000000027,1464,2364,262,3231
6.579999999999927,1310,2484,-88,3231
6.580625000000055,0,1330,308,3231
6.5812499999999545,-154,776,416,3231
6.581875000000082,-996,-474,454,3231
6.582499999999982,-1424,-1014,392,3231
6.583125000000109,-1424,-1842,166,3231
6.583750000000009,-1100,-1948,-146,3231
6.584374999999909,-678,-1118,268,3231
6.585000000000036,-514,-826,192,3231
6.585624999999936,712,494,278,3231
6.586250000000064,784,1230,250,3231
6.586874999999964,1816,2832,412,3231
6.587500000000091,1520,2312,298,3231
6.588124999999991,754,2114,656,3231
6.588750000000118,184,1006,116,3231
6.589375000000018,350,1470,584,3231
6.589999999999918,-322,-608,-84,3231
6.5906250000000455,-1226,-1414,174,3231
6.591249999999945,-1264,-2530,194,3231
6.591875000000073,-1628,-3120,86,3231
6.592499999999973,-440,-2010,556,3231
6.5931250000001,-230,-1318,532,3231
6.59375,1232,-146,76,3231
6.594375000000127,724,168,94,3231
6.595000000000027,1278,1880,448,3231
6.595624999999927,768,1168,360,3231
6.596250000000055,1312,1982,-12,3231
6.5968749999999545,250,1422,192,3231
6.597500000000082,-314,356,506,3231
6.598124999999982,-1196,-1264,218,3231
6.598750000000109,-1698,-1880,298,3231
6.599375000000009,-1612,-2184,410,3231
6.599999999999909,-1232,-2434,190,3231
6.600625000000036,-928,-1930,32,3231
6.601249999999936,-718,-954,-26,3231
6.601875000000064,924,822,18,3231
6.602499999999964,1262,1670,54,3231
6.603125000000091,1624,3402,306,3231
6.603749999999991,1238,2744,680,3231
6.604375000000118,1086,2292,448,3231
6.605000000000018,418,1706,338,3231
6.605624999999918,-458,868,782,3231
6.6062500000000455,-322,-378,432,3231
6.606874999999945,-1106,-1424,72,3231
6.607500000000073,-1990,-2862,386,3231
6.608124999999973,-1254,-2520,-192,3231
6.6087500000001,-272,-1248,374,3231
6.609375,-270,-1448,-148,3231
6.610000000000127,1262,426,166,3231
6.610625000000027,806,128,310,3231
6.611249999999927,1400,1666,514,3231
6.611875000000055,1580,1814,350,3231
6.6124999999999545,1472,1982,192,3231
6.613125000000082,-34,490,360,3231
6.613749999999982,-384,20,600,3231
6.614375000000109,-988,-1440,334,3231
6.615000000000009,-1666,-2654,32,3231
6.615624999999909,-1456,-2486,158,3231
6.616250000000036,-1536,-2668,152,3231
6.616874999999936,-396,-1734,52,3231
6.617500000000064,-574,-1138,150,3229
6.618124999999964,782,824,18,3229
6.618750000000091,1264,1686,10,3229
6.619374999999991,2060,3650,64,3229
6.620000000000118,1040,2744,208,3229
6.620625000000018,1062,2798,216,3229
6.621249999999918,40,1686,380,3229
6.6218750000000455,-236,1210,812,3229
6.622499999999945,-932,-710,568,3229
6.623125000000073,-1616,-1644,402,3229
6.623749999999973,-1444,-1818,612,3229
6.6243750000001,-1256,-2176,256,3229
6.625,-414,-1818,10,3229
6.625625000000127,322,-304,192,3229
6.626250000000027,1028,444,-342,3229
6.626874999999927,706,636,184,3229
6.627500000000055,1960,2240,56,3229
6.6281249999999545,1166,1810,570,3229
6.628750000000082,1352,1584,400,3229
6.629374999999982,-28,204,550,3229
6.630000000000109,-512,-592,716,3229
6.630625000000009,-1228,-2274,370,3229
6.631249999999909,-1296,-2566,0,3229
6.631875000000036,-1610,-2848,452,3229
6.632499999999936,-816,-2218,264,3229
6.633125000000064,-224,-1702,-146,3229
6.633749999999964,-296,-1018,-158,3229
6.634375000000091,1320,1376,36,3229
6.634999999999991,1216,1606,152,3229
6.635625000000118,1452,2722,166,3230
6.636250000000018,1104,2764,232,3230
6.636874999999918,678,2178,246,3230
6.6375000000000455,-382,800,152,3230
6.638124999999945,-584,974,460,3230
6.638750000000073,-1166,-650,358,3230
6.639374999999973,-1588,-1788,318,3230
6.6400000000001,-1394,-2002,494,3230
6.640625,-1496,-2030,520,3230
6.641250000000127,226,-618,254,3230
6.641875000000027,0,-144,378,3230
6.642499999999927,1370,1328,116,3230
6.643125000000055,1144,1584,242,3230
6.6437499999999545,1612,2236,-14,3230
6.644375000000082,742,1418,-100,3230
6.644999999999982,1216,1896,260,3230
6.645625000000109,-132,128,328,3230
6.646250000000009,-692,-658,804,3230
6.646874999999909,-1344,-2450,646,3230
6.647500000000036,-1434,-2994,374,3230
6.648124999999936,-1362,-2694,438,3230
6.648750000000064,-698,-2228,178,3230
6.649374999999964,432,-1154,-12,3230
6.650000000000091,-160,-1000,32,3230
6.650624999999991,742,644,126,3230
6.651250000000118,1504,1776,188,3230
6.651875000000018,1738,2918,-20,3230
6.652499999999918,432,1838,322,3230
6.6531250000000455,304,1370,324,3233
6.653749999999945,-4,1216,368,3233
6.654375000000073,-1094,-16,288,3233
6.654999999999973,-960,-648,192,3233
6.6556250000001,-1118,-1568,-58,3233
6.65625,-1314,-1614,414,3233
6.656875000000127,-1216,-1530,402,3233
6.657500000000027,282,-334,250,3233
6.658124999999927,306,366,200,3233
6.658750000000055,1718,2374,368,3233
6.6593749999999545,1216,1686,394,3233
6.660000000000082,1430,2544,328,3233
6.660624999999982,848,2048,196,3233
6.661250000000109,930,2422,676,3233
6.661875000000009,6,24,-132,3233
6.662499999999909,-986,-732,370,3233
6.663125000000036,-1482,-2416,244,3233
6.663749999999936,-1384,-2588,54,3233
6.664375000000064,-1076,-2770,464,3233
6.664999999999964,-616,-2054,452,3233
6.665625000000091,528,-1108,142,3233
6.666249999999991,-138,-1048,98,3233
6.666875000000118,1430,1370,322,3233
6.667500000000018,1206,1408,406,3233
6.668124999999918,1528,1958,-60,3233
6.6687500000000455,656,1616,84,3233
6.669374999999945,330,1598,496,3233
6.670000000000073,-454,6,236,3233
6.670624999999973,-768,-366,190,3233
6.6712500000001,-1404,-1320,414,3233
6.671875,-1314,-2162,302,3233
6.672500000000127,-998,-1748,10,3233
6.673125000000027,-1124,-1142,142,3233
6.673749999999927,304,-268,-12,3233
6.674375000000055,1082,920,-32,3233
6.6749999999999545,1142,2360,206,3233
6.675625000000082,1152,2404,696,3233
6.676249999999982,2140,3576,392,3233
6.676875000000109,880,2398,354,3233
6.677500000000009,412,1868,640,3233
6.678124999999909,-136,376,690,3233
6.678750000000036,-722,-812,172,3233
6.679374999999936,-1930,-2278,530,3233
6.680000000000064,-1442,-2610,-172,3233
6.680624999999964,-1104,-2476,236,3233
6.681250000000091,-648,-2216,-226,3233
6.681874999999991,302,-1116,188,3233
6.682500000000118,552,-588,192,3233
6.683125000000018,1096,1134,558,3233
6.683749999999918,1246,1192,402,3233
6.6843750000000455,2136,2418,190,3233
6.684999999999945,656,1280,88,3233
6.685625000000073,-42,892,684,3233
6.686249999999973,-460,-528,240,3233
6.6868750000001,-1118,-1476,148,3233
6.6875,-1332,-1856,224,3233
6.688125000000127,-1198,-1950,206,3233
6.688750000000027,-970,-2214,280,3233
6.689374999999927,-1448,-2172,312,3234
6.690000000000055,266,-144,20,3234
6.6906249999999545,838,762,-106,3234
6.691250000000082,1558,2526,8,3234
6.691874999999982,1384,2782,-30,3234
6.692500000000109,1100,2734,136,3234
6.693125000000009,574,2164,370,3234
6.693749999999909,402,2162,840,3234
6.694375000000036,-716,70,672,3234
6.694999999999936,-1044,-1000,336,3234
6.695625000000064,-1904,-1774,838,3234
6.696249999999964,-1612,-2592,316,3234
6.696875000000091,-852,-2066,238,3234
6.697499999999991,-438,-1430,-98,3234
6.698125000000118,734,64,-168,3234
6.698750000000018,384,-146,122,3234
6.699374999999918,1304,1106,24,3234
6.7000000000000455,1408,1798,604,3234
6.700624999999945,1740,2134,334,3234
6.701250000000073,566,764,292,3234
6.701874999999973,-36,274,708,3234
6.7025000000001,-820,-1252,308,3234
6.703125,-896,-1612,-58,3234
6.703750000000127,-1148,-1802,572,3234
6.704375000000027,-1204,-2452,344,3234
6.704999999999927,-878,-2718,0,3234
6.705625000000055,-930,-2002,84,3234
6.7062499999999545,476,-88,98,3234
6.706875000000082,704,500,152,3234
6.707499999999982,1542,2446,84,3233
6.708125000000109,984,2284,2,3233
6.708750000000009,1334,2742,26,3233
6.709374999999909,594,2234,120,3233
6.710000000000036,-136,2198,454,3233
6.710624999999936,-252,758,472,3233
6.711250000000064,-1082,-842,278,3233
6.711874999999964,-1978,-2128,430,3233
6.712500000000091,-1852,-2220,640,3233
6.713124999999991,-548,-1678,374,3233
6.713750000000118,-950,-1684,236,3233
6.714375000000018,582,-138,138,3233
6.714999999999918,280,128,406,3233
6.7156250000000455,1640,1602,-72,3233
6.716249999999945,1224,1712,78,3233
6.716875000000073,1508,2226,238,3233
6.717499999999973,596,826,64,3233
6.7181250000001,276,1030,680,3233
6.71875,-554,-872,528,3233
6.719375000000127,-654,-1462,376,3233
6.720000000000027,-1612,-2540,552,3233
6.720624999999927,-1082,-2582,246,3233
6.721250000000055,-692,-2470,128,3233
6.7218749999999545,-926,-2304,128,3233
6.722500000000082,-30,-1004,76,3233
6.723124999999982,1078,622,206,3233
6.723750000000109,1434,1732,-40,3233
6.724375000000009,776,1658,100,3233
6.724999999999909,1528,3150,304,3232
6.725625000000036,1076,2654,370,3232
6.726249999999936,376,2018,94,3232
6.726875000000064,-712,428,358,3232
6.727499999999964,-676,-388,96,3232
6.728125000000091,-1664,-1474,240,3232
6.728749999999991,-1878,-1940,492,3232
6.729375000000118,-1076,-2072,412,3232
6.730000000000018,-596,-1240,150,3232
6.730624999999918,304,-54,368,3232
6.7312500000000455,568,302,400,3232
6.731874999999945,1182,1564,398,3232
6.732500000000073,1124,1690,126,3232
6.733124999999973,1880,3094,574,3232
6.7337500000001,1246,1766,-168,3232
6.734375,184,1088,354,3232
6.735000000000127,-588,-664,48,3232
6.735625000000027,-722,-1238,170,3232
6.736249999999927,-1164,-2148,632,3232
6.736875000000055,-1238,-2336,554,3232
6.7374999999999545,-702,-2844,218,3232
6.738125000000082,-1248,-3022,76,3232
6.738749999999982,0,-810,186,3232
6.739375000000109,500,-118,310,3232
6.740000000000009,1600,1268,-66,3232
6.740624999999909,1310,1768,-60,3232
6.741250000000036,1220,2550,404,3232
6.741874999999936,642,1634,318,3232
6.742500000000064,650,1996,286,3232
6.743124999999964,-428,1064,624,3232
6.743750000000091,-840,-458,366,3232
6.744374999999991,-1604,-1608,66,3232
6.745000000000118,-1886,-1780,222,3232
6.745625000000018,-1364,-2312,46,3232
6.746249999999918,-910,-1906,-58,3232
6.7468750000000455,-168,-426,262,3232
6.747499999999945,312,474,552,3232
6.748125000000073,1320,1606,334,3232
6.748749999999973,1484,2168,224,3232
6.7493750000001,1664,3464,664,3232
6.75,1196,1916,464,3232
6.750625000000127,640,1322,242,3232
6.751250000000027,-448,358,340,3232
6.751874999999927,-746,-732,122,3232
6.752500000000055,-882,-1406,408,3232
6.7531249999999545,-1290,-2416,-56,3232
6.753750000000082,-1288,-2994,496,3232
6.754374999999982,-932,-2676,246,3232
6.755000000000109,82,-1106,236,3232
6.755625000000009,530,-450,262,3232
6.756249999999909,1830,1262,-20,3232
6.756875000000036,802,782,-62,3232
6.757499999999936,1158,2174,524,3232
6.758125000000064,1166,1922,384,3232
6.758749999999964,646,1600,122,3232
6.759375000000091,-480,386,378,3232
6.759999999999991,-756,-522,318,3232
6.760625000000118,-1536,-1936,334,3232
6.761250000000018,-2244,-2580,462,3234
6.761874999999918,-1090,-1920,-62,3234
6.7625000000000455,-900,-1874,-34,3234
6.763124999999945,64,-426,66,3234
6.763750000000073,-156,-30,68,3234
6.764374999999973,1316,1728,-32,3234
6.7650000000001,1672,2686,174,3234
6.765625,1480,3000,444,3234
6.766250000000127,718,1990,548,3234
6.766875000000027,962,2382,530,3234
6.767499999999927,-504,702,658,3234
6.768125000000055,-362,88,472,3234
6.7687499999999545,-1034,-1470,482,3234
6.769375000000082,-1724,-2480,176,3234
6.769999999999982,-910,-2014,28,3234
6.770625000000109,-1134,-2260,136,3234
6.771250000000009,-150,-1758,-72,3234
6.771874999999909,614,-318,392,3234
6.772500000000036,1148,520,246,3234
6.773124999999936,828,538,204,3234
6.773750000000064,1526,2140,478,3234
6.774374999999964,982,1516,422,3234
6.775000000000091,1024,1344,-74,3234
6.775624999999991,-428,134,592,3234
6.776250000000118,-616,-446,502,3234
6.776875000000018,-1448,-2128,216,3234
6.777499999999918,-1536,-2252,108,3234
6.7781250000000455,-1202,-2314,204,3234
6.778749999999945,-1142,-2304,240,3234
6.779375000000073,-270,-1094,134,3231
6.779999999999973,-308,-364,14,3231
6.7806250000001,1268,1394,-18,3231
6.78125,1344,2124,-148,3231
6.781875000000127,1792,4004,152,3231
6.782500000000027,1262,3046,354,3231
6.783124999999927,896,2642,380,3231
6.783750000000055,-350,1000,408,3231
6.7843749999999545,-180,902,768,3231
6.785000000000082,-842,-902,544,3231
6.785624999999982,-1630,-2016,430,3231
6.786250000000109,-1090,-1966,262,3231
6.786875000000009,-1306,-2044,394,3231
6.787499999999909,-304,-2018,-148,3231
6.788125000000036,-56,-856,-108,3231
6.788749999999936,1300,828,-48,3231
6.789375000000064,844,534,-80,3231
6.789999999999964,1388,1966,704,3231
6.790625000000091,836,982,548,3231
6.791249999999991,1562,1548,312,3231
6.791875000000118,-264,268,488,3231
6.792500000000018,-456,-354,464,3231
6.793124999999918,-1190,-2064,396,3231
6.7937500000000455,-1404,-2560,136,3231
6.794374999999945,-1860,-3026,214,3231
6.795000000000073,-1058,-2446,336,3231
6.795624999999973,-238,-1658,-10,3231
6.7962500000001,-400,-900,34,3231
6.796875,830,918,262,3230
6.797500000000127,1634,2010,140,3230
6.798125000000027,1618,3036,-114,3230
6.798749999999927,966,2784,134,3230
6.799375000000055,1038,2712,22,3230
6.7999999999999545,42,1680,344,3230
6.800625000000082,-626,654,568,3230
6.801249999999982,-658,-48,726,3230
6.801875000000109,-1100,-1090,410,3230
6.802500000000009,-1622,-2132,516,3230
6.803124999999909,-1672,-2466,488,3230
6.803750000000036,32,-894,448,3230
6.804374999999936,142,-364,-112,3230
6.805000000000064,1010,764,188,3230
6.805624999999964,1252,896,-222,3230
6.806250000000091,1362,1860,232,3230
6.806874999999991,1030,1402,12,3230
6.807500000000118,1458,2162,256,3230
6.808125000000018,72,192,550,3230
6.808749999999918,-456,-508,614,3230
6.8093750000000455,-1104,-2040,440,3230
6.809999999999945,-1640,-2918,240,3230
6.810625000000073,-1302,-2496,338,3230
6.811249999999973,-1030,-2412,362,3230
6.8118750000001,-256,-2012,20,3230
6.8125,-324,-1624,-152,3230
6.813125000000127,718,496,240,3230
6.813750000000027,1034,1054,-8,3230
6.814374999999927,1888,3174,64,3230
6.815000000000055,1260,2978,366,3228
6.8156249999999545,938,2496,148,3228
6.816250000000082,88,1676,188,3228
6.816874999999982,-434,1298,412,3228
6.817500000000109,-1046,-454,224,3228
6.818125000000009,-1628,-1822,256,3228
6.818749999999909,-1980,-2264,426,3228
6.819375000000036,-1450,-1662,596,3228
6.819999999999936,-388,-1166,402,3228
6.820625000000064,-166,-836,78,3228
6.821249999999964,1022,1318,480,3228
6.821875000000091,1012,864,272,3228
6.822499999999991,1510,1796,66,3228
6.823125000000118,1382,2524,372,3228
6.823750000000018,1506,2544,66,3228
6.824374999999918,388,942,356,3228
6.8250000000000455,-108,90,240,3228
6.825624999999945,-1296,-1680,592,3228
6.826250000000073,-1068,-2150,244,3228
6.826874999999973,-958,-2334,466,3228
6.8275000000001,-1236,-2892,408,3228
6.828125,-450,-2544,104,3228
6.828750000000127,-462,-2010,-178,3228
6.829375000000027,450,302,504,3228
6.829999999999927,1186,986,182,3228
6.830625000000055,2004,2434,-168,3228
6.8312499999999545,854,1800,98,3228
6.831875000000082,1244,2740,274,3228
6.832499999999982,224,1474,384,3243
6.833125000000109,-476,1036,456,3243
6.833750000000009,-838,0,228,3243
6.834374999999909,-1220,-1064,194,3243
6.835000000000036,-1676,-2228,192,3243
6.835624999999936,-2166,-2460,248,3243
6.836250000000064,-520,-1306,96,3243
6.836874999999964,-564,-1274,118,3243
6.837500000000091,664,540,356,3243
6.838124999999991,558,862,344,3243
6.838750000000118,1910,2592,322,3243
6.839375000000018,1308,2562,540,3243
6.839999999999918,1396,2502,280,3243
6.8406250000000455,486,1176,386,3243
6.841249999999945,322,1118,326,3243
6.841875000000073,-872,-832,80,3243
6.842499999999973,-1088,-1470,276,3243
6.8431250000001,-1426,-2708,232,3243
6.84375,-1336,-2662,556,3243
6.844375000000127,-532,-2404,378,3243
6.845000000000027,-516,-1994,198,3243
6.845624999999927,298,-524,364,3243
6.846250000000055,1060,610,178,3243
6.8468749999999545,1832,1718,-164,3243
6.847500000000082,768,1314,196,3243
6.848124999999982,1398,2708,340,3243
6.848750000000109,782,1934,326,3243
6.849375000000009,340,1218,86,3243
6.849999999999909,-832,-332,390,3243
6.850625000000036,-1256,-1174,458,3243
6.851249999999936,-1574,-1984,384,3242
6.851875000000064,-1808,-2140,172,3242
6.852499999999964,-828,-1668,52,3242
6.853125000000091,-344,-1104,-230,3242
6.853749999999991,450,546,126,3242
6.854375000000118,504,942,268,3242
6.855000000000018,1946,2672,278,3242
6.855624999999918,1350,2624,232,3242
6.8562500000000455,1686,3430,564,3242
6.856874999999945,998,2010,546,3242
6.857500000000073,-176,822,470,3242
6.858124999999973,-632,-164,242,3242
6.8587500000001,-618,-254,592,3242
6.859375,-1356,-2490,-82,3242
6.860000000000127,-1670,-2496,120,3242
6.860625000000027,-808,-2260,158,3242
6.861249999999927,-1100,-2616,-80,3242
6.861875000000055,288,-740,544,3242
6.8624999999999545,492,-224,446,3242
6.863125000000082,1892,1182,108,3242
6.863749999999982,1012,1172,170,3242
6.864375000000109,1208,2066,464,3242
6.865000000000009,404,798,404,3242
6.865624999999909,678,1042,124,3242
6.866250000000036,-580,104,232,3242
6.866874999999936,-946,-946,498,3242
6.867500000000064,-1396,-2086,246,3242
6.868124999999964,-1790,-2446,130,3256
6.868750000000091,-1444,-2404,350,3256
6.869374999999991,-572,-1792,158,3256
6.870000000000118,28,-480,-92,3256
6.870625000000018,-36,352,-16,3256
6.871249999999918,1614,2040,-90,3256
6.8718750000000455,1668,2700,158,3256
6.872499999999945,1650,3728,376,3256
6.873125000000073,1092,2748,680,3256
6.873749999999973,624,1712,364,3256
6.8743750000001,-382,728,528,3256
6.875,-1164,-484,690,3256
6.875625000000127,-558,-998,542,3256
6.876250000000027,-1076,-1720,14,3256
6.876874999999927,-1834,-2954,430,3256
6.877500000000055,-924,-2458,-252,3256
6.8781249999999545,218,-744,258,3256
6.878750000000082,262,-550,-64,3256
6.879374999999982,1808,1502,44,3256
6.880000000000109,1054,764,216,3256
6.880625000000009,1122,1582,608,3256
6.881249999999909,1124,1444,442,3256
6.881875000000036,1040,1480,302,3256
6.882499999999936,-356,-62,332,3256
6.883125000000064,-866,-756,630,3256
6.883749999999964,-1196,-2128,274,3256
6.884375000000091,-1940,-3312,30,3256
6.884999999999991,-1374,-2480,238,3256
6.885625000000118,-994,-2180,30,3256
6.886250000000018,46,-998,-14,3256
6.886874999999918,-192,-526,168,3253
6.8875000000000455,1126,1390,28,3253
6.888124999999945,1416,2038,24,3253
6.888750000000073,1954,3962,216,3253
6.889374999999973,952,2840,168,3253
6.8900000000001,676,2194,114,3253
6.890625,-118,1520,492,3253
6.891250000000127,-430,824,796,3253
6.891875000000027,-1048,-912,532,3253
6.892499999999927,-1518,-1842,406,3253
6.893125000000055,-1448,-2076,622,3253
6.8937499999999545,-1088,-1984,318,3253
6.894375000000082,-160,-1396,76,3253
6.894999999999982,-38,-792,54,3253
6.895625000000109,1302,892,-220,3253
6.896250000000009,864,786,114,3253
6.896874999999909,1688,1908,18,3253
6.897500000000036,1148,1836,624,3253
6.898124999999936,1076,1230,398,3253
6.898750000000064,0,108,512,3253
6.899374999999964,-576,-498,814,3253
6.900000000000091,-1194,-2304,272,3253
6.900624999999991,-1350,-2536,-40,3253
6.901250000000118,-1346,-2338,482,3253
6.901875000000018,-1212,-2636,266,3253
6.902499999999918,-284,-2166,-102,3253
6.9031250000000455,-530,-1536,-104,3253
6.903749999999945,1054,894,86,3253
6.904375000000073,1252,1490,130,3253
6.904999999999973,1574,2936,146,3253
6.9056250000001,1014,2616,140,3253
6.90625,1118,2774,118,3253
6.906875000000127,-152,1338,142,3253
6.907500000000027,-620,1380,526,3253
6.908124999999927,-696,-24,402,3253
6.908750000000055,-1588,-1530,436,3253
6.9093749999999545,-1910,-2410,454,3253
6.910000000000082,-1476,-1916,542,3253
6.910624999999982,-272,-1354,374,3253
6.911250000000109,-150,-686,278,3253
6.911875000000009,894,660,132,3253
6.912499999999909,654,780,320,3253
6.913125000000036,2102,2302,-242,3253
6.913749999999936,1062,1804,28,3253
6.914375000000064,1342,1980,320,3253
6.914999999999964,304,616,138,3253
6.915625000000091,-320,114,830,3253
6.916249999999991,-760,-1338,618,3253
6.916875000000118,-756,-1860,334,3253
6.917500000000018,-1718,-2772,434,3253
6.918124999999918,-1006,-2640,288,3253
6.9187500000000455,-320,-2146,90,3253
6.919374999999945,-742,-1950,0,3253
6.920000000000073,320,-436,124,3253
6.920624999999973,1280,1016,294,3253
6.9212500000001,1536,1984,-104,3253
6.921875,726,1828,146,3253
6.922500000000127,1460,3046,232,3257
6.923125000000027,782,2310,326,3257
6.923749999999927,64,1748,256,3257
6.924375000000055,-852,100,230,3257
6.9249999999999545,-892,-786,84,3257
6.925625000000082,-1780,-1562,486,3257
6.926249999999982,-1856,-2090,436,3257
6.926875000000109,-792,-1866,312,3257
6.927500000000009,-664,-1236,176,3257
6.928124999999909,440,0,272,3257
6.928750000000036,496,254,304,3257
6.929374999999936,1776,2312,384,3257
6.930000000000064,1550,2328,2,3257
6.930624999999964,1810,3238,592,3257
6.931250000000091,994,1536,-142,3257
6.931874999999991,14,704,292,3257
6.932500000000118,-716,-782,236,3257
6.933125000000018,-646,-1244,176,3257
6.933749999999918,-1690,-2966,448,3257
6.9343750000000455,-1540,-2822,656,3257
6.934999999999945,-516,-2618,306,3257
6.935625000000073,-1084,-2740,42,3257
6.936249999999973,202,-506,398,3257
6.9368750000001,540,-6,370,3257
6.9375,1630,1414,-234,3257
6.938125000000127,1178,1896,126,3257
6.938750000000027,1150,2534,366,3257
6.939374999999927,368,1232,120,3257
6.940000000000055,602,1896,286,3257
6.9406249999999545,-618,654,430,3257
6.941250000000082,-1054,-950,416,3257
6.941874999999982,-1576,-1700,280,3257
6.942500000000109,-1734,-1662,218,3257
6.943125000000009,-1258,-2258,22,3257
6.943749999999909,-586,-1536,16,3257
6.944375000000036,96,16,146,3257
6.944999999999936,544,854,554,3257
6.945625000000064,1792,2260,356,3257
6.946249999999964,1600,2546,150,3257
6.946875000000091,1640,3162,576,3257
6.947499999999991,1350,2428,624,3257
6.948125000000118,434,1118,134,3257
6.948750000000018,-720,-114,482,3257
6.949374999999918,-980,-1234,-10,3257
6.9500000000000455,-882,-1542,348,3257
6.950624999999945,-1222,-2388,-42,3257
6.951250000000073,-1414,-3078,398,3257
6.951874999999973,-962,-3072,80,3257
6.9525000000001,100,-928,526,3257
6.953125,758,-120,280,3257
6.953750000000127,1912,1368,-128,3257
6.954375000000027,770,820,130,3257
6.954999999999927,914,1766,480,3257
6.955625000000055,932,1574,246,3257
6.9562499999999545,630,1560,206,3257
6.956875000000082,-512,274,272,3257
6.957499999999982,-640,-480,280,3257
6.958125000000109,-1414,-1786,386,3257
6.958750000000009,-2096,-2442,302,3259
6.959374999999909,-1076,-1770,106,3259
6.960000000000036,-500,-1172,-58,3259
6.960624999999936,-66,-596,-64,3259
6.961250000000064,-106,-32,74,3259
6.961874999999964,1124,1642,134,3259
6.962500000000091,1350,2182,172,3259
6.963124999999991,1878,3606,532,3259
6.963750000000118,1368,2974,562,3259
6.964375000000018,798,2124,362,3259
6.964999999999918,-386,1084,846,3259
6.9656250000000455,-458,128,456,3259
6.966249999999945,-1308,-1714,346,3259
6.966875000000073,-1480,-2260,166,3259
6.967499999999973,-1296,-2698,0,3259
6.9681250000001,-1410,-2926,148,3259
6.96875,-234,-1790,170,3259
6.969375000000127,120,-770,394,3259
6.970000000000027,1566,750,132,3259
6.970624999999927,840,528,236,3259
6.971250000000055,1138,1446,450,3259
6.9718749999999545,1318,1656,206,3259
6.972500000000082,1254,2054,112,3259
6.973124999999982,-218,476,532,3259
6.973750000000109,-412,-230,502,3259
6.974375000000009,-1200,-1560,392,3259
6.974999999999909,-1394,-1874,64,3259
6.975625000000036,-890,-1456,278,3259
6.976249999999936,-1146,-2160,166,3259
6.976875000000064,-528,-1496,0,3243
6.977499999999964,-466,-686,100,3243
6.978125000000091,922,962,-16,3243
6.978749999999991,1172,1702,-206,3243
6.979375000000118,1758,3872,328,3243
6.980000000000018,1310,2928,370,3243
6.980624999999918,1136,2462,170,3243
6.9812500000000455,88,1710,432,3243
6.981874999999945,-26,1602,868,3243
6.982500000000073,-398,-184,454,3243
6.983124999999973,-1630,-1676,526,3243
6.9837500000001,-1512,-2334,308,3243
6.984375,-1678,-2592,446,3243
6.985000000000127,-412,-2052,-64,3243
6.985625000000027,-700,-1756,-182,3243
6.986249999999927,1084,218,52,3243
6.986875000000055,488,-126,0,3243
6.9874999999999545,1454,1690,436,3243
6.988125000000082,1310,1586,498,3243
6.988749999999982,1592,1558,400,3243
6.989375000000109,-48,414,366,3243
6.990000000000009,230,680,534,3243
6.990624999999909,-1088,-1616,492,3243
6.991250000000036,-1132,-1900,0,3243
6.991874999999936,-1408,-2014,290,3243
6.992500000000064,-1584,-2730,390,3243
6.993124999999964,-800,-2428,-22,3243
6.993750000000091,-922,-1680,66,3260
6.994374999999991,228,-116,172,3260
6.995000000000118,1072,742,86,3260
6.995625000000018,1508,2426,70,3260
6.996249999999918,590,1988,116,3260
6.9968750000000455,1372,2752,-102,3260
6.997499999999945,952,2782,286,3260
6.998125000000073,102,1792,488,3260
6.998749999999973,-274,780,714,3260
6.9993750000001,-704,-362,480,3260
7.0,-1750,-1898,448,3260
7.000625000000127,-1602,-2084,446,3260
7.001250000000027,-486,-1422,638,3260
7.001874999999927,-926,-1984,-224,3260
7.002500000000055,136,-612,252,3260
7.0031249999999545,440,-540,-328,3260
7.003750000000082,1400,1584,182,3260
7.004374999999982,1438,1542,-34,3260
7.005000000000109,2096,2796,266,3260
7.005625000000009,664,860,400,3260
7.006249999999909,514,1260,744,3260
7.006875000000036,-366,-536,512,3260
7.007499999999936,-652,-1324,178,3260
7.008125000000064,-1426,-2022,442,3260
7.008749999999964,-1788,-2740,558,3260
7.009375000000091,-964,-3014,-60,3260
7.009999999999991,-1190,-2624,34,3260
7.010625000000118,-218,-1170,182,3260
7.011250000000018,348,-224,0,3260
7.011874999999918,1418,1616,-16,3260
7.0125000000000455,732,1522,266,3243
7.013124999999945,1566,2824,60,3243
7.013750000000073,928,2472,148,3243
7.014374999999973,742,2608,228,3243
7.0150000000001,-16,1400,238,3243
7.015625,-502,414,302,3243
7.016250000000127,-1570,-1028,494,3243
7.016875000000027,-1474,-1176,726,3243
7.017499999999927,-1214,-1946,560,3243
7.018125000000055,-1542,-2544,116,3243
7.0187499999999545,-576,-840,742,3243
7.019375000000082,-174,-960,100,3243
7.019999999999982,792,250,68,3243
7.020625000000109,1444,1468,56,3243
7.021250000000009,1638,2028,-120,3243
7.021874999999909,1000,1288,310,3243
7.022500000000036,1444,2126,192,3243
7.023124999999936,144,746,634,3243
7.023750000000064,124,-158,294,3243
7.024374999999964,-720,-1208,468,3243
7.025000000000091,-1266,-2068,634,3243
7.025624999999991,-1548,-3296,232,3243
7.026250000000118,-1488,-3128,-24,3243
7.026875000000018,-832,-2138,476,3243
7.027499999999918,-166,-1526,160,3243
7.0281250000000455,674,-336,-128,3243
7.028749999999945,252,76,-34,3243
7.029375000000073,1726,2350,64,3243
7.029999999999973,1430,2414,192,3243
7.0306250000001,1420,3370,112,3246
7.03125,534,2336,216,3246
7.031875000000127,510,2136,292,3246
7.032500000000027,-938,2,162,3246
7.033124999999927,-1432,-334,528,3246
7.033750000000055,-1154,-1282,300,3246
7.0343749999999545,-1832,-2442,216,3246
7.035000000000082,-1368,-2102,408,3246
7.035624999999982,-1032,-1548,450,3246
7.036250000000109,322,-480,278,3246
7.036875000000009,602,424,380,3246
7.037499999999909,1424,1592,80,3246
7.038125000000036,924,1458,398,3246
7.038749999999936,2150,2868,16,3246
7.039375000000064,812,1540,-58,3246
7.039999999999964,738,1452,312,3246
7.040625000000091,-256,-96,294,3246
7.041249999999991,-790,-738,642,3246
7.041875000000118,-1012,-2046,452,3246
7.042500000000018,-1032,-2318,432,3246
7.043124999999918,-1536,-2928,468,3246
7.0437500000000455,-638,-2306,164,3246
7.044374999999945,172,-1360,106,3246
7.045000000000073,-318,-1262,-18,3246
7.045624999999973,770,602,110,3246
7.0462500000001,1560,1802,296,3246
7.046875,1624,2434,-60,3246
7.047500000000127,688,1918,218,3246
7.048125000000027,1154,2872,338,3247
7.048749999999927,248,1658,406,3247
7.049375000000055,-408,904,310,3247
7.0499999999999545,-1012,-414,220,3247
7.050625000000082,-1214,-1306,-38,3247
7.051249999999982,-1686,-1816,316,3247
7.051875000000109,-1740,-2208,368,3247
7.052500000000009,-468,-1332,422,3247
7.053124999999909,-256,-750,96,3247
7.053750000000036,782,664,416,3247
7.054374999999936,688,548,236,3247
7.055000000000064,1832,2604,518,3247
7.055624999999964,1416,2294,86,3247
7.056250000000091,1644,3044,454,3247
7.056874999999991,794,1222,-128,3247
7.057500000000118,-206,466,318,3247
7.058125000000018,-732,-922,224,3247
7.058749999999918,-732,-1360,284,3247
7.0593750000000455,-1648,-2980,506,3247
7.059999999999945,-1492,-2798,552,3247
7.060625000000073,-414,-2420,284,3247
7.061249999999973,-978,-2558,14,3247
7.0618750000001,164,-860,146,3247
7.0625,754,108,368,3247
7.063125000000127,1584,1314,-202,3247
7.063750000000027,1030,1566,-20,3247
7.064374999999927,1374,2586,466,3247
7.065000000000055,516,1368,204,3247
7.0656249999999545,658,1950,310,3260
7.066250000000082,-362,974,486,3260
7.066874999999982,-1002,-766,306,3260
7.067500000000109,-1370,-1338,170,3260
7.068125000000009,-1592,-1202,258,3260
7.068749999999909,-1242,-2002,2,3260
7.069375000000036,-752,-1800,50,3260
7.069999999999936,-328,-448,296,3260
7.070625000000064,-64,122,586,3260
7.071249999999964,1348,1226,222,3260
7.071875000000091,1560,2094,132,3260
7.072499999999991,1420,2952,570,3260
7.073125000000118,1422,2150,450,3260
7.073750000000018,1388,2514,204,3260
7.074374999999918,-106,952,396,3260
7.0750000000000455,24,318,124,3260
7.075624999999945,-882,-1222,440,3260
7.076250000000073,-1388,-2416,128,3260
7.076874999999973,-1650,-3100,480,3260
7.0775000000001,-1292,-3108,118,3260
7.078125,-612,-2398,296,3260
7.078750000000127,128,-1274,390,3260
7.079375000000027,858,-312,24,3260
7.079999999999927,768,162,-88,3260
7.080625000000055,856,1630,596,3260
7.0812499999999545,1084,1494,184,3260
7.081875000000082,1360,2104,38,3260
7.082499999999982,128,1274,240,3260
7.083125000000109,-262,566,302,3260
7.083750000000009,-778,-478,358,3260
7.084374999999909,-1306,-890,392,3260
7.085000000000036,-1556,-1762,244,3260
7.085624999999936,-1082,-1756,172,3260
7.086250000000064,-858,-1538,100,3260
7.086874999999964,-1168,-1274,62,3260
7.087500000000091,376,-24,106,3260
7.088124999999991,1010,1072,128,3260
7.088750000000118,1344,2134,238,3260
7.089375000000018,1034,2074,482,3260
7.089999999999918,1608,2816,382,3260
7.0906250000000455,558,1878,568,3260
7.091249999999945,1036,2024,356,3260
7.091875000000073,-222,334,514,3260
7.092499999999973,-674,-692,336,3260
7.0931250000001,-1112,-1686,0,3260
7.09375,-1440,-2192,332,3260
7.094375000000127,-1326,-3030,192,3260
7.095000000000027,-912,-2294,448,3260
7.095624999999927,92,-1666,130,3260
7.096250000000055,-148,-1316,184,3260
7.0968749999999545,764,318,462,3260
7.097500000000082,1360,1032,138,3260
7.098124999999982,1942,2088,-66,3260
7.098750000000109,580,1344,274,3260
7.099375000000009,1044,2344,384,3260
7.099999999999909,168,1020,352,3260
7.100625000000036,-94,434,104,3260
7.101249999999936,-1102,-926,348,3260
7.101875000000064,-1444,-1788,426,3260
7.102499999999964,-1628,-2350,366,3258
7.103125000000091,-1790,-2222,176,3258
7.103749999999991,-648,-1518,134,3258
7.104375000000118,-154,-764,-318,3258
7.105000000000018,644,880,34,3258
7.105624999999918,676,1180,268,3258
7.1062500000000455,1854,2702,294,3258
7.106874999999945,1314,2602,212,3258
7.107500000000073,1822,3918,650,3258
7.108124999999973,996,1964,380,3258
7.1087500000001,198,1648,644,3258
7.109375,-620,36,312,3258
7.110000000000127,-768,-320,620,3258
7.110625000000027,-1158,-2226,-78,3258
7.111249999999927,-1594,-2464,166,3258
7.111875000000055,-854,-2372,110,3258
7.1124999999999545,-1136,-2540,90,3258
7.113125000000082,-34,-1432,426,3258
7.113749999999982,512,-418,370,3258
7.114375000000109,1650,802,146,3258
7.115000000000009,632,600,158,3258
7.115624999999909,1888,2812,256,3258
7.116250000000036,956,1650,484,3258
7.116874999999936,816,1406,0,3258
7.117500000000064,-210,606,180,3258
7.118124999999964,-590,-14,622,3258
7.118750000000091,-998,-1280,258,3258
7.119374999999991,-1478,-1716,252,3258
7.120000000000118,-1398,-2004,388,3261
7.120625000000018,-1112,-2376,184,3261
7.121249999999918,-488,-1236,28,3261
7.1218750000000455,-670,-482,58,3261
7.122499999999945,886,784,-200,3261
7.123125000000073,1552,1970,108,3261
7.123749999999973,1198,2764,368,3261
7.1243750000001,1204,2564,602,3261
7.125,1576,3158,446,3261
7.125625000000127,474,2054,370,3261
7.126250000000027,-190,1144,680,3261
7.126874999999927,-274,-156,582,3261
7.127500000000055,-1100,-1204,178,3261
7.1281249999999545,-1952,-2600,458,3261
7.128750000000082,-1448,-2698,-106,3261
7.129374999999982,-632,-1980,342,3261
7.130000000000109,-694,-2244,-80,3261
7.130625000000009,386,-928,124,3261
7.131249999999909,400,-716,132,3261
7.131875000000036,1446,1346,302,3261
7.132499999999936,1510,1562,450,3261
7.133125000000064,2066,2580,166,3261
7.133749999999964,554,1194,238,3261
7.134375000000091,498,1778,700,3261
7.134999999999991,-222,-16,206,3261
7.135625000000118,-804,-908,148,3261
7.136250000000018,-1422,-1756,346,3261
7.136874999999918,-1568,-2428,124,3261
7.1375000000000455,-1206,-2448,160,3261
7.138124999999945,-1544,-2230,248,3246
7.138750000000073,-210,-924,52,3246
7.139374999999973,568,190,44,3246
7.1400000000001,986,1496,56,3246
7.140625,600,1542,30,3246
7.141250000000127,1720,3016,98,3246
7.141875000000027,1408,3076,384,3246
7.142499999999927,1008,2762,562,3246
7.143125000000055,192,1370,620,3246
7.1437499999999545,34,1028,450,3246
7.144375000000082,-1284,-566,694,3246
7.144999999999982,-1060,-1184,384,3246
7.145625000000109,-1298,-2272,334,3246
7.146250000000009,-1274,-2380,216,3246
7.146874999999909,-570,-1814,-88,3246
7.147500000000036,-584,-1634,122,3246
7.148124999999936,598,-552,-66,3246
7.148750000000064,1066,670,446,3246
7.149374999999964,1664,1240,76,3246
7.150000000000091,896,986,326,3246
7.150624999999991,1342,2296,706,3246
7.151250000000118,754,1076,328,3246
7.151875000000018,560,716,6,3246
7.152499999999918,-782,-444,566,3246
7.1531250000000455,-1000,-1130,478,3246
7.153749999999945,-1602,-2574,166,3246
7.154375000000073,-1652,-2530,60,3246
7.154999999999973,-1032,-2180,198,3246
7.1556250000001,-910,-2230,154,3246
7.15625,-106,-958,100,3247
7.156875000000127,-104,-188,24,3247
7.157500000000027,1272,1600,10,3247
7.158124999999927,1364,2262,-254,3247
7.158750000000055,1788,3964,152,3247
7.1593749999999545,1172,2894,466,3247
7.160000000000082,950,2656,500,3247
7.160624999999982,-362,1008,396,3247
7.161250000000109,-370,1022,880,3247
7.161875000000009,-522,-584,484,3247
7.162499999999909,-1852,-1970,444,3247
7.163125000000036,-1590,-2322,346,3247
7.163749999999936,-1344,-2102,392,3247
7.164375000000064,-386,-1996,-158,3247
7.164999999999964,-116,-1040,-50,3247
7.165625000000091,788,-16,12,3247
7.166249999999991,428,-210,32,3247
7.166875000000118,1596,1894,522,3247
7.167500000000018,1340,1642,494,3247
7.168124999999918,1698,1674,248,3247
7.1687500000000455,72,628,432,3247
7.169374999999945,424,1064,496,3247
7.170000000000073,-986,-1338,494,3247
7.170624999999973,-974,-1576,82,3247
7.1712500000001,-1322,-1872,186,3247
7.171875,-1498,-2530,478,3247
7.172500000000127,-1024,-2660,92,3247
7.173125000000027,-1176,-2008,64,3261
7.173749999999927,-112,-622,300,3261
7.174375000000055,624,30,52,3261
7.1749999999999545,1250,1772,-122,3261
7.175625000000082,456,1636,122,3261
7.176249999999982,1530,2560,-180,3261
7.176875000000109,1494,3098,192,3261
7.177500000000009,750,3194,662,3261
7.178124999999909,366,1786,644,3261
7.178750000000036,-172,674,458,3261
7.179374999999936,-1298,-652,508,3261
7.180000000000064,-1460,-1226,600,3261
7.180624999999964,-658,-1462,526,3261
7.181250000000091,-1318,-2248,54,3261
7.181874999999991,-878,-2128,316,3261
7.182500000000118,-452,-1714,-196,3261
7.183125000000018,726,124,318,3261
7.183749999999918,816,216,-140,3261
7.1843750000000455,2140,2252,104,3261
7.184999999999945,1120,1068,220,3261
7.185625000000073,1094,1694,500,3261
7.186249999999973,1036,1446,566,3261
7.1868750000001,780,990,272,3261
7.1875,-584,-396,274,3261
7.188125000000127,-1106,-1106,696,3261
7.188750000000027,-1236,-2368,188,3261
7.189374999999927,-2020,-3396,34,3261
7.190000000000055,-1372,-2486,356,3261
7.1906249999999545,-934,-2188,50,3261
7.191250000000082,-50,-1160,30,3271
7.191874999999982,-262,-624,224,3271
7.192500000000109,954,1100,16,3271
7.193125000000009,1304,1852,62,3271
7.193749999999909,1928,3844,92,3271
7.194375000000036,1314,3306,72,3271
7.194999999999936,878,2482,170,3271
7.195625000000064,150,1832,476,3271
7.196249999999964,-180,1350,770,3271
7.196875000000091,-1086,-666,564,3271
7.197499999999991,-1484,-1454,398,3271
7.198125000000118,-1802,-2148,692,3271
7.198750000000018,-1632,-2666,362,3271
7.199374999999918,-586,-1960,240,3271
7.2000000000000455,-334,-1312,64,3271
7.200624999999945,938,62,-186,3271
7.201250000000073,382,-62,152,3271
7.201874999999973,1332,1034,-74,3271
7.2025000000001,1324,1734,500,3271
7.203125,1860,2252,264,3271
7.203750000000127,620,1018,370,3271
7.204375000000027,120,530,814,3271
7.204999999999927,-360,-668,270,3271
7.205625000000055,-922,-1506,38,3271
7.2062499999999545,-1226,-1718,536,3271
7.206875000000082,-1218,-2130,326,3271
7.207499999999982,-1458,-3012,174,3271
7.208125000000109,-1432,-2844,4,3271
7.208750000000009,-74,-966,146,3271
7.209374999999909,290,-322,174,3271
7.210000000000036,734,736,60,3257
7.210624999999936,1072,1790,-18,3257
7.211250000000064,1408,2504,30,3257
7.211874999999964,948,2254,-168,3257
7.212500000000091,1208,3600,242,3257
7.213124999999991,472,2248,560,3257
7.213750000000118,-178,738,392,3257
7.214375000000018,-1256,-608,450,3257
7.214999999999918,-1256,-748,812,3257
7.2156250000000455,-804,-1394,408,3257
7.216249999999945,-1432,-1986,372,3257
7.216875000000073,-1000,-2000,256,3257
7.217499999999973,-1024,-1852,334,3257
7.2181250000001,522,-696,-146,3257
7.21875,324,-50,6,3257
7.219375000000127,1780,1552,10,3257
7.220000000000027,1342,1346,80,3257
7.220624999999927,1360,2112,622,3257
7.221250000000055,754,1038,390,3257
7.2218749999999545,1398,1478,384,3257
7.222500000000082,-414,122,446,3257
7.223124999999982,-482,-510,434,3257
7.223750000000109,-1300,-2300,348,3257
7.224375000000009,-1760,-2876,224,3257
7.224999999999909,-1732,-3102,138,3257
7.225625000000036,-1104,-2586,400,3257
7.226249999999936,-378,-1832,126,3257
7.226875000000064,-564,-1188,-18,3257
7.227499999999964,722,650,248,3258
7.228125000000091,1478,1692,108,3258
7.228749999999991,1526,2774,-84,3258
7.229375000000118,940,2614,124,3258
7.230000000000018,1670,3368,-128,3258
7.230624999999918,590,2470,298,3258
7.2312500000000455,-16,1894,704,3258
7.231874999999945,-506,350,584,3258
7.232500000000073,-1150,-844,348,3258
7.233124999999973,-1796,-1972,552,3258
7.2337500000001,-1854,-2454,502,3258
7.234375,-960,-2318,468,3258
7.235000000000127,-608,-1684,44,3258
7.235625000000027,-36,-954,318,3258
7.236249999999927,466,-514,-232,3258
7.236875000000055,1192,1230,352,3258
7.2374999999999545,960,874,-74,3258
7.238125000000082,2050,2430,68,3258
7.238749999999982,1144,1536,324,3258
7.239375000000109,464,1124,602,3258
7.240000000000009,24,-60,490,3258
7.240624999999909,82,-300,232,3258
7.241250000000036,-1386,-1734,346,3258
7.241874999999936,-1474,-2112,670,3258
7.242500000000064,-968,-2576,38,3258
7.243124999999964,-1508,-2880,66,3258
7.243750000000091,-814,-2218,244,3258
7.244374999999991,-168,-1144,70,3258
7.245000000000118,920,646,14,3258
7.245625000000018,340,720,228,3258
7.246249999999918,1742,2590,52,3258
7.2468750000000455,1158,2412,180,3258
7.247499999999945,1484,3420,82,3258
7.248125000000073,564,2320,0,3258
7.248749999999973,-102,1264,200,3258
7.2493750000001,-640,492,418,3258
7.25,-704,18,632,3258
7.250625000000127,-1456,-1834,540,3258
7.251250000000027,-1528,-2130,382,3258
7.251874999999927,-1146,-1622,608,3258
7.252500000000055,-1028,-1896,490,3258
7.2531249999999545,-96,-1456,126,3258
7.253750000000082,636,14,30,3258
7.254374999999982,1340,1066,-166,3258
7.255000000000109,908,900,170,3258
7.255625000000009,1966,2388,12,3258
7.256249999999909,1230,1940,596,3258
7.256875000000036,1038,1216,210,3258
7.257499999999936,44,180,422,3258
7.258125000000064,-498,-244,772,3258
7.258749999999964,-992,-1948,178,3258
7.259375000000091,-1172,-2244,-58,3258
7.259999999999991,-1580,-2500,626,3258
7.260625000000118,-1204,-2722,166,3258
7.261250000000018,-658,-2474,42,3258
7.261874999999918,-806,-1758,108,3258
7.2625000000000455,726,154,46,3258
7.263124999999945,942,890,192,3258
7.263750000000073,1502,2470,64,3257
7.264374999999973,924,2328,122,3257
7.2650000000001,1664,3302,108,3257
7.265625,526,2130,-128,3257
7.266250000000127,136,2600,470,3257
7.266875000000027,-174,1016,512,3257
7.267499999999927,-808,-372,266,3257
7.268125000000055,-1984,-1888,446,3257
7.2687499999999545,-2006,-2262,718,3257
7.269375000000082,-816,-1914,338,3257
7.269999999999982,-1608,-2608,310,3257
7.270625000000109,-66,-1180,178,3257
7.271250000000009,-192,-702,364,3257
7.271874999999909,1272,692,-146,3257
7.272500000000036,1160,1304,22,3257
7.273124999999936,1678,1990,152,3257
7.273750000000064,878,1086,216,3257
7.274374999999964,1244,2166,694,3257
7.275000000000091,28,270,444,3257
7.275624999999991,176,-92,376,3257
7.276250000000118,-1088,-1382,448,3257
7.276875000000018,-1204,-2018,322,3257
7.277499999999918,-1508,-3222,244,3257
7.2781250000000455,-1572,-2964,216,3257
7.278749999999945,-896,-2198,52,3257
7.279375000000073,-590,-1880,344,3257
7.279999999999973,530,-272,64,3257
7.2806250000001,186,182,20,3257
7.28125,1038,1664,276,3259
7.281875000000127,1846,2708,106,3259
7.282500000000027,1472,3390,168,3259
7.283124999999927,388,2122,216,3259
7.283750000000055,636,1928,-70,3259
7.2843749999999545,-466,942,366,3259
7.285000000000082,-1164,-154,628,3259
7.285624999999982,-854,-712,440,3259
7.286250000000109,-1416,-1600,404,3259
7.286875000000009,-1634,-2438,480,3259
7.287499999999909,-1396,-2222,352,3259
7.288125000000036,62,-862,418,3259
7.288749999999936,20,-578,12,3259
7.289375000000064,1266,1102,332,3259
7.289999999999964,1100,730,-256,3259
7.290625000000091,1482,2044,264,3259
7.291249999999991,1292,1774,2,3259
7.291875000000118,1732,2546,162,3259
7.292500000000018,290,544,384,3259
7.293124999999918,-256,-180,726,3259
7.2937500000000455,-620,-1110,538,3259
7.294374999999945,-1276,-2284,252,3259
7.295000000000073,-1388,-2276,332,3259
7.295624999999973,-1384,-2488,528,3259
7.2962500000001,-626,-2584,-80,3259
7.296875,-1082,-2644,-132,3259
7.297500000000127,34,-746,196,3259
7.298125000000027,520,78,70,3259
7.298749999999927,1752,2144,0,3271
7.299375000000055,1262,2368,334,3271
7.2999999999999545,1416,2744,206,3271
7.300625000000082,934,2482,226,3271
7.301249999999982,914,3216,310,3271
7.301875000000109,-16,1650,114,3271
7.302500000000009,-876,-110,164,3271
7.303124999999909,-1504,-860,536,3271
7.303750000000036,-1728,-1522,696,3271
7.304374999999936,-1642,-2674,452,3271
7.305000000000064,-1258,-2118,268,3271
7.305624999999964,-886,-1678,562,3271
7.306250000000091,-346,-1382,360,3271
7.306874999999991,672,-32,128,3271
7.307500000000118,1060,1048,94,3271
7.308125000000018,1974,2444,-114,3271
7.308749999999918,1194,1712,198,3271
7.3093750000000455,1302,1856,78,3271
7.309999999999945,494,1176,704,3271
7.310625000000073,344,304,286,3271
7.311249999999973,-488,-648,512,3271
7.3118750000001,-1074,-1568,738,3271
7.3125,-1432,-3114,156,3271
7.313125000000127,-1796,-3536,-114,3271
7.313750000000027,-1016,-2090,530,3271
7.314374999999927,-380,-1620,156,3271
7.315000000000055,102,-1322,-90,3271
7.3156249999999545,218,-390,-14,3271
7.316250000000082,1282,1656,148,3271
7.316874999999982,1190,1842,288,3271
7.317500000000109,1506,3032,148,3257
7.318125000000009,1074,2928,140,3257
7.318749999999909,692,2286,320,3257
7.319375000000036,-494,634,14,3257
7.319999999999936,-646,982,368,3257
7.320625000000064,-1018,-578,412,3257
7.321249999999964,-1358,-1670,190,3257
7.321875000000091,-1706,-2194,384,3257
7.322499999999991,-1598,-2062,578,3257
7.323125000000118,-82,-1148,312,3257
7.323750000000018,-316,-784,266,3257
7.324374999999918,878,574,242,3257
7.3250000000000455,788,846,362,3257
7.325624999999945,1606,1856,36,3257
7.326250000000073,936,1388,-42,3257
7.326874999999973,1694,2416,144,3257
7.3275000000001,720,1240,276,3257
7.328125,108,672,712,3257
7.328750000000127,-674,-1054,464,3257
7.329375000000027,-518,-1308,462,3257
7.329999999999927,-1840,-2732,492,3257
7.330625000000055,-1148,-2568,230,3257
7.3312499999999545,-936,-2832,132,3257
7.331875000000082,-1340,-2812,158,3257
7.332499999999982,-372,-1684,-8,3257
7.333125000000109,640,-120,304,3257
7.333750000000009,1232,1156,-54,3257
7.334374999999909,598,1360,128,3257
7.335000000000036,1718,2948,238,3247
7.335624999999936,1558,3008,240,3247
7.336250000000064,970,2900,132,3247
7.336874999999964,-120,1536,294,3247
7.337500000000091,0,1052,30,3247
7.338124999999991,-1256,-320,384,3247
7.338750000000118,-1634,-1210,584,3247
7.339375000000018,-1302,-1836,418,3247
7.339999999999918,-1434,-2042,274,3247
7.3406250000000455,-992,-2026,452,3247
7.341249999999945,-796,-1664,310,3247
7.341875000000073,676,44,396,3247
7.342499999999973,766,654,-18,3247
7.3431250000001,1872,2410,428,3247
7.34375,1392,1460,-192,3247
7.344375000000127,1844,2954,254,3247
7.345000000000027,882,1450,30,3247
7.345624999999927,868,1422,326,3247
7.346250000000055,-528,-562,508,3247
7.3468749999999545,-986,-1332,672,3247
7.347500000000082,-864,-2116,452,3247
7.348124999999982,-1316,-2628,212,3247
7.348750000000109,-1426,-2688,284,3247
7.349375000000009,-848,-2218,320,3247
7.349999999999909,76,-1446,-84,3247
7.350625000000036,-186,-1144,-98,3247
7.351249999999936,836,666,180,3247
7.351875000000064,1122,1354,152,3247
7.352499999999964,1530,2404,118,3247
7.353125000000091,762,2120,326,3249
7.353749999999991,1280,2862,316,3249
7.354375000000118,96,1598,224,3249
7.355000000000018,-114,1554,316,3249
7.355624999999918,-690,176,112,3249
7.3562500000000455,-1454,-1224,192,3249
7.356874999999945,-1818,-1908,392,3249
7.357500000000073,-1488,-1664,614,3249
7.358124999999973,-914,-1996,434,3249
7.3587500000001,-980,-1938,164,3249
7.359375,164,58,562,3249
7.360000000000127,428,-64,412,3249
7.360625000000027,1280,1176,142,3249
7.361249999999927,1634,2170,98,3249
7.361875000000055,1622,2244,-52,3249
7.3624999999999545,828,1256,232,3249
7.363125000000082,834,1298,170,3249
7.363749999999982,-372,58,788,3249
7.364375000000109,-212,-816,256,3249
7.365000000000009,-874,-1558,416,3249
7.365624999999909,-1580,-2456,742,3249
7.366250000000036,-1274,-3548,30,3249
7.366874999999936,-1408,-3130,-116,3249
7.367500000000064,-542,-1556,462,3249
7.368124999999964,-76,-1288,68,3249
7.368750000000091,1108,236,-118,3249
7.369374999999991,414,458,150,3249
7.370000000000118,1462,2078,112,3249
7.370625000000018,1408,2458,334,3249
7.371249999999918,1436,3492,220,3248
7.3718750000000455,512,2260,80,3248
7.372499999999945,312,1500,232,3248
7.373125000000073,-852,186,202,3248
7.373749999999973,-1524,-256,388,3248
7.3743750000001,-896,-808,442,3248
7.375,-1330,-1872,114,3248
7.375625000000127,-1890,-2472,398,3248
7.376250000000027,-1382,-2094,576,3248
7.376874999999927,170,-856,210,3248
7.377500000000055,-72,-366,224,3248
7.3781249999999545,1554,1608,266,3248
7.378750000000082,1328,1524,296,3248
7.379374999999982,1674,2084,46,3248
7.380000000000109,1120,1926,128,3248
7.380625000000009,1568,2494,176,3248
7.381249999999909,326,736,250,3248
7.381875000000036,-268,258,792,3248
7.382499999999936,-960,-1602,436,3248
7.383125000000064,-1132,-2350,294,3248
7.383749999999964,-1908,-3098,650,3248
7.384375000000091,-1358,-3072,128,3248
7.384999999999991,-970,-3030,146,3248
7.385625000000118,-1106,-2668,154,3248
7.386250000000018,-10,-760,-48,3248
7.386874999999918,808,468,406,3248
7.3875000000000455,1662,1904,-38,3248
7.388124999999945,1036,1998,116,3265
7.388750000000073,1236,2674,380,3265
7.389374999999973,1186,2464,244,3265
7.3900000000001,536,2468,282,3265
7.390625,-484,988,402,3265
7.391250000000127,-574,2,-154,3265
7.391875000000027,-1438,-862,344,3265
7.392499999999927,-2188,-1992,674,3265
7.393125000000055,-1046,-1788,334,3265
7.3937499999999545,-1004,-1590,126,3265
7.394375000000082,-754,-1538,540,3265
7.394999999999982,-396,-1228,220,3265
7.395625000000109,896,698,490,3265
7.396250000000009,1006,1094,94,3265
7.396874999999909,1902,2672,390,3265
7.397500000000036,1768,2104,-140,3265
7.398124999999936,1054,2050,336,3265
7.398750000000064,396,766,48,3265
7.399374999999964,456,928,398,3265
7.400000000000091,-510,-726,634,3265
7.400624999999991,-1008,-1428,574,3265
7.401250000000118,-1156,-2666,442,3265
7.401875000000018,-1772,-3474,34,3265
7.402499999999918,-964,-2184,230,3265
7.4031250000000455,-590,-1682,338,3265
7.403749999999945,422,-1044,-194,3265
7.404375000000073,70,-710,-142,3265
7.404999999999973,962,1190,324,3265
7.4056250000001,942,1230,144,3265
7.40625,1672,2812,160,3280
7.406875000000127,996,2674,478,3280
7.407500000000027,582,1986,316,3280
7.408124999999927,-286,948,212,3280
7.408750000000055,-350,1126,380,3280
7.4093749999999545,-1124,-468,84,3280
7.410000000000082,-1516,-1774,74,3280
7.410624999999982,-1534,-1652,412,3280
7.411250000000109,-1372,-1546,604,3280
7.411875000000009,-810,-2060,324,3280
7.412499999999909,-82,-1014,114,3280
7.413125000000036,374,536,460,3280
7.413749999999936,678,472,426,3280
7.414375000000064,1738,1784,8,3280
7.414999999999964,1464,2240,156,3280
7.415625000000091,1762,2614,44,3280
7.416249999999991,776,1372,370,3280
7.416875000000118,738,1362,102,3280
7.417500000000018,-610,-252,858,3280
7.418124999999918,-460,-1128,372,3280
7.4187500000000455,-1216,-2214,368,3280
7.419374999999945,-1440,-2724,604,3280
7.420000000000073,-1250,-3450,94,3280
7.420624999999973,-1234,-2954,-164,3280
7.4212500000001,-366,-1492,408,3280
7.421875,376,-710,68,3280
7.422500000000127,1296,826,-136,3280
7.423125000000027,630,946,136,3280
7.423749999999927,2042,3032,48,3280
7.424375000000055,1288,2650,384,3280
7.4249999999999545,930,2876,336,3279
7.425625000000082,186,1736,118,3279
7.426249999999982,26,1408,416,3279
7.426875000000109,-1284,-602,208,3279
7.427500000000009,-1456,-692,268,3279
7.428124999999909,-1120,-1362,416,3279
7.428750000000036,-1488,-2240,160,3279
7.429374999999936,-1134,-1660,318,3279
7.430000000000064,-794,-1098,520,3279
7.430624999999964,646,-42,236,3279
7.431250000000091,718,746,238,3279
7.431874999999991,1504,1794,162,3279
7.432500000000118,968,1496,438,3279
7.433125000000018,1980,2714,28,3279
7.433749999999918,724,1644,118,3279
7.4343750000000455,746,1304,302,3279
7.434999999999945,-232,-194,254,3279
7.435625000000073,-570,-334,772,3279
7.436249999999973,-1222,-2280,392,3279
7.4368750000001,-1164,-2396,328,3279
7.4375,-1388,-2656,520,3279
7.438125000000127,-1134,-2830,216,3279
7.438750000000027,-26,-1944,-40,3279
7.439374999999927,-628,-1590,196,3279
7.440000000000055,438,-34,-60,3279
7.4406249999999545,1400,1346,310,3279
7.441250000000082,1386,1856,2,3279
7.441874999999982,644,1616,76,3279
7.442500000000109,1032,2474,352,3269
7.443125000000009,918,2440,394,3269
7.443749999999909,-34,1634,218,3269
7.444375000000036,-694,432,400,3269
7.444999999999936,-768,-536,-10,3269
7.445625000000064,-1704,-1542,280,3269
7.446249999999964,-1784,-1780,474,3269
7.446875000000091,-654,-1316,434,3269
7.447499999999991,-894,-1542,38,3269
7.448125000000118,-8,-576,428,3269
7.448750000000018,20,-544,258,3269
7.449374999999918,1076,1138,482,3269
7.4500000000000455,1270,1612,84,3269
7.450624999999945,2144,3446,378,3269
7.451250000000073,1294,1730,-86,3269
7.451874999999973,864,1724,290,3269
7.4525000000001,334,826,88,3269
7.453125,26,250,334,3269
7.453750000000127,-958,-1378,622,3269
7.454375000000027,-1398,-2092,656,3269
7.454999999999927,-1344,-3250,366,3269
7.455625000000055,-1764,-3724,90,3269
7.4562499999999545,-880,-2170,262,3269
7.456875000000082,-488,-1638,318,3269
7.457499999999982,1058,-192,-256,3269
7.458125000000109,632,286,-46,3269
7.458750000000009,1250,1744,270,3269
7.459374999999909,1252,1828,120,3269
7.460000000000036,1808,3424,204,3269
7.460624999999936,910,2878,472,3271
7.461250000000064,464,1760,318,3271
7.461874999999964,-640,542,184,3271
7.462500000000091,-976,278,378,3271
7.463124999999991,-1424,-1168,106,3271
7.463750000000118,-1740,-2164,72,3271
7.464375000000018,-1634,-2076,462,3271
7.464999999999918,-1548,-1972,618,3271
7.4656250000000455,-370,-1712,214,3271
7.466249999999945,88,-484,134,3271
7.466875000000073,850,1108,590,3271
7.467499999999973,1328,1308,260,3271
7.4681250000001,1474,1954,166,3271
7.46875,1236,2098,226,3271
7.469375000000127,1408,2326,8,3271
7.470000000000027,428,888,360,3271
7.470624999999927,-28,192,240,3271
7.471250000000055,-1012,-1174,646,3271
7.4718749999999545,-1182,-2276,332,3271
7.472500000000082,-984,-2132,372,3271
7.473124999999982,-1122,-2410,418,3271
7.473750000000109,-960,-3078,52,3271
7.474375000000009,-884,-2612,-114,3271
7.474999999999909,200,-458,302,3271
7.475625000000036,662,90,150,3271
7.476249999999936,1398,1328,-26,3271
7.476875000000064,984,1694,158,3271
7.477499999999964,1474,2626,258,3271
7.478125000000091,758,1916,328,3271
7.478749999999991,552,2348,358,3270
7.479375000000118,-202,1340,260,3270
7.480000000000018,-566,96,210,3270
7.480624999999918,-1364,-1136,142,3270
7.4812500000000455,-1680,-1206,322,3270
7.481874999999945,-1504,-2166,190,3270
7.482500000000073,-1116,-1998,132,3270
7.483124999999973,-628,-1170,310,3270
7.4837500000001,-418,-700,384,3270
7.484375,1152,786,220,3270
7.485000000000127,712,1156,440,3270
7.485625000000027,1844,2436,184,3270
7.486249999999927,1096,1974,532,3270
7.486875000000055,1394,2212,224,3270
7.4874999999999545,330,914,86,3270
7.488125000000082,364,856,430,3270
7.488749999999982,-576,-800,160,3270
7.489375000000109,-1104,-1354,666,3270
7.490000000000009,-1174,-2560,426,3270
7.490624999999909,-1224,-2722,256,3270
7.491250000000036,-1536,-2902,442,3270
7.491874999999936,-398,-2076,92,3270
7.492500000000064,334,-1258,-100,3270
7.493124999999964,-224,-1052,-34,3270
7.493750000000091,836,828,176,3270
7.494374999999991,1622,1936,306,3270
7.495000000000118,1556,2404,102,3270
7.495625000000018,694,1912,230,3270
7.496249999999918,968,2484,386,3270
7.4968750000000455,336,1730,544,3270
7.497499999999945,-486,882,248,3270
7.498125000000073,-858,-228,232,3270
7.498749999999973,-1138,-1172,-48,3270
7.4993750000001,-1772,-1772,328,3270
7.5,-1708,-2088,254,3270
7.500625000000127,-530,-1216,450,3270
7.501250000000027,-760,-1390,-14,3270
7.501874999999927,504,270,346,3270
7.502500000000055,480,126,308,3270
7.5031249999999545,1432,1812,452,3270
7.503750000000082,1502,2192,118,3270
7.504374999999982,2108,3628,498,3270
7.505000000000109,1204,1638,-50,3270
7.505625000000009,500,1398,414,3270
7.506249999999909,-178,102,226,3270
7.506875000000036,-454,-604,318,3270
7.507499999999936,-1220,-1942,616,3270
7.508125000000064,-1556,-2524,592,3270
7.508749999999964,-1116,-3248,218,3270
7.509375000000091,-1560,-3570,-6,3270
7.509999999999991,-548,-1792,146,3270
7.510625000000118,-258,-1338,192,3270
7.511250000000018,1272,294,-260,3270
7.511874999999918,928,864,38,3270
7.5125000000000455,1452,2250,328,3270
7.513124999999945,1318,2156,300,3270
7.513750000000073,1632,3336,290,3285
7.514374999999973,622,2492,512,3285
7.5150000000001,138,1366,434,3285
7.515625,-838,304,324,3285
7.516250000000127,-1226,-236,280,3285
7.516875000000027,-1474,-1410,136,3285
7.517499999999927,-1710,-2298,134,3285
7.518125000000055,-1668,-2250,346,3285
7.5187499999999545,-1294,-1858,452,3285
7.519375000000082,-88,-942,204,3285
7.519999999999982,238,-208,48,3285
7.520625000000109,1282,1954,560,3285
7.521250000000009,1294,1472,304,3285
7.521874999999909,1426,1908,202,3285
7.522500000000036,1246,2200,380,3285
7.523124999999936,1464,2334,80,3285
7.523750000000064,374,910,488,3285
7.524374999999964,-132,-102,214,3285
7.525000000000091,-1092,-1258,636,3285
7.525624999999991,-1344,-2422,368,3285
7.526250000000118,-996,-2318,408,3285
7.526875000000018,-1048,-2456,368,3285
7.527499999999918,-1122,-3244,80,3285
7.5281250000000455,-920,-2922,-308,3285
7.528749999999945,104,-486,312,3285
7.529375000000073,766,216,146,3285
7.529999999999973,1426,1376,-98,3285
7.5306250000001,1056,1678,86,3285
7.53125,1468,2720,346,3285
7.531875000000127,900,1982,284,3285
7.532500000000027,800,2560,348,3270
7.533124999999927,-14,1624,352,3270
7.533750000000055,-436,406,224,3270
7.5343749999999545,-1362,-1042,222,3270
7.535000000000082,-1718,-1142,366,3270
7.535624999999982,-1238,-1726,266,3270
7.536250000000109,-1140,-2006,32,3270
7.536875000000009,-806,-1428,246,3270
7.537499999999909,-608,-1026,256,3270
7.538125000000036,828,512,308,3270
7.538749999999936,632,812,316,3270
7.539375000000064,1770,2308,166,3270
7.539999999999964,1266,2068,598,3270
7.540625000000091,1468,2208,160,3270
7.541249999999991,394,964,90,3270
7.541875000000118,644,1158,412,3270
7.542500000000018,-472,-484,192,3270
7.543124999999918,-968,-1122,686,3270
7.5437500000000455,-1240,-2378,550,3270
7.544374999999945,-1192,-2642,342,3270
7.545000000000073,-1602,-2998,406,3270
7.545624999999973,-660,-2328,120,3270
7.5462500000001,114,-1620,-154,3270
7.546875,-426,-1268,0,3270
7.547500000000127,666,548,110,3270
7.548125000000027,1584,1766,284,3270
7.548749999999927,1556,2212,44,3270
7.549375000000055,724,1826,222,3270
7.5499999999999545,1026,2534,384,3257
7.550625000000082,590,1966,524,3257
7.551249999999982,-148,1272,266,3257
7.551875000000109,-808,110,330,3257
7.552500000000009,-942,-816,-36,3257
7.553124999999909,-1590,-1504,294,3257
7.553750000000036,-1710,-1886,380,3257
7.554374999999936,-602,-1276,362,3257
7.555000000000064,-898,-1500,-10,3257
7.555624999999964,278,-256,262,3257
7.556250000000091,278,-174,248,3257
7.556874999999991,1246,1500,464,3257
7.557500000000118,1400,1920,80,3257
7.558125000000018,2194,3594,508,3257
7.558749999999918,1356,1728,-90,3257
7.5593750000000455,644,1616,416,3257
7.559999999999945,142,538,186,3257
7.560625000000073,-142,-60,356,3257
7.561249999999973,-1060,-1608,634,3257
7.5618750000001,-1482,-2236,648,3257
7.5625,-1240,-3288,332,3257
7.563125000000127,-1602,-3674,22,3257
7.563750000000027,-816,-2108,124,3257
7.564374999999927,-312,-1422,204,3257
7.565000000000055,1076,48,-248,3257
7.5656249999999545,692,512,-12,3257
7.566250000000082,1268,1910,312,3257
7.566874999999982,1304,1954,212,3257
7.567500000000109,1686,3308,258,3257
7.568125000000009,832,2694,506,3258
7.568749999999909,350,1628,354,3258
7.569375000000036,-616,542,228,3258
7.569999999999936,-1020,204,364,3258
7.570625000000064,-1356,-1184,162,3258
7.571249999999964,-1678,-2238,62,3258
7.571875000000091,-1728,-2076,448,3258
7.572499999999991,-1530,-1982,594,3258
7.573125000000118,-396,-1772,108,3258
7.573750000000018,80,-614,0,3258
7.574374999999918,736,1008,688,3258
7.5750000000000455,1298,1116,144,3258
7.575624999999945,1414,1878,316,3258
7.576250000000073,1276,2012,240,3258
7.576874999999973,1414,2324,102,3258
7.5775000000001,626,1042,454,3258
7.578125,148,368,208,3258
7.578750000000127,-818,-762,714,3258
7.579375000000027,-1068,-2006,300,3258
7.579999999999927,-934,-1962,374,3258
7.580625000000055,-1174,-2358,436,3258
7.5812499999999545,-1166,-3144,144,3258
7.581875000000082,-1208,-3132,-302,3258
7.582499999999982,-180,-944,388,3258
7.583125000000109,472,-244,216,3258
7.583750000000009,1172,870,-86,3258
7.584374999999909,856,1282,116,3258
7.585000000000036,1470,2640,332,3258
7.585624999999936,1038,2024,208,3258
7.586250000000064,936,2704,306,3257
7.586874999999964,252,2014,232,3257
7.587500000000091,-234,832,262,3257
7.588124999999991,-1118,-514,216,3257
7.588750000000118,-1648,-766,394,3257
7.589375000000018,-1268,-1494,346,3257
7.589999999999918,-1376,-2222,110,3257
7.5906250000000455,-1202,-1866,270,3257
7.591249999999945,-920,-1346,416,3257
7.591875000000073,444,-522,186,3257
7.592499999999973,528,454,288,3257
7.5931250000001,1456,1686,216,3257
7.59375,936,1380,480,3257
7.594375000000127,2108,2726,74,3257
7.595000000000027,902,1682,102,3257
7.595624999999927,1084,1710,312,3257
7.596250000000055,0,242,230,3257
7.5968749999999545,-530,-76,806,3257
7.597500000000082,-896,-1700,508,3257
7.598124999999982,-930,-2084,376,3257
7.598750000000109,-1634,-2630,548,3257
7.599375000000009,-1218,-2894,80,3257
7.599999999999909,-440,-2256,-18,3257
7.600625000000036,-856,-2104,-46,3257
7.601249999999936,-12,-532,200,3257
7.601875000000064,950,466,144,3257
7.602499999999964,1292,1438,42,3257
7.603125000000091,708,1366,176,3257
7.603749999999991,1240,2526,326,3257
7.604375000000118,1432,2854,460,3257
7.605000000000018,538,2540,258,3257
7.605624999999918,-346,1076,210,3257
7.6062500000000455,-412,266,4,3257
7.606874999999945,-1498,-756,372,3257
7.607500000000073,-1564,-1384,376,3257
7.608124999999973,-970,-1326,528,3257
7.6087500000001,-1082,-1678,148,3257
7.609375,-934,-1814,250,3257
7.610000000000127,-628,-1326,418,3257
7.610625000000027,712,200,402,3257
7.611249999999927,788,820,68,3257
7.611875000000055,1998,2638,360,3257
7.6124999999999545,1376,1428,-220,3257
7.613125000000082,1102,1816,398,3257
7.613749999999982,830,1298,102,3257
7.614375000000109,1074,1658,284,3257
7.615000000000009,-402,-292,644,3257
7.615624999999909,-768,-940,724,3257
7.616250000000036,-1152,-2444,318,3257
7.616874999999936,-1710,-3182,98,3257
7.617500000000064,-1314,-2492,248,3257
7.618124999999964,-918,-2242,204,3257
7.618750000000091,-412,-2182,-92,3257
7.619374999999991,-644,-1814,-38,3257
7.620000000000118,564,202,332,3257
7.620625000000018,804,590,136,3257
7.621249999999918,1614,2530,248,3272
7.6218750000000455,1202,2520,252,3272
7.622499999999945,1140,2646,290,3272
7.623125000000073,294,1710,180,3272
7.623749999999973,358,2392,340,3272
7.6243750000001,-416,834,226,3272
7.625,-1040,-776,146,3272
7.625625000000127,-1452,-1100,396,3272
7.626250000000027,-1344,-1156,694,3272
7.626874999999927,-1438,-2612,238,3272
7.627500000000055,-1012,-2026,62,3272
7.6281249999999545,-406,-594,678,3272
7.628750000000082,-34,-788,184,3272
7.629374999999982,924,166,156,3272
7.630000000000109,1394,1404,162,3272
7.630625000000009,1742,2102,-44,3272
7.631249999999909,1100,1362,356,3272
7.631875000000036,1684,2462,128,3272
7.632499999999936,540,1298,642,3272
7.633125000000064,474,480,278,3272
7.633749999999964,-564,-700,482,3272
7.634375000000091,-1034,-1470,682,3272
7.634999999999991,-1432,-2880,220,3272
7.635625000000118,-1360,-2972,-298,3272
7.636250000000018,-1278,-2400,462,3272
7.636874999999918,-644,-2026,192,3272
7.6375000000000455,-28,-1584,-78,3272
7.638124999999945,-284,-1060,4,3272
7.638750000000073,1178,1244,230,3272
7.639374999999973,1334,1600,158,3272
7.6400000000001,1696,3066,150,3271
7.640625,960,2626,276,3271
7.641250000000127,1240,2826,194,3271
7.641875000000027,382,1928,58,3271
7.642499999999927,-212,2142,490,3271
7.643125000000055,-352,704,384,3271
7.6437499999999545,-1028,-834,216,3271
7.644375000000082,-2060,-2192,348,3271
7.644999999999982,-1722,-2128,520,3271
7.645625000000109,-656,-1804,254,3271
7.646250000000009,-1280,-1906,436,3271
7.646874999999909,212,-704,180,3271
7.647500000000036,52,-416,430,3271
7.648124999999936,1250,678,-56,3271
7.648750000000064,1064,1170,-80,3271
7.649374999999964,2288,2864,166,3271
7.650000000000091,1330,1818,140,3271
7.650624999999991,1068,2104,702,3271
7.651250000000118,382,668,614,3271
7.651875000000018,252,140,458,3271
7.652499999999918,-1328,-1360,564,3271
7.6531250000000455,-1046,-1822,182,3271
7.653749999999945,-1670,-3232,200,3271
7.654375000000073,-1896,-3640,-62,3271
7.654999999999973,-1124,-2294,192,3271
7.6556250000001,-424,-1582,266,3271
7.65625,352,-702,42,3271
7.656875000000127,236,-48,108,3271
7.657500000000027,1032,1422,252,3258
7.658124999999927,1754,2396,294,3258
7.658750000000055,1576,3396,88,3258
7.6593749999999545,710,2592,122,3258
7.660000000000082,734,2338,-34,3258
7.660624999999982,-198,1298,318,3258
7.661250000000109,-824,398,560,3258
7.661875000000009,-702,-242,620,3258
7.662499999999909,-1174,-1198,260,3258
7.663125000000036,-1624,-2024,338,3258
7.663749999999936,-1788,-2512,498,3258
7.664375000000064,-142,-1298,400,3258
7.664999999999964,-206,-882,2,3258
7.665625000000091,568,6,350,3258
7.666249999999991,1022,230,-246,3258
7.666875000000118,1342,1666,350,3258
7.667500000000018,1120,1338,64,3258
7.668124999999918,2128,2712,170,3258
7.6687500000000455,648,1054,550,3258
7.669374999999945,148,620,616,3258
7.670000000000073,-396,-732,396,3258
7.670624999999973,-716,-1380,168,3258
7.6712500000001,-1250,-1990,266,3258
7.671875,-1272,-2248,256,3258
7.672500000000127,-758,-2400,50,3258
7.673125000000027,-1384,-2792,28,3258
7.673749999999927,-512,-1624,242,3258
7.674375000000055,80,-732,216,3258
7.6749999999999545,1036,922,124,3269
7.675625000000082,616,1246,242,3269
7.676249999999982,1674,2890,202,3269
7.676875000000109,1072,2426,34,3269
7.677500000000009,1216,3392,278,3269
7.678124999999909,456,2212,216,3269
7.678750000000036,-300,806,188,3269
7.679374999999936,-894,84,448,3269
7.680000000000064,-1026,-238,758,3269
7.680624999999964,-1438,-1998,306,3269
7.681250000000091,-1448,-2196,178,3269
7.681874999999991,-1172,-1528,646,3269
7.682500000000118,-816,-1770,302,3269
7.683125000000018,98,-1228,156,3269
7.683749999999918,834,220,144,3269
7.6843750000000455,1356,1190,-134,3269
7.684999999999945,886,936,388,3269
7.685625000000073,1874,2322,50,3269
7.686249999999973,1150,1900,512,3269
7.6868750000001,1102,1334,224,3269
7.6875,-64,180,490,3269
7.688125000000127,-462,-264,756,3269
7.688750000000027,-1090,-2088,258,3269
7.689374999999927,-1210,-2422,-242,3269
7.690000000000055,-1450,-2308,512,3269
7.6906249999999545,-1430,-2828,320,3269
7.691250000000082,-694,-2560,-46,3269
7.691874999999982,-818,-1920,28,3269
7.692500000000109,708,280,162,3269
7.693125000000009,782,430,56,3269
7.693749999999909,1554,2320,222,3267
7.694375000000036,956,2210,152,3267
7.694999999999936,1408,2804,86,3267
7.695625000000064,846,2446,-16,3267
7.696249999999964,286,2750,366,3267
7.696875000000091,112,1426,360,3267
7.697499999999991,-644,-76,264,3267
7.698125000000118,-1820,-1542,356,3267
7.698750000000018,-1668,-1730,524,3267
7.699374999999918,-870,-1744,432,3267
7.7000000000000455,-1664,-2344,418,3267
7.700624999999945,-332,-1456,270,3267
7.701250000000073,-512,-1234,486,3267
7.701874999999973,866,-138,-118,3267
7.7025000000001,774,536,-46,3267
7.703125,2196,2402,68,3267
7.703750000000127,1414,1816,46,3267
7.704375000000027,1326,2264,664,3267
7.704999999999927,792,1174,592,3267
7.705625000000055,806,868,370,3267
7.7062499999999545,-832,-518,524,3267
7.706875000000082,-792,-1032,346,3267
7.707499999999982,-1540,-2770,186,3267
7.708125000000109,-1876,-3298,-18,3267
7.708750000000009,-1610,-2816,298,3267
7.709374999999909,-928,-2420,270,3267
7.710000000000036,-372,-1852,112,3267
7.710624999999936,-326,-1022,172,3267
7.711250000000064,946,1024,256,3267
7.711874999999964,1634,2064,320,3267
7.712500000000091,1694,3040,-18,3267
7.713124999999991,932,2726,72,3267
7.713750000000118,1474,3326,-44,3267
7.714375000000018,466,2306,258,3267
7.714999999999918,-204,1488,502,3267
7.7156250000000455,-586,292,640,3267
7.716249999999945,-1216,-934,364,3267
7.716875000000073,-1678,-1980,306,3267
7.717499999999973,-1820,-2196,638,3267
7.7181250000001,-972,-2468,394,3267
7.71875,-636,-1660,88,3267
7.719375000000127,96,-776,346,3267
7.720000000000027,484,-386,-194,3267
7.720624999999927,1160,1184,312,3267
7.721250000000055,1054,1044,-8,3267
7.7218749999999545,1972,2348,244,3267
7.722500000000082,966,1216,384,3267
7.723124999999982,428,1102,606,3267
7.723750000000109,-40,-66,426,3267
7.724375000000009,98,-272,160,3267
7.724999999999909,-1296,-1618,220,3267
7.725625000000036,-1406,-2212,340,3267
7.726249999999936,-1000,-2412,128,3267
7.726875000000064,-1418,-2794,0,3267
7.727499999999964,-1034,-2322,334,3267
7.728125000000091,-158,-1250,188,3267
7.728749999999991,630,154,120,3267
7.729375000000118,140,408,296,3265
7.730000000000018,1536,2258,72,3265
7.730624999999918,1406,2536,78,3265
7.7312500000000455,1294,3200,202,3265
7.731874999999945,640,2308,128,3265
7.732500000000073,440,1768,210,3265
7.733124999999973,-614,752,398,3265
7.7337500000001,-658,458,662,3265
7.734375,-1064,-1202,384,3265
7.735000000000127,-1632,-1976,300,3265
7.735625000000027,-1666,-2174,640,3265
7.736249999999927,-1094,-2110,294,3265
7.736875000000055,-386,-1584,342,3265
7.7374999999999545,-238,-1192,192,3265
7.738125000000082,1086,374,-102,3265
7.738749999999982,686,382,314,3265
7.739375000000109,1544,1484,-62,3265
7.740000000000009,1504,2056,448,3265
7.740624999999909,1370,1600,326,3265
7.741250000000036,334,662,394,3265
7.741874999999936,-18,378,724,3265
7.742500000000064,-520,-1034,334,3265
7.743124999999964,-740,-1560,-166,3265
7.743750000000091,-1276,-1680,488,3265
7.744374999999991,-1216,-2252,288,3265
7.745000000000118,-1642,-3308,148,3265
7.745625000000018,-1364,-2612,32,3265
7.746249999999918,-154,-926,194,3265
7.7468750000000455,170,-592,140,3265
7.747499999999945,758,638,176,3264
7.748125000000073,962,1618,76,3264
7.748749999999973,1424,2352,56,3264
7.7493750000001,1060,2312,-84,3264
7.75,1344,3796,290,3264
7.750625000000127,750,2500,436,3264
7.751250000000027,120,1232,248,3264
7.751874999999927,-996,-92,374,3264
7.752500000000055,-790,-84,662,3264
7.7531249999999545,-748,-1104,318,3264
7.753750000000082,-1644,-1876,554,3264
7.754374999999982,-1272,-2220,294,3264
7.755000000000109,-1420,-2290,486,3264
7.755625000000009,18,-1440,-48,3264
7.756249999999909,-34,-666,-50,3264
7.756875000000036,1334,762,60,3264
7.757499999999936,958,646,42,3264
7.758125000000064,1402,1954,608,3264
7.758749999999964,1008,1170,472,3264
7.759375000000091,1840,1904,266,3264
7.759999999999991,80,916,434,3264
7.760625000000118,-42,470,456,3264
7.761250000000018,-890,-1458,216,3264
7.761874999999918,-952,-1724,60,3264
7.7625000000000455,-1834,-2536,320,3264
7.763124999999945,-1356,-2626,400,3264
7.763750000000073,-732,-2168,150,3264
7.764374999999973,-1150,-1890,188,3264
7.7650000000001,-140,-978,220,3250
7.765625,1024,542,184,3250
7.766250000000127,1036,1632,-64,3250
7.766875000000027,506,1728,8,3250
7.767499999999927,1908,3264,-86,3250
7.768125000000055,1218,2826,242,3250
7.7687499999999545,572,2598,490,3250
7.769375000000082,338,1580,678,3250
7.769999999999982,40,1120,332,3250
7.770625000000109,-1272,-576,398,3250
7.771250000000009,-1520,-1188,714,3250
7.771874999999909,-932,-1880,498,3250
7.772500000000036,-1614,-2662,132,3250
7.773124999999936,-1150,-2528,380,3250
7.773750000000064,-618,-2104,-254,3250
7.774374999999964,552,-264,250,3250
7.775000000000091,514,-252,-100,3250
7.775624999999991,1848,1528,144,3250
7.776250000000118,958,718,236,3250
7.776875000000018,1460,2240,612,3250
7.777499999999918,998,1328,448,3250
7.7781250000000455,1056,1436,140,3250
7.778749999999945,-224,60,212,3250
7.779375000000073,-730,-438,570,3250
7.779999999999973,-1000,-1840,190,3250
7.7806250000001,-1770,-2778,140,3250
7.78125,-1510,-2516,386,3250
7.781875000000127,-1428,-2662,230,3250
7.782500000000027,-448,-1830,102,3250
7.783124999999927,-910,-1614,174,3248
7.783750000000055,520,304,56,3248
7.7843749999999545,904,1084,8,3248
7.785000000000082,1944,3256,-48,3248
7.785624999999982,1420,3044,120,3248
7.786250000000109,1410,2998,114,3248
7.786875000000009,976,2814,268,3248
7.787499999999909,718,2760,696,3248
7.788125000000036,-258,812,506,3248
7.788749999999936,-842,-232,402,3248
7.789375000000064,-1604,-1246,874,3248
7.789999999999964,-1544,-2196,374,3248
7.790625000000091,-1040,-2180,414,3248
7.791249999999991,-960,-2024,214,3248
7.791875000000118,4,-1318,-222,3248
7.792500000000018,-270,-1272,116,3248
7.793124999999918,766,-38,-28,3248
7.7937500000000455,1060,740,320,3248
7.794374999999945,1990,1972,216,3248
7.795000000000073,916,1102,384,3248
7.795624999999973,802,1384,578,3248
7.7962500000001,612,864,370,3248
7.796875,464,604,-56,3248
7.797500000000127,-728,-410,384,3248
7.798125000000027,-888,-1074,440,3248
7.798749999999927,-1462,-2330,352,3248
7.799375000000055,-1768,-2914,4,3248
7.7999999999999545,-894,-1828,312,3248
7.800625000000082,-640,-1684,192,3248
7.801249999999982,-256,-1124,72,3246
7.801875000000109,-140,-216,64,3246
7.802500000000009,1018,1396,54,3246
7.803124999999909,1074,1722,-320,3246
7.803750000000036,1522,3420,232,3246
7.804374999999936,1470,3182,314,3246
7.805000000000064,944,2572,368,3246
7.805624999999964,-76,1280,270,3246
7.806250000000091,252,1676,760,3246
7.806874999999991,-492,-262,462,3246
7.807500000000118,-1586,-1588,572,3246
7.808125000000018,-1312,-1832,386,3246
7.808749999999918,-1364,-1964,552,3246
7.8093750000000455,-990,-2868,-72,3246
7.809999999999945,-758,-1830,-56,3246
7.810625000000073,664,-450,-6,3246
7.811249999999973,78,-666,16,3246
7.8118750000001,1496,1438,432,3246
7.8125,1126,1128,482,3246
7.813125000000127,2060,1974,226,3246
7.813750000000027,584,1218,204,3246
7.814374999999927,704,1648,434,3246
7.815000000000055,-308,-244,378,3246
7.8156249999999545,-556,-794,10,3246
7.816250000000082,-1194,-1250,374,3246
7.816874999999982,-1442,-2162,530,3246
7.817500000000109,-1150,-2264,286,3246
7.818125000000009,-1508,-2238,260,3246
7.818749999999909,-712,-1600,254,3237
7.819375000000036,-14,-1038,80,3237
7.819999999999936,640,620,-60,3237
7.820625000000064,238,924,-78,3237
7.821249999999964,1472,2314,-168,3237
7.821875000000091,1686,3048,236,3237
7.822499999999991,1114,3020,340,3237
7.823125000000118,840,2308,632,3237
7.823750000000018,696,1978,408,3237
7.824374999999918,-614,540,388,3237
7.8250000000000455,-898,-136,698,3237
7.825624999999945,-650,-1078,658,3237
7.826250000000073,-1420,-2112,188,3237
7.826874999999973,-1696,-2906,420,3237
7.8275000000001,-1068,-2508,-132,3237
7.828125,0,-940,304,3237
7.828750000000127,-178,-1336,-186,3237
7.829375000000027,1286,574,128,3237
7.829999999999927,782,152,258,3237
7.830625000000055,1408,1604,416,3237
7.8312499999999545,1638,1840,330,3237
7.831875000000082,1790,2446,88,3237
7.832499999999982,308,874,134,3237
7.833125000000109,-168,506,620,3237
7.833750000000009,-450,-544,234,3237
7.834374999999909,-1480,-1812,224,3237
7.835000000000036,-1394,-1902,430,3237
7.835624999999936,-1218,-2176,268,3237
7.836250000000064,-1376,-2624,330,3237
7.836874999999964,-1724,-2656,226,3236
7.837500000000091,-40,-646,10,3236
7.838124999999991,512,290,20,3236
7.838750000000118,1204,1790,-42,3236
7.839375000000018,1016,2070,-42,3236
7.839999999999918,1434,2760,188,3236
7.8406250000000455,1166,2662,178,3236
7.841249999999945,1452,3502,540,3236
7.841875000000073,562,1952,424,3236
7.842499999999973,-222,848,480,3236
7.8431250000001,-1170,-362,776,3236
7.84375,-984,-1028,536,3236
7.844375000000127,-1608,-2702,560,3236
7.845000000000027,-1284,-2406,160,3236
7.845624999999927,-736,-2200,-40,3236
7.846250000000055,-914,-2164,108,3236
7.8468749999999545,44,-1450,0,3236
7.847500000000082,604,-156,404,3236
7.848124999999982,1488,826,126,3236
7.848750000000109,1106,1064,256,3236
7.849375000000009,1406,2216,614,3236
7.849999999999909,1118,1438,154,3236
7.850625000000036,1186,1624,-72,3236
7.851249999999936,-386,378,444,3236
7.851875000000064,-460,-290,444,3236
7.852499999999964,-1326,-1756,326,3236
7.853125000000091,-1398,-1978,256,3236
7.853749999999991,-1426,-2476,294,3236
7.854375000000118,-1360,-2644,258,3236
7.855000000000018,-736,-1912,200,3233
7.855624999999918,-702,-1096,88,3233
7.8562500000000455,782,512,-50,3233
7.856874999999945,998,1396,-254,3233
7.857500000000073,1730,3216,50,3233
7.858124999999973,1294,2718,228,3233
7.8587500000001,1876,3622,330,3233
7.859375,564,2234,282,3233
7.860000000000127,610,2276,648,3233
7.860625000000027,-126,358,456,3233
7.861249999999927,-1318,-912,640,3233
7.861875000000055,-1458,-1856,480,3233
7.8624999999999545,-1502,-1898,568,3233
7.863125000000082,-1038,-2706,6,3233
7.863749999999982,-900,-1932,58,3233
7.864375000000109,6,-1274,64,3233
7.865000000000009,-232,-1322,-58,3233
7.865624999999909,1110,684,426,3233
7.866250000000036,1256,1078,384,3233
7.866874999999936,1880,1706,260,3233
7.867500000000064,616,1036,212,3233
7.868124999999964,1334,2346,222,3233
7.868750000000091,-136,296,428,3233
7.869374999999991,-224,-114,150,3233
7.870000000000118,-920,-868,230,3233
7.870625000000018,-1332,-1680,590,3233
7.871249999999918,-1526,-2780,288,3233
7.8718750000000455,-1546,-2308,230,3233
7.872499999999945,-818,-1582,326,3237
7.873125000000073,-448,-1582,124,3237
7.873749999999973,348,0,-82,3237
7.8743750000001,-88,460,46,3237
7.875,1294,1810,-178,3237
7.875625000000127,1652,2646,82,3237
7.876250000000027,1636,3938,400,3237
7.876874999999927,1064,2762,590,3237
7.877500000000055,812,2016,332,3237
7.8781249999999545,-60,1272,346,3237
7.878750000000082,-936,174,828,3237
7.879374999999982,-490,-718,558,3237
7.880000000000109,-1086,-1602,182,3237
7.880625000000009,-2038,-3090,510,3237
7.881249999999909,-1332,-2938,-108,3237
7.881875000000036,-320,-1522,348,3237
7.882499999999936,-192,-1376,-72,3237
7.883125000000064,954,-48,72,3237
7.883749999999964,568,-244,208,3237
7.884375000000091,1088,1086,364,3237
7.884999999999991,1412,1452,276,3237
7.885625000000118,1770,2288,236,3237
7.886250000000018,408,930,0,3237
7.886874999999918,-100,722,678,3237
7.8875000000000455,-352,-640,244,3237
7.888124999999945,-928,-1246,100,3237
7.888750000000073,-1344,-1656,384,3237
7.889374999999973,-1108,-1802,244,3237
7.8900000000001,-1112,-2240,232,3237
7.890625,-1696,-2332,280,3235
7.891250000000127,-414,-1354,78,3235
7.891875000000027,382,-242,-20,3235
7.892499999999927,1080,1550,24,3235
7.893125000000055,710,1692,20,3235
7.8937499999999545,1684,2928,14,3235
7.894375000000082,1206,2700,208,3235
7.894999999999982,1388,3196,532,3235
7.895625000000109,432,1824,418,3235
7.896250000000009,32,1130,462,3235
7.896874999999909,-890,-90,716,3235
7.897500000000036,-816,-774,570,3235
7.898124999999936,-1368,-2306,444,3235
7.898750000000064,-1380,-2458,260,3235
7.899374999999964,-594,-1802,-54,3235
7.900000000000091,-868,-1952,188,3235
7.900624999999991,54,-1306,-24,3235
7.901250000000118,736,24,394,3235
7.901875000000018,1400,694,128,3235
7.902499999999918,828,652,272,3235
7.9031250000000455,1408,2194,572,3235
7.903749999999945,1196,1516,172,3235
7.904375000000073,1038,1322,-158,3235
7.904999999999973,-348,250,388,3235
7.9056250000001,-504,0,570,3235
7.90625,-1258,-1680,310,3235
7.906875000000127,-1436,-1964,140,3235
7.907500000000027,-1174,-2016,414,3235
7.908124999999927,-1518,-2792,290,3235
7.908750000000055,-734,-1922,260,3232
7.9093749999999545,-788,-1112,88,3232
7.910000000000082,674,608,0,3232
7.910624999999982,942,1202,-390,3232
7.911250000000109,1596,3206,146,3232
7.911875000000009,1266,2604,404,3232
7.912499999999909,1436,2750,280,3232
7.913125000000036,836,2568,218,3232
7.913749999999936,738,2876,796,3232
7.914375000000064,136,718,426,3232
7.914999999999964,-1122,-712,520,3232
7.915625000000091,-1680,-1844,496,3232
7.916249999999991,-1746,-2362,556,3232
7.916875000000118,-882,-2446,18,3232
7.917500000000018,-1278,-2480,18,3232
7.918124999999918,168,-1260,122,3232
7.9187500000000455,-60,-1332,0,3232
7.919374999999945,988,554,448,3232
7.920000000000073,1160,934,408,3232
7.920624999999973,2348,2370,134,3232
7.9212500000001,1062,1786,234,3232
7.921875,1140,2016,318,3232
7.922500000000127,156,604,338,3232
7.923125000000027,-380,-36,220,3232
7.923749999999927,-1044,-1056,212,3232
7.924375000000055,-1326,-1876,572,3232
7.9249999999999545,-1650,-2816,330,3232
7.925625000000082,-1908,-2890,160,3232
7.926249999999982,-640,-1600,318,3235
7.926875000000109,-104,-1008,172,3235
7.927500000000009,472,298,-92,3235
7.928124999999909,384,906,-38,3235
7.928750000000036,1458,2234,-76,3235
7.929374999999936,1568,2778,160,3235
7.930000000000064,1512,3824,298,3235
7.930624999999964,996,2576,544,3235
7.931250000000091,412,1590,336,3235
7.931874999999991,-422,658,366,3235
7.932500000000118,-1212,-504,750,3235
7.933125000000018,-624,-1116,544,3235
7.933749999999918,-1158,-1828,184,3235
7.9343750000000455,-1698,-2850,538,3235
7.934999999999945,-1096,-2798,-236,3235
7.935625000000073,64,-864,366,3235
7.936249999999973,192,-644,-10,3235
7.9368750000001,1506,946,-32,3235
7.9375,804,430,236,3235
7.938125000000127,1134,1456,606,3235
7.938750000000027,1160,1280,312,3235
7.939374999999927,1424,1856,134,3235
7.940000000000055,28,442,126,3235
7.9406249999999545,-554,-98,572,3235
7.941250000000082,-800,-1434,202,3235
7.941874999999982,-1666,-2516,102,3235
7.942500000000109,-1478,-2298,378,3235
7.943125000000009,-1024,-2036,224,3235
7.943749999999909,-672,-1922,200,3235
7.944375000000036,-1004,-1664,248,3234
7.944999999999936,576,454,204,3234
7.945625000000064,974,1060,-20,3234
7.946249999999964,1632,2976,-12,3234
7.946875000000091,1252,2936,140,3234
7.947499999999991,1104,2578,26,3234
7.948125000000118,430,2008,258,3234
7.948750000000018,632,2358,690,3234
7.949374999999918,-650,248,534,3234
7.9500000000000455,-1034,-770,338,3234
7.950624999999945,-1460,-1504,702,3234
7.951250000000073,-1480,-2204,532,3234
7.951874999999973,-1344,-2888,348,3234
7.9525000000001,-656,-1914,64,3234
7.953125,132,-990,-50,3234
7.953750000000127,354,-562,92,3234
7.954375000000027,1420,1054,0,3234
7.954999999999927,1366,1592,544,3234
7.955625000000055,2096,2194,226,3234
7.9562499999999545,1076,1654,350,3234
7.956875000000082,640,1518,658,3234
7.957499999999982,-112,-168,124,3234
7.958125000000109,-274,-526,-26,3234
7.958750000000009,-1570,-1832,476,3234
7.959374999999909,-1510,-2466,420,3234
7.960000000000036,-1362,-2930,130,3234
7.960624999999936,-1498,-2790,110,3234
7.961250000000064,-230,-1478,202,3234
7.961874999999964,106,-788,206,3234
7.962500000000091,774,726,166,3232
7.963124999999991,726,1506,82,3232
7.963750000000118,1486,2652,48,3232
7.964375000000018,998,2332,-156,3232
7.964999999999918,1148,3392,256,3232
7.9656250000000455,648,2420,420,3232
7.966249999999945,-160,956,334,3232
7.966875000000073,-1114,-376,316,3232
7.967499999999973,-904,-386,580,3232
7.9681250000001,-1278,-1874,534,3232
7.96875,-1632,-2388,318,3232
7.969375000000127,-784,-1716,294,3232
7.970000000000027,-884,-1602,482,3232
7.970624999999927,496,-810,-124,3232
7.971250000000055,396,-18,56,3232
7.9718749999999545,1614,1582,204,3232
7.972500000000082,1032,1112,118,3232
7.973124999999982,1338,2064,622,3232
7.973750000000109,582,842,462,3232
7.974375000000009,958,960,384,3232
7.974999999999909,-576,-368,342,3232
7.975625000000036,-680,-978,262,3232
7.976249999999936,-1182,-2262,270,3232
7.976875000000064,-1470,-2580,82,3232
7.977499999999964,-1652,-2940,154,3232
7.978125000000091,-800,-2308,394,3232
7.978749999999991,140,-1086,42,3232
7.979375000000118,-304,-584,88,3232
7.980000000000018,976,960,186,3234
7.980624999999918,1828,2308,302,3234
7.9812500000000455,1434,2928,12,3234
7.981874999999945,484,2210,206,3234
7.982500000000073,1480,3138,-74,3234
7.983124999999973,-50,1666,320,3234
7.9837500000001,-600,802,540,3234
7.984375,-764,-328,518,3234
7.985000000000127,-1312,-1338,310,3234
7.985625000000027,-1800,-2258,320,3234
7.986249999999927,-1586,-2260,498,3234
7.986875000000055,-258,-1566,364,3234
7.9874999999999545,-294,-1030,50,3234
7.988125000000082,840,298,372,3234
7.988749999999982,828,252,-180,3234
7.989375000000109,1922,2364,310,3234
7.990000000000009,1462,1864,62,3234
7.990624999999909,1728,2300,190,3234
7.991250000000036,306,654,484,3234
7.991874999999936,-282,268,816,3234
7.992500000000064,-348,-964,278,3234
7.993124999999964,-726,-1672,218,3234
7.993750000000091,-1542,-2476,232,3234
7.994374999999991,-1458,-2586,350,3234
7.995000000000118,-570,-2328,-84,3234
7.995625000000018,-938,-2228,12,3234
7.996249999999918,-50,-936,216,3234
7.9968750000000455,752,310,54,3234
7.997499999999945,1380,1732,124,3234
7.998125000000073,758,1758,388,3232
7.998749999999973,1684,3216,358,3232
7.9993750000001,850,2330,214,3232
8.0,526,2472,284,3232
8.000625000000127,-288,1096,124,3232
8.001250000000027,-810,52,218,3232
8.001874999999927,-1552,-1156,400,3232
8.002500000000055,-1492,-1280,552,3232
8.003124999999955,-1248,-2122,368,3232
8.003750000000082,-1066,-2042,126,3232
8.004374999999982,-414,-666,556,3232
8.00500000000011,-88,-698,440,3232
8.005625000000009,1104,554,82,3232
8.006249999999909,1492,1726,148,3232
8.006875000000036,1676,2172,-48,3232
8.007499999999936,1008,1428,374,3232
8.008125000000064,1384,2066,192,3232
8.008749999999964,24,712,796,3232
8.009375000000091,98,-228,318,3232
8.009999999999991,-758,-1200,484,3232
8.010625000000118,-1424,-2136,654,3232
8.011250000000018,-1318,-3218,-26,3232
8.011874999999918,-1516,-3116,-256,3232
8.012500000000045,-904,-2072,372,3232
8.013124999999945,-148,-1452,132,3232
8.013750000000073,704,-396,-178,3232
8.014374999999973,234,88,154,3232
8.0150000000001,1666,2298,246,3232
8.015625,1502,2368,274,3245
8.016250000000127,1366,3304,352,3245
8.016875000000027,590,2388,260,3245
8.017499999999927,570,2130,200,3245
8.018125000000055,-988,132,204,3245
8.018749999999955,-1444,-168,398,3245
8.019375000000082,-1076,-1008,322,3245
8.019999999999982,-1616,-2204,196,3245
8.02062500000011,-1722,-2460,338,3245
8.021250000000009,-1000,-1668,312,3245
8.021874999999909,354,-412,302,3245
8.022500000000036,184,38,206,3245
8.023124999999936,1580,1644,146,3245
8.023750000000064,1014,1354,416,3245
8.024374999999964,2000,2622,12,3245
8.025000000000091,838,1652,240,3245
8.025624999999991,990,1600,390,3245
8.026250000000118,-94,54,312,3245
8.026875000000018,-500,-160,782,3245
8.027499999999918,-1202,-2166,498,3245
8.028125000000045,-1164,-2378,290,3245
8.028749999999945,-1430,-2798,332,3245
8.029375000000073,-802,-2536,92,3245
8.029999999999973,-92,-1730,-122,3245
8.0306250000001,-560,-1384,92,3245
8.03125,586,216,82,3245
8.031875000000127,1570,1722,364,3245
8.032500000000027,1560,2222,0,3245
8.033124999999927,642,1826,180,3245
8.033750000000055,994,2490,448,3247
8.034374999999955,418,1792,514,3247
8.035000000000082,-432,896,326,3247
8.035624999999982,-946,-242,344,3247
8.03625000000011,-1150,-1264,-38,3247
8.036875000000009,-1772,-1888,270,3247
8.037499999999909,-1766,-1980,370,3247
8.038125000000036,-266,-1130,226,3247
8.038749999999936,-542,-1128,-130,3247
8.039375000000064,736,694,254,3247
8.039999999999964,640,594,390,3247
8.040625000000091,1664,2240,390,3247
8.041249999999991,1424,2368,168,3247
8.041875000000118,1852,3526,624,3247
8.042500000000018,884,1218,-22,3247
8.043124999999918,126,892,430,3247
8.043750000000045,-816,-932,340,3247
8.044374999999945,-1160,-1784,320,3247
8.045000000000073,-1422,-2596,572,3247
8.045624999999973,-1800,-3086,598,3247
8.0462500000001,-614,-3090,124,3247
8.046875,-1088,-2976,-38,3247
8.047500000000127,222,-686,118,3247
8.048125000000027,648,74,144,3247
8.048749999999927,1734,1588,-256,3247
8.049375000000055,934,1530,118,3247
8.049999999999955,1428,2680,336,3247
8.050625000000082,686,1796,286,3247
8.051249999999982,490,1584,328,3247
8.05187500000011,-448,678,542,3249
8.052500000000009,-826,-392,646,3249
8.053124999999909,-1656,-1816,226,3249
8.053750000000036,-1578,-1296,240,3249
8.054374999999936,-954,-1508,18,3249
8.055000000000064,-1132,-1984,-122,3249
8.055624999999964,-38,-424,44,3249
8.056250000000091,226,322,568,3249
8.056874999999991,1180,1404,202,3249
8.057500000000118,1728,2376,4,3249
8.058125000000018,1206,2822,750,3249
8.058749999999918,1168,1772,506,3249
8.059375000000045,988,1982,270,3249
8.059999999999945,-532,250,394,3249
8.060625000000073,-430,-482,52,3249
8.061249999999973,-868,-1344,588,3249
8.0618750000001,-1634,-2694,144,3249
8.0625,-1490,-3136,522,3249
8.063125000000127,-1088,-2914,222,3249
8.063750000000027,-50,-1414,270,3249
8.064374999999927,370,-634,266,3249
8.065000000000055,1616,624,-218,3249
8.065624999999955,650,456,-126,3249
8.066250000000082,1476,2518,366,3249
8.066874999999982,1242,2064,294,3249
8.06750000000011,994,2148,190,3249
8.068125000000009,-222,768,304,3249
8.068749999999909,-206,462,390,3249
8.069375000000036,-1304,-1310,450,3249
8.069999999999936,-1730,-1664,446,3247
8.070625000000064,-1132,-1736,202,3247
8.071249999999964,-1144,-1920,60,3247
8.071875000000091,-424,-1168,52,3247
8.072499999999991,-570,-644,64,3247
8.073125000000118,918,1020,-30,3247
8.073750000000018,1496,2098,42,3247
8.074374999999918,1466,2780,412,3247
8.075000000000045,1016,2112,346,3247
8.075624999999945,1520,3056,384,3247
8.076250000000073,10,1640,736,3247
8.076874999999973,0,754,426,3247
8.0775000000001,-766,-808,546,3247
8.078125,-1280,-1736,216,3247
8.078750000000127,-1090,-1984,78,3247
8.079375000000027,-1346,-2430,346,3247
8.079999999999927,-552,-2196,164,3247
8.080625000000055,56,-1056,404,3247
8.081249999999955,810,-210,228,3247
8.081875000000082,576,20,82,3247
8.082499999999982,1532,1770,270,3247
8.08312500000011,1326,1704,254,3247
8.083750000000009,1472,1926,-160,3247
8.084374999999909,-90,784,468,3247
8.085000000000036,64,820,530,3247
8.085624999999936,-1004,-1034,424,3247
8.086250000000064,-1164,-1440,172,3247
8.086874999999964,-1386,-2138,326,3247
8.087500000000091,-1556,-2774,266,3247
8.088124999999991,-1244,-2478,190,3247
8.088750000000118,-1082,-1584,192,3247
8.089375000000018,682,330,14,3247
8.089999999999918,1022,1232,-254,3247
8.090625000000045,1638,3284,78,3247
8.091249999999945,1294,2796,318,3247
8.091875000000073,1886,3424,126,3247
8.092499999999973,322,2040,272,3247
8.0931250000001,446,2026,668,3247
8.09375,-280,118,606,3247
8.094375000000127,-1440,-1382,530,3247
8.095000000000027,-1624,-2120,396,3247
8.095624999999927,-1570,-2074,614,3247
8.096250000000055,-900,-2770,-128,3247
8.096874999999955,-626,-1760,-14,3247
8.097500000000082,660,-232,84,3247
8.098124999999982,224,-512,12,3247
8.09875000000011,1462,1542,500,3247
8.099375000000009,954,1018,482,3247
8.099999999999909,2000,1920,184,3247
8.100625000000036,404,1038,234,3247
8.101249999999936,166,770,398,3247
8.101875000000064,-752,-1086,314,3247
8.102499999999964,-734,-1448,54,3247
8.103125000000091,-1832,-2316,408,3247
8.103749999999991,-1340,-2502,418,3247
8.104375000000118,-816,-2262,138,3247
8.105000000000018,-932,-1774,118,3261
8.105624999999918,-122,-866,228,3261
8.106250000000045,1162,780,286,3261
8.106874999999945,1286,1988,0,3261
8.107500000000073,636,2056,114,3261
8.108124999999973,1840,3518,-52,3261
8.1087500000001,932,2734,110,3261
8.109375,278,2116,324,3261
8.110000000000127,-286,972,720,3261
8.110625000000027,-742,-264,384,3261
8.111249999999927,-1742,-1750,384,3261
8.111875000000055,-1754,-2076,732,3261
8.112499999999955,-1018,-2524,500,3261
8.113125000000082,-752,-1792,6,3261
8.113749999999982,98,-796,310,3261
8.11437500000011,604,-290,-300,3261
8.115000000000009,1230,1366,302,3261
8.115624999999909,1020,1076,-18,3261
8.116250000000036,2158,2652,312,3261
8.116874999999936,792,1132,486,3261
8.117500000000064,234,766,592,3261
8.118124999999964,-494,-748,374,3261
8.118750000000091,-756,-1564,86,3261
8.119374999999991,-1216,-1924,132,3261
8.120000000000118,-1296,-2154,434,3261
8.120625000000018,-822,-2644,48,3261
8.121249999999918,-1328,-2840,2,3261
8.121875000000045,-124,-978,278,3261
8.122499999999945,484,-168,86,3261
8.123125000000073,1426,1792,158,3271
8.123749999999973,1016,2108,356,3271
8.1243750000001,1192,2600,146,3271
8.125,526,1920,186,3271
8.125625000000127,594,2672,332,3271
8.126250000000027,-330,1132,208,3271
8.126874999999927,-1038,-730,136,3271
8.127500000000055,-1490,-1286,312,3271
8.128124999999955,-1600,-1362,708,3271
8.128750000000082,-1358,-2704,230,3271
8.129374999999982,-830,-1806,110,3271
8.13000000000011,-146,-288,666,3271
8.130625000000009,478,-90,320,3271
8.131249999999909,1472,1280,124,3271
8.131875000000036,1512,1968,200,3271
8.132499999999936,2012,2798,18,3271
8.133125000000064,1174,1920,462,3271
8.133749999999964,550,1134,310,3271
8.134375000000091,-564,-320,610,3271
8.134999999999991,-764,-1464,328,3271
8.135625000000118,-864,-1866,320,3271
8.136250000000018,-1138,-2298,448,3271
8.136874999999918,-1216,-3182,128,3271
8.137500000000045,-1150,-3150,-364,3271
8.138124999999945,-192,-856,450,3271
8.138750000000073,552,24,300,3271
8.139374999999973,1420,1070,-118,3271
8.1400000000001,1046,1566,64,3271
8.140625,1344,2568,268,3271
8.141250000000127,758,1920,302,3289
8.141875000000027,380,2108,442,3289
8.142499999999927,-466,852,382,3289
8.143125000000055,-718,-158,278,3289
8.143749999999955,-1564,-1742,180,3289
8.144375000000082,-2302,-2110,240,3289
8.144999999999982,-696,-1316,124,3289
8.14562500000011,-410,-1112,12,3289
8.146250000000009,-114,-464,118,3289
8.146874999999909,300,320,292,3289
8.147500000000036,1516,1910,428,3289
8.148124999999936,1134,1978,418,3289
8.148750000000064,2010,3334,384,3289
8.149374999999964,1252,2248,488,3289
8.150000000000091,518,1362,354,3289
8.150624999999991,-506,-186,180,3289
8.151250000000118,-1042,-1266,384,3289
8.151875000000018,-1160,-2154,312,3289
8.152499999999918,-1506,-2458,602,3289
8.153125000000045,-904,-2968,334,3289
8.153749999999945,-756,-2514,96,3289
8.154375000000073,-90,-866,338,3289
8.154999999999973,750,-50,-40,3289
8.1556250000001,2150,1958,-272,3289
8.15625,714,1214,192,3289
8.156875000000127,848,1878,396,3289
8.157500000000027,766,1728,428,3289
8.158124999999927,396,1296,174,3289
8.158750000000055,-694,-68,416,3289
8.159374999999955,-998,-956,524,3289
8.160000000000082,-1670,-2018,472,3271
8.160624999999982,-1792,-2070,280,3271
8.16125000000011,-696,-1220,62,3271
8.161875000000009,-400,-1078,-338,3271
8.162499999999909,516,598,6,3271
8.163125000000036,538,930,240,3271
8.163749999999936,1476,2100,240,3271
8.164375000000064,1308,2494,54,3271
8.164999999999964,1796,3926,622,3271
8.165625000000091,986,2006,508,3271
8.166249999999991,-52,948,628,3271
8.166875000000118,-986,-516,340,3271
8.167500000000018,-1226,-1066,704,3271
8.168124999999918,-1048,-2332,-50,3271
8.168750000000045,-1926,-2958,160,3271
8.169374999999945,-556,-2208,144,3271
8.170000000000073,-820,-2060,70,3271
8.170624999999973,608,-376,444,3271
8.1712500000001,972,512,422,3271
8.171875,1804,1276,56,3271
8.172500000000127,650,790,24,3271
8.173125000000027,1444,2520,294,3271
8.173749999999927,122,662,458,3271
8.174375000000055,58,150,98,3271
8.174999999999955,-922,-682,350,3271
8.175625000000082,-1408,-1634,624,3271
8.176249999999982,-1318,-2430,220,3271
8.17687500000011,-1596,-2360,192,3271
8.177500000000009,-874,-1654,406,3271
8.178124999999909,-156,-1278,82,3271
8.178750000000036,518,386,-12,3271
8.179374999999936,120,854,68,3271
8.180000000000064,1740,2616,-134,3271
8.180624999999964,1728,3050,74,3271
8.181250000000091,850,2996,392,3271
8.181874999999991,562,2108,608,3271
8.182500000000118,452,1710,346,3271
8.183125000000018,-1086,-258,468,3271
8.183749999999918,-1468,-1124,692,3271
8.184375000000045,-888,-1826,536,3271
8.184999999999945,-1298,-2374,74,3271
8.185625000000073,-1022,-2364,320,3271
8.186249999999973,-428,-1756,-170,3271
8.1868750000001,966,180,154,3271
8.1875,982,668,-20,3271
8.188125000000127,1942,2038,204,3271
8.188750000000027,1076,1190,320,3271
8.189374999999927,778,1416,522,3271
8.190000000000055,288,430,446,3271
8.190624999999955,306,78,226,3271
8.191250000000082,-1210,-1512,128,3271
8.191874999999982,-1520,-1968,648,3271
8.19250000000011,-976,-2526,162,3271
8.193125000000009,-1494,-3076,-48,3271
8.193749999999909,-800,-1976,242,3271
8.194375000000036,-80,-916,100,3271
8.194999999999936,950,658,42,3271
8.195625000000064,630,1174,266,3267
8.196249999999964,1246,2436,224,3267
8.196875000000091,948,2150,202,3267
8.197499999999991,1216,3292,280,3267
8.198125000000118,238,2092,152,3267
8.198750000000018,-572,340,194,3267
8.199374999999918,-1246,-620,334,3267
8.200000000000045,-1388,-986,680,3267
8.200624999999945,-1566,-2600,414,3267
8.201250000000073,-1300,-2104,192,3267
8.201874999999973,-610,-1252,560,3267
8.2025000000001,-74,-864,412,3267
8.203125,896,340,32,3267
8.203750000000127,1110,1370,180,3267
8.204375000000027,2026,2682,-56,3267
8.204999999999927,1010,1476,222,3267
8.205625000000055,922,1480,238,3267
8.206249999999955,-12,558,774,3267
8.206875000000082,-260,-698,290,3267
8.207499999999982,-832,-1496,478,3267
8.20812500000011,-1210,-2088,692,3267
8.208750000000009,-1356,-3494,30,3267
8.209374999999909,-1190,-3022,-316,3267
8.210000000000036,-556,-1248,474,3267
8.210624999999936,278,-544,220,3267
8.211250000000064,1560,1016,-182,3267
8.211874999999964,666,920,0,3267
8.212500000000091,1350,2378,174,3267
8.213124999999991,1180,2348,388,3267
8.213750000000118,796,2734,386,3269
8.214375000000018,-110,1516,348,3269
8.214999999999918,-322,398,224,3269
8.215625000000045,-1528,-1202,124,3269
8.216249999999945,-2180,-1842,290,3269
8.216875000000073,-1010,-1464,242,3269
8.217499999999973,-964,-1758,156,3269
8.2181250000001,-142,-720,256,3269
8.21875,0,-134,402,3269
8.219375000000127,1542,1504,254,3269
8.220000000000027,1162,2046,436,3269
8.220624999999927,2148,3292,330,3269
8.221250000000055,908,1810,392,3269
8.221874999999955,936,1772,174,3269
8.222500000000082,-434,-60,98,3269
8.223124999999982,-536,-636,304,3269
8.22375000000011,-1166,-1994,420,3269
8.224375000000009,-1728,-2674,680,3269
8.224999999999909,-1070,-3046,380,3269
8.225625000000036,-888,-2584,240,3269
8.226249999999936,-252,-1392,290,3269
8.226875000000064,884,-88,-60,3269
8.227499999999964,1466,988,-136,3269
8.228125000000091,546,896,270,3269
8.228749999999991,1342,2330,254,3269
8.229375000000118,902,2048,498,3269
8.230000000000018,478,1356,120,3269
8.230624999999918,-620,56,300,3269
8.231250000000045,-1114,-738,564,3272
8.231874999999945,-1420,-1732,312,3272
8.232500000000073,-1798,-1978,236,3272
8.233124999999973,-818,-1454,188,3272
8.2337500000001,-622,-1532,-396,3272
8.234375,134,32,76,3272
8.235000000000127,266,590,328,3272
8.235625000000027,1788,2186,16,3272
8.236249999999927,1198,2414,170,3272
8.236875000000055,2036,4094,628,3272
8.237499999999955,986,2108,528,3272
8.238125000000082,354,1604,596,3272
8.238749999999982,-750,-72,424,3272
8.23937500000011,-740,-506,612,3272
8.240000000000009,-1290,-2390,0,3272
8.240624999999909,-1512,-2490,72,3272
8.241250000000036,-720,-2106,96,3272
8.241874999999936,-940,-2344,16,3272
8.242500000000064,452,-770,270,3272
8.243124999999964,582,-66,356,3272
8.243750000000091,1982,1328,202,3272
8.244374999999991,964,1150,150,3272
8.245000000000118,1118,2002,284,3272
8.245625000000018,192,688,586,3272
8.246249999999918,358,546,112,3272
8.246875000000045,-984,-408,358,3272
8.247499999999945,-1180,-1472,620,3272
8.248125000000073,-1264,-2288,150,3272
8.248749999999973,-1636,-2432,128,3272
8.2493750000001,-1338,-2366,338,3258
8.25,-24,-1252,148,3258
8.250625000000127,414,116,8,3258
8.251250000000027,120,880,120,3258
8.251874999999927,1836,2614,-254,3258
8.252500000000055,1626,2908,64,3258
8.253124999999955,1112,3258,390,3258
8.253750000000082,786,2532,576,3258
8.254374999999982,260,1542,492,3258
8.25500000000011,-1062,-302,512,3258
8.255625000000009,-1466,-1280,684,3258
8.256249999999909,-1268,-2164,726,3258
8.256875000000036,-1350,-2378,30,3258
8.257499999999936,-1066,-2274,350,3258
8.258125000000064,-278,-1720,-292,3258
8.258749999999964,708,238,210,3258
8.259375000000091,818,388,-254,3258
8.259999999999991,2120,2386,306,3258
8.260625000000118,1020,998,244,3258
8.261250000000018,702,1270,660,3258
8.261874999999918,312,422,510,3258
8.262500000000045,0,-390,66,3258
8.263124999999945,-1044,-1302,198,3258
8.263750000000073,-1374,-1798,774,3258
8.264374999999973,-1306,-3032,92,3258
8.2650000000001,-1798,-3526,22,3258
8.265625,-708,-1754,358,3258
8.266250000000127,-34,-1024,-26,3258
8.266875000000027,1348,1272,56,3258
8.267499999999927,920,1670,354,3245
8.268125000000055,1428,2606,48,3245
8.268749999999955,1198,2668,98,3245
8.269375000000082,1088,3478,252,3245
8.269999999999982,114,1836,108,3245
8.27062500000011,-688,134,214,3245
8.271250000000009,-1480,-844,476,3245
8.271874999999909,-1408,-850,704,3245
8.272500000000036,-852,-1484,496,3245
8.273124999999936,-1254,-2050,192,3245
8.273750000000064,-228,-662,516,3245
8.274374999999964,56,-522,400,3245
8.275000000000091,1076,664,68,3245
8.275624999999991,1534,1842,38,3245
8.276250000000118,1618,2148,0,3245
8.276875000000018,694,998,342,3245
8.277499999999918,826,1208,198,3245
8.278125000000045,-554,-168,808,3245
8.278749999999945,-530,-1162,248,3245
8.279375000000073,-1022,-2008,366,3245
8.279999999999973,-1740,-3022,544,3245
8.2806250000001,-1042,-3196,60,3245
8.28125,-874,-2756,-334,3245
8.281875000000127,-122,-686,650,3245
8.282500000000027,758,122,84,3245
8.283124999999927,1668,1746,20,3245
8.283750000000055,876,1418,78,3245
8.284374999999955,1760,3244,108,3245
8.285000000000082,712,2106,436,3245
8.285624999999982,26,1532,304,3231
8.28625000000011,-702,432,302,3231
8.286875000000009,-926,-596,292,3231
8.287499999999909,-1338,-1484,72,3231
8.288125000000036,-1818,-1676,126,3231
8.288749999999936,-620,-1362,210,3231
8.289375000000064,-136,-948,-62,3231
8.289999999999964,478,442,196,3231
8.290625000000091,460,870,506,3231
8.291249999999991,1642,2118,340,3231
8.291875000000118,874,1940,572,3231
8.292500000000018,1790,2896,372,3231
8.293124999999918,598,1450,462,3231
8.293750000000045,-34,450,294,3231
8.294374999999945,-954,-1010,124,3231
8.295000000000073,-1144,-1720,250,3231
8.295624999999973,-1804,-3214,322,3231
8.2962500000001,-1344,-2632,428,3231
8.296875,-640,-2700,248,3231
8.297500000000127,-278,-1964,134,3231
8.298125000000027,556,-34,390,3231
8.298749999999927,1324,840,-92,3231
8.299375000000055,2150,2452,-26,3231
8.299999999999955,758,1604,360,3231
8.300625000000082,516,1454,412,3231
8.301249999999982,108,810,398,3231
8.30187500000011,-550,-118,250,3231
8.302500000000009,-976,-1070,318,3231
8.303124999999909,-1336,-1828,466,3231
8.303750000000036,-1686,-2568,336,3230
8.304374999999936,-1516,-2252,118,3230
8.305000000000064,-72,-588,0,3230
8.305624999999964,486,328,-360,3230
8.306250000000091,1492,2334,-118,3230
8.306874999999991,1118,2206,374,3230
8.307500000000118,1576,2680,270,3230
8.308125000000018,784,2266,228,3230
8.308749999999918,914,2960,838,3230
8.309375000000045,160,884,602,3230
8.309999999999945,-1044,-698,512,3230
8.310625000000073,-1634,-1934,394,3230
8.311249999999973,-1814,-2476,456,3230
8.3118750000001,-714,-2378,-80,3230
8.3125,-1200,-2306,-10,3230
8.313125000000127,614,-658,62,3230
8.313750000000027,144,-640,74,3230
8.314374999999927,1510,1492,470,3230
8.315000000000055,1288,1450,340,3230
8.315624999999955,1804,1778,210,3230
8.316250000000082,154,630,280,3230
8.316874999999982,468,1070,326,3230
8.31750000000011,-832,-1182,412,3230
8.318125000000009,-1120,-1580,324,3230
8.318749999999909,-1362,-2176,258,3230
8.319375000000036,-1630,-2950,466,3230
8.319999999999936,-658,-2046,156,3230
8.320625000000064,-850,-1630,52,3243
8.321249999999964,396,80,210,3243
8.321875000000091,1522,1570,136,3243
8.322499999999991,1266,2338,-68,3243
8.323125000000118,576,2124,128,3243
8.323750000000018,1602,3274,-36,3243
8.324374999999918,448,2212,222,3243
8.325000000000045,-462,1176,606,3243
8.325624999999945,-610,-66,536,3243
8.326250000000073,-1272,-1206,328,3243
8.326874999999973,-1784,-2124,516,3243
8.3275000000001,-1636,-2224,534,3243
8.328125,-278,-1580,414,3243
8.328750000000127,98,-704,32,3243
8.329375000000027,966,668,252,3243
8.329999999999927,1076,742,-236,3243
8.330625000000055,1396,2004,432,3243
8.331249999999955,840,1156,-8,3243
8.331875000000082,1648,2240,200,3243
8.332499999999982,70,384,454,3243
8.33312500000011,-640,-610,564,3243
8.333750000000009,-922,-1878,442,3243
8.334374999999909,-1306,-2736,196,3243
8.335000000000036,-1336,-2742,136,3243
8.335624999999936,-968,-2086,532,3243
8.336250000000064,-40,-1768,-90,3243
8.336874999999964,-220,-1236,-62,3243
8.337500000000091,816,870,322,3243
8.338124999999991,924,1128,66,3243
8.338750000000118,1766,2848,46,3243
8.339375000000018,1010,2812,468,3242
8.339999999999918,560,1992,350,3242
8.340625000000045,-416,768,224,3242
8.341249999999945,-688,758,464,3242
8.341875000000073,-1410,-1034,128,3242
8.342499999999973,-1532,-2048,-30,3242
8.3431250000001,-1426,-1840,358,3242
8.34375,-1302,-1708,486,3242
8.344375000000127,130,-878,272,3242
8.345000000000027,526,266,96,3242
8.345624999999927,1536,2318,532,3242
8.346250000000055,1216,1602,530,3242
8.346874999999955,1382,1878,168,3242
8.347500000000082,832,1898,342,3242
8.348124999999982,710,1490,172,3242
8.34875000000011,-258,-52,468,3242
8.349375000000009,-856,-1346,76,3242
8.349999999999909,-1768,-2770,668,3242
8.350625000000036,-1262,-2928,184,3242
8.351249999999936,-604,-2114,270,3242
8.351875000000064,-536,-1898,362,3242
8.352499999999964,920,-660,-114,3242
8.353125000000091,352,-454,-210,3242
8.353749999999991,1136,1854,544,3242
8.354375000000118,1472,2020,230,3242
8.355000000000018,1446,2584,86,3242
8.355624999999918,86,1224,322,3242
8.356250000000045,112,968,282,3242
8.356874999999945,-1054,-756,514,3242
8.357500000000073,-1898,-1698,452,3241
8.358124999999973,-1416,-1758,204,3241
8.3587500000001,-1342,-2104,68,3241
8.359375,-650,-1544,-56,3241
8.360000000000127,-816,-1006,-8,3241
8.360625000000027,948,896,128,3241
8.361249999999927,1406,1960,100,3241
8.361875000000055,1474,2836,354,3241
8.362499999999955,1070,2318,538,3241
8.363125000000082,1210,2744,434,3241
8.363749999999982,-90,1282,664,3241
8.36437500000011,40,684,424,3241
8.365000000000009,-1132,-1272,508,3241
8.365624999999909,-1204,-1988,172,3241
8.366250000000036,-1024,-2048,64,3241
8.366874999999936,-1282,-2446,216,3241
8.367500000000064,-450,-2296,90,3241
8.368124999999964,238,-694,388,3241
8.368750000000091,1344,414,20,3241
8.369374999999991,1038,828,158,3241
8.370000000000118,1582,2296,508,3241
8.370625000000018,1088,1482,180,3241
8.371249999999918,1240,1682,-6,3241
8.371875000000045,-578,250,634,3241
8.372499999999945,-882,-904,460,3241
8.373125000000073,-1344,-2136,346,3241
8.373749999999973,-1736,-2724,102,3241
8.3743750000001,-832,-1858,136,3241
8.375,-596,-1584,262,3241
8.375625000000127,-106,-852,92,3237
8.376250000000027,284,352,0,3237
8.376874999999927,1260,1876,64,3237
8.377500000000055,1166,2142,-154,3237
8.378124999999955,1474,3866,210,3237
8.378750000000082,946,2648,420,3237
8.379374999999982,88,1140,252,3237
8.38000000000011,-1024,-120,386,3237
8.380625000000009,-1294,-692,774,3237
8.381249999999909,-876,-1432,566,3237
8.381875000000036,-1636,-2316,384,3237
8.382499999999936,-696,-1776,296,3237
8.383125000000064,-638,-1534,356,3237
8.383749999999964,708,-308,-70,3237
8.384375000000091,750,558,-82,3237
8.384999999999991,2158,2432,42,3237
8.385625000000118,942,1190,72,3237
8.386250000000018,1314,2178,672,3237
8.386874999999918,72,306,568,3237
8.387500000000045,330,-190,320,3237
8.388124999999945,-1194,-1488,480,3237
8.388750000000073,-1362,-2112,344,3237
8.389374999999973,-1360,-3116,258,3237
8.3900000000001,-1518,-3054,22,3237
8.390625,-750,-1858,226,3237
8.391250000000127,278,-834,236,3237
8.391875000000027,1018,496,-110,3237
8.392499999999927,496,902,180,3251
8.393125000000055,1472,2706,354,3251
8.393749999999955,1606,3052,328,3251
8.394375000000082,644,2444,136,3251
8.394999999999982,-352,1056,160,3251
8.39562500000011,-348,642,48,3251
8.396250000000009,-1428,-788,288,3251
8.396874999999909,-1794,-1736,378,3251
8.397500000000036,-1020,-1682,482,3251
8.398124999999936,-1008,-1710,152,3251
8.398750000000064,-178,-832,368,3251
8.399374999999964,-20,-414,474,3251
8.400000000000091,1650,1638,302,3251
8.400624999999991,1314,1984,200,3251
8.401250000000118,1966,2976,360,3251
8.401875000000018,1194,1684,-138,3251
8.402499999999918,168,1032,444,3251
8.403125000000045,-464,-476,102,3251
8.403749999999945,-360,-712,304,3251
8.404375000000073,-1720,-2802,576,3251
8.404999999999973,-1510,-2746,444,3251
8.4056250000001,-620,-2670,156,3251
8.40625,-1172,-2880,-66,3251
8.406875000000127,124,-640,218,3251
8.407500000000027,558,-18,340,3251
8.408124999999927,1614,1472,0,3251
8.408750000000055,1286,1852,80,3251
8.409374999999955,1164,2516,560,3251
8.410000000000082,398,1174,270,3251
8.410624999999982,388,1640,290,3251
8.41125000000011,-786,458,574,3253
8.411875000000009,-1160,-1128,302,3253
8.412499999999909,-1626,-1906,60,3253
8.413125000000036,-1862,-1796,194,3253
8.413749999999936,-954,-2034,-70,3253
8.414375000000064,-240,-1152,-92,3253
8.414999999999964,316,512,252,3253
8.415625000000091,974,1454,434,3253
8.416249999999991,1634,2306,248,3253
8.416875000000118,1424,2582,336,3253
8.417500000000018,1268,3250,820,3253
8.418124999999918,874,1592,560,3253
8.418750000000045,78,448,310,3253
8.419374999999945,-1370,-1166,526,3253
8.420000000000073,-1372,-2068,14,3253
8.420624999999973,-1108,-2176,410,3253
8.4212500000001,-1312,-2702,-144,3253
8.421875,-470,-2064,188,3253
8.422500000000127,-150,-1700,80,3253
8.423125000000027,744,184,300,3253
8.423749999999927,1414,1124,326,3253
8.424375000000055,2256,2352,-82,3253
8.424999999999955,610,1050,68,3253
8.425625000000082,520,1758,760,3253
8.426249999999982,-96,176,406,3253
8.42687500000011,-834,-950,204,3253
8.427500000000009,-1404,-1630,312,3253
8.428124999999909,-1674,-2356,274,3253
8.428750000000036,-1234,-2600,220,3253
8.429374999999936,-1532,-2176,454,3252
8.430000000000064,4,-606,-30,3252
8.430624999999964,822,590,-22,3252
8.431250000000091,1242,1902,-92,3252
8.431874999999991,770,1894,-124,3252
8.432500000000118,1680,3256,2,3252
8.433125000000018,874,2610,252,3252
8.433749999999918,474,2222,614,3252
8.434375000000045,-472,406,710,3252
8.434999999999945,-994,-562,532,3252
8.435625000000073,-1326,-1188,754,3252
8.436249999999973,-1344,-1948,514,3252
8.4368750000001,-854,-2336,256,3252
8.4375,-296,-1448,64,3252
8.438125000000127,556,-304,-166,3252
8.438750000000027,508,26,76,3252
8.439374999999927,1720,1656,-26,3252
8.440000000000055,1352,1774,494,3252
8.440624999999955,1838,2048,152,3252
8.441250000000082,608,1070,358,3252
8.441874999999982,-290,-60,672,3252
8.44250000000011,-850,-1478,202,3252
8.443125000000009,-1358,-2360,0,3252
8.443749999999909,-1280,-2038,582,3252
8.444375000000036,-954,-2180,358,3252
8.444999999999936,-558,-2242,16,3252
8.445625000000064,-526,-1620,-32,3252
8.446249999999964,904,664,136,3252
8.446875000000091,1020,1222,308,3252
8.447499999999991,1476,2688,188,3255
8.448125000000118,1378,3128,88,3255
8.448750000000018,830,2358,134,3255
8.449374999999918,-240,1084,-32,3255
8.450000000000045,-814,968,320,3255
8.450624999999945,-686,-100,438,3255
8.451250000000073,-1158,-1534,112,3255
8.451874999999973,-1912,-2372,454,3255
8.4525000000001,-1608,-2216,550,3255
8.453125,156,-766,436,3255
8.453750000000127,40,-314,280,3255
8.454375000000027,1638,1728,136,3255
8.454999999999927,1360,1862,334,3255
8.455625000000055,1768,2334,74,3255
8.456249999999955,936,1786,152,3255
8.456875000000082,990,1856,384,3255
8.457499999999982,-196,-112,280,3255
8.45812500000011,-770,-752,696,3255
8.458750000000009,-1374,-2702,300,3255
8.459374999999909,-1198,-2646,218,3255
8.460000000000036,-1252,-2672,354,3255
8.460624999999936,-706,-2408,54,3255
8.461250000000064,512,-864,20,3255
8.461874999999964,0,-590,254,3255
8.462500000000091,1026,1160,134,3255
8.463124999999991,1712,2354,454,3255
8.463750000000118,1372,2310,-30,3255
8.464375000000018,186,1462,258,3255
8.464999999999918,328,1700,500,3242
8.465625000000045,-758,92,398,3242
8.466249999999945,-1388,-720,274,3242
8.466875000000073,-1204,-1368,182,3242
8.467499999999973,-1316,-2164,-252,3242
8.4681250000001,-910,-1452,184,3242
8.46875,-826,-1000,340,3242
8.469375000000127,900,424,56,3242
8.470000000000027,1072,1520,120,3242
8.470624999999927,1654,2908,594,3242
8.471250000000055,1472,2214,464,3242
8.471874999999955,792,1940,560,3242
8.472500000000082,156,1036,232,3242
8.473124999999982,172,1068,684,3242
8.47375000000011,-832,-1310,122,3242
8.474375000000009,-1400,-1856,132,3242
8.474999999999909,-1176,-2420,160,3242
8.475625000000036,-1644,-3102,14,3242
8.476249999999936,-268,-1730,320,3242
8.476875000000064,36,-876,374,3242
8.477499999999964,1590,306,126,3242
8.478125000000091,1064,728,40,3242
8.478749999999991,1298,2112,270,3242
8.479375000000118,748,1428,632,3242
8.480000000000018,758,1274,28,3242
8.480624999999918,-486,388,372,3242
8.481250000000045,-938,-706,570,3242
8.481874999999945,-1488,-2184,180,3242
8.482500000000073,-1736,-2480,266,3242
8.483124999999973,-1048,-1656,442,3245
8.4837500000001,-606,-1676,208,3245
8.484375,228,-316,-50,3245
8.485000000000127,-112,272,-64,3245
8.485625000000027,1192,1734,-272,3245
8.486249999999927,1670,2680,10,3245
8.486875000000055,1570,3762,338,3245
8.487499999999955,802,2502,644,3245
8.488125000000082,430,1550,502,3245
8.488749999999982,-876,32,600,3245
8.48937500000011,-1160,-666,714,3245
8.490000000000009,-742,-1350,796,3245
8.490624999999909,-1512,-2542,-46,3245
8.491250000000036,-1044,-2286,288,3245
8.491874999999936,-514,-1818,-254,3245
8.492500000000064,832,306,206,3245
8.493124999999964,934,562,-116,3245
8.493750000000091,2138,2312,194,3245
8.494374999999991,926,948,278,3245
8.495000000000118,1214,2132,634,3245
8.495625000000018,242,372,358,3245
8.496249999999918,168,-112,82,3245
8.496875000000045,-1326,-1602,390,3245
8.497499999999945,-1418,-2236,496,3245
8.498125000000073,-960,-2520,148,3245
8.498749999999973,-1342,-2730,120,3245
8.4993750000001,-656,-1934,244,3245
8.5,330,-684,0,3245
8.500625000000127,1176,1274,130,3245
8.501250000000027,700,1516,342,3243
8.501874999999927,1822,3254,62,3243
8.502500000000055,782,2342,142,3243
8.503124999999955,752,2722,114,3243
8.503750000000082,-296,1184,164,3243
8.504374999999982,-1016,-612,128,3243
8.50500000000011,-1444,-1158,344,3243
8.505625000000009,-1454,-1238,772,3243
8.506249999999909,-1452,-2752,412,3243
8.506875000000036,-802,-1792,128,3243
8.507499999999936,82,-20,684,3243
8.508125000000064,794,352,338,3243
8.508749999999964,1720,1818,98,3243
8.509375000000091,1516,2248,188,3243
8.509999999999991,1752,2740,50,3243
8.510625000000118,614,1186,376,3243
8.511250000000018,210,574,270,3243
8.511874999999918,-958,-956,552,3243
8.512500000000045,-1198,-2280,242,3243
8.513124999999945,-1028,-2390,380,3243
8.513750000000073,-1018,-2454,358,3243
8.514374999999973,-370,-2346,-50,3243
8.5150000000001,-348,-1876,-190,3243
8.515625,402,346,574,3243
8.516250000000127,1138,1014,242,3243
8.516875000000027,2136,2762,-64,3243
8.517499999999927,888,1888,84,3243
8.518125000000055,902,2256,296,3243
8.518749999999955,128,1244,468,3243
8.519375000000082,-960,198,456,3246
8.519999999999982,-1140,-560,330,3246
8.52062500000011,-1196,-1398,106,3246
8.521250000000009,-1452,-2310,0,3246
8.521874999999909,-1878,-2278,118,3246
8.522500000000036,130,-518,0,3246
8.523124999999936,350,-78,-96,3246
8.523750000000064,1324,1992,348,3246
8.524374999999964,1024,1912,522,3246
8.525000000000091,1928,3194,416,3246
8.525624999999991,664,2180,700,3246
8.526250000000118,760,1744,446,3246
8.526875000000018,-330,-44,490,3246
8.527499999999918,-898,-912,430,3246
8.528125000000045,-1070,-1844,-62,3246
8.528749999999945,-1482,-2368,184,3246
8.529375000000073,-1038,-2818,174,3246
8.529999999999973,-466,-1716,372,3246
8.5306250000001,716,-738,64,3246
8.53125,560,-230,150,3246
8.531875000000127,1364,1666,462,3246
8.532500000000027,1398,1600,130,3246
8.533124999999927,1820,2350,0,3246
8.533750000000055,80,1138,472,3246
8.534374999999955,-470,116,604,3246
8.535000000000082,-948,-1206,380,3246
8.535624999999982,-1476,-2126,42,3246
8.53625000000011,-1048,-1838,298,3246
8.536875000000009,-992,-1894,336,3246
8.537499999999909,-656,-1606,164,3230
8.538125000000036,-288,-538,122,3230
8.538749999999936,934,1190,-56,3230
8.539375000000064,1216,1958,-306,3230
8.539999999999964,1682,3730,86,3230
8.540625000000091,1172,2772,298,3230
8.541249999999991,592,1758,310,3230
8.541875000000118,-528,560,442,3230
8.542500000000018,-974,116,896,3230
8.543124999999918,-578,-1068,444,3230
8.543750000000045,-1710,-2180,488,3230
8.544374999999945,-848,-1826,230,3230
8.545000000000073,-918,-1744,340,3230
8.545624999999973,544,-554,-126,3230
8.5462500000001,448,128,-106,3230
8.546875,2070,2208,148,3230
8.547500000000127,1014,1106,118,3230
8.548125000000027,1448,2278,596,3230
8.548749999999927,190,526,524,3230
8.549375000000055,524,144,368,3230
8.549999999999955,-1122,-1360,302,3230
8.550625000000082,-1224,-1832,372,3230
8.551249999999982,-1044,-2456,384,3230
8.55187500000011,-1414,-2824,38,3230
8.552500000000009,-852,-1982,216,3230
8.553124999999909,484,-564,266,3230
8.553750000000036,1104,614,-182,3230
8.554374999999936,524,1018,196,3230
8.555000000000064,1620,2878,306,3229
8.555624999999964,1460,2880,308,3229
8.556250000000091,730,2572,116,3229
8.556874999999991,-448,994,142,3229
8.557500000000118,-506,88,-24,3229
8.558125000000018,-1530,-1070,294,3229
8.558749999999918,-1916,-1790,528,3229
8.559375000000045,-1108,-2150,384,3229
8.559999999999945,-890,-1584,180,3229
8.560625000000073,16,-372,444,3229
8.561249999999973,384,128,434,3229
8.5618750000001,1364,1726,414,3229
8.5625,1220,1792,24,3229
8.563125000000127,2036,3318,472,3229
8.563750000000027,1050,1472,-50,3229
8.564374999999927,46,638,354,3229
8.565000000000055,-938,-932,340,3229
8.565624999999955,-1246,-1936,188,3229
8.566250000000082,-1326,-2666,408,3229
8.566874999999982,-1308,-2630,410,3229
8.56750000000011,-254,-2340,230,3229
8.568125000000009,-568,-2242,-70,3229
8.568749999999909,640,134,198,3229
8.569375000000036,1014,822,400,3229
8.569999999999936,2028,2374,-12,3229
8.570625000000064,908,1830,108,3229
8.571249999999964,832,2152,516,3229
8.571875000000091,-232,460,200,3229
8.572499999999991,-560,118,300,3243
8.573125000000118,-1058,-626,542,3243
8.573750000000018,-1622,-2054,364,3243
8.574374999999918,-1380,-2190,142,3243
8.575000000000045,-1414,-1512,122,3243
8.575624999999945,8,-576,-134,3243
8.576250000000073,972,710,-88,3243
8.576874999999973,1054,2036,154,3243
8.5775000000001,1080,2252,568,3243
8.578125,2060,3522,372,3243
8.578750000000127,878,2530,336,3243
8.579375000000027,284,1898,868,3243
8.579999999999927,-42,186,732,3243
8.580625000000055,-902,-1110,128,3243
8.581249999999955,-1942,-2556,640,3243
8.581875000000082,-1488,-2770,-160,3243
8.582499999999982,-478,-1500,280,3243
8.58312500000011,-392,-1624,-90,3243
8.583750000000009,644,-330,162,3243
8.584374999999909,1032,128,-80,3243
8.585000000000036,1218,1538,546,3243
8.585624999999936,1152,1264,358,3243
8.586250000000064,1712,1946,-34,3243
8.586874999999964,4,582,228,3243
8.587500000000091,-642,-52,798,3243
8.588124999999991,-964,-1668,320,3243
8.588750000000118,-1846,-2944,168,3243
8.589375000000018,-1412,-2432,256,3243
8.589999999999918,-970,-2138,152,3243
8.590625000000045,-112,-1378,194,3243
8.591249999999945,-334,-762,254,3242
8.591875000000073,946,1260,150,3242
8.592499999999973,1404,1978,-126,3242
8.5931250000001,1960,3976,-36,3242
8.59375,1212,3270,54,3242
8.594375000000127,256,1860,120,3242
8.595000000000027,-268,984,316,3242
8.595624999999927,-718,368,688,3242
8.596250000000055,-1194,-1296,632,3242
8.596874999999955,-1604,-2302,312,3242
8.597500000000082,-1166,-1664,780,3242
8.598124999999982,-704,-1696,326,3242
8.59875000000011,426,-564,88,3242
8.599375000000009,1218,934,106,3242
8.599999999999909,1562,1808,-64,3242
8.600625000000036,1030,1364,272,3242
8.601249999999936,1804,2622,152,3242
8.601875000000064,226,1006,702,3242
8.602499999999964,312,34,294,3242
8.603125000000091,-906,-1514,332,3242
8.603749999999991,-1526,-2504,562,3242
8.604375000000118,-1560,-3606,-62,3242
8.605000000000018,-1510,-3328,-122,3242
8.605624999999918,-532,-1482,500,3242
8.606250000000045,310,-670,254,3242
8.606874999999945,1200,586,-30,3242
8.607500000000073,1086,1320,32,3242
8.608124999999973,1410,2556,254,3242
8.6087500000001,856,2070,482,3242
8.609375,510,2242,356,3241
8.610000000000127,-256,1236,224,3241
8.610625000000027,-622,36,172,3241
8.611249999999927,-1572,-1610,66,3241
8.611875000000055,-2274,-2188,192,3241
8.612499999999955,-722,-1338,270,3241
8.613125000000082,-412,-1262,-168,3241
8.613749999999982,214,108,256,3241
8.61437500000011,562,852,416,3241
8.615000000000009,1720,2190,370,3241
8.615624999999909,1364,2426,502,3241
8.616250000000036,1910,3232,384,3241
8.616874999999936,512,1384,530,3241
8.617500000000064,232,644,320,3241
8.618124999999964,-1104,-1188,206,3241
8.618750000000091,-1266,-1764,342,3241
8.619374999999991,-1316,-2730,234,3241
8.620000000000118,-1250,-2654,430,3241
8.620625000000018,-344,-2010,206,3241
8.621249999999918,-194,-1456,108,3241
8.621875000000045,814,98,176,3241
8.622499999999945,1340,1092,74,3241
8.623125000000073,1812,2006,-128,3241
8.623749999999973,508,1336,398,3241
8.6243750000001,772,1980,448,3241
8.625,-118,498,506,3241
8.625625000000127,-526,-366,120,3241
8.626250000000027,-1464,-1704,354,3241
8.626874999999927,-1612,-2382,410,3241
8.627500000000055,-1296,-2312,212,3238
8.628124999999955,-1326,-1890,166,3238
8.628750000000082,332,-110,88,3238
8.629374999999982,818,664,-372,3238
8.63000000000011,1376,2498,24,3238
8.630625000000009,1542,2994,270,3238
8.631249999999909,1484,2936,118,3238
8.631875000000036,264,1828,228,3238
8.632499999999936,494,2220,726,3238
8.633125000000064,-102,434,614,3238
8.633749999999964,-1248,-1040,640,3238
8.634375000000091,-1638,-2256,416,3238
8.634999999999991,-1756,-2606,494,3238
8.635625000000118,-498,-2064,4,3238
8.636250000000018,-598,-1424,-120,3238
8.636874999999918,1252,498,-50,3238
8.637500000000045,1050,560,16,3238
8.638124999999945,1600,2128,632,3238
8.638750000000073,1284,1562,522,3238
8.639374999999973,1466,1344,250,3238
8.6400000000001,-336,14,226,3238
8.640625,-336,-34,372,3238
8.641250000000127,-1384,-2242,404,3238
8.641875000000027,-1470,-2698,-44,3238
8.642499999999927,-1464,-2560,270,3238
8.643125000000055,-736,-2246,344,3238
8.643749999999955,160,-1076,0,3238
8.644375000000082,-132,-386,222,3238
8.644999999999982,1104,1520,280,3240
8.64562500000011,1880,2614,224,3240
8.646250000000009,1288,2978,82,3240
8.646874999999909,322,2136,154,3240
8.647500000000036,690,2244,-52,3240
8.648124999999936,-640,706,366,3240
8.648750000000064,-1320,-482,576,3240
8.649374999999964,-1342,-1598,404,3240
8.650000000000091,-1346,-1896,246,3240
8.650624999999991,-1082,-1780,390,3240
8.651250000000118,-912,-1534,444,3240
8.651875000000018,860,356,394,3240
8.652499999999918,818,794,-34,3240
8.653125000000045,1930,2606,320,3240
8.653749999999945,1480,1804,-100,3240
8.654375000000073,984,1760,330,3240
8.654999999999973,22,384,222,3240
8.6556250000001,78,232,456,3240
8.65625,-894,-1524,512,3240
8.656875000000127,-1030,-1808,560,3240
8.657500000000027,-1448,-3276,354,3240
8.658124999999927,-1640,-3706,-146,3240
8.658750000000055,-488,-1660,106,3240
8.659374999999955,134,-896,378,3240
8.660000000000082,1472,838,-184,3240
8.660624999999982,1246,1452,-10,3240
8.66125000000011,1460,2576,436,3240
8.661875000000009,1030,1976,144,3240
8.662499999999909,828,2550,396,3240
8.663125000000036,-236,1204,490,3235
8.663749999999936,-868,-340,384,3235
8.664375000000064,-1616,-1592,250,3235
8.664999999999964,-1652,-1364,218,3235
8.665625000000091,-878,-1522,48,3235
8.666249999999991,-1062,-2034,106,3235
8.666875000000118,166,-36,58,3235
8.667500000000018,244,604,400,3235
8.668124999999918,1684,2186,382,3235
8.668750000000045,1558,2400,84,3235
8.669374999999945,1136,2748,688,3235
8.670000000000073,968,1720,628,3235
8.670624999999973,640,1506,240,3235
8.6712500000001,-1060,-524,524,3235
8.671875,-796,-1128,96,3235
8.672500000000127,-1328,-2316,348,3235
8.673125000000027,-1420,-2876,12,3235
8.673749999999927,-822,-2360,420,3235
8.674375000000055,-470,-2080,64,3235
8.674999999999955,704,-154,350,3235
8.675625000000082,986,512,342,3235
8.676249999999982,1938,1784,-56,3235
8.67687500000011,1252,1598,-28,3235
8.677500000000009,472,1778,690,3235
8.678124999999909,216,626,244,3235
8.678750000000036,-240,62,278,3235
8.679374999999936,-1024,-922,320,3235
8.680000000000064,-1112,-1498,212,3235
8.680624999999964,-1374,-2338,344,3235
8.681250000000091,-1834,-2712,158,3236
8.681874999999991,-256,-896,54,3236
8.682500000000118,394,82,118,3236
8.683125000000018,1270,1620,-84,3236
8.683749999999918,1108,2292,52,3236
8.684375000000045,1410,2830,280,3236
8.684999999999945,1134,2744,66,3236
8.685625000000073,786,2854,670,3236
8.686249999999973,-354,782,704,3236
8.6868750000001,-956,-538,334,3236
8.6875,-1696,-1722,798,3236
8.688125000000127,-1462,-2290,466,3236
8.688750000000027,-860,-2236,192,3236
8.689374999999927,-770,-1856,132,3236
8.690000000000055,686,-186,-194,3236
8.690624999999955,426,-144,-8,3236
8.691250000000082,1532,1430,54,3236
8.691874999999982,1536,2060,592,3236
8.69250000000011,1500,1606,234,3236
8.693125000000009,382,574,464,3236
8.693749999999909,-68,420,772,3236
8.694375000000036,-848,-1532,216,3236
8.694999999999936,-1130,-2024,60,3236
8.695625000000064,-1530,-2462,464,3236
8.696249999999964,-1200,-2560,264,3236
8.696875000000091,-568,-2432,26,3236
8.697499999999991,-588,-1734,-84,3236
8.698125000000118,992,556,64,3236
8.698750000000018,1208,1446,244,3236
8.699374999999918,1310,2502,52,3235
8.700000000000045,984,2648,130,3235
8.700624999999945,678,2228,210,3235
8.701250000000073,-314,822,8,3235
8.701874999999973,-738,834,420,3235
8.7025000000001,-1104,-688,522,3235
8.703125,-1446,-1932,164,3235
8.703750000000127,-1542,-2094,408,3235
8.704375000000027,-1502,-1914,554,3235
8.704999999999927,292,-576,248,3235
8.705625000000055,122,40,392,3235
8.706249999999955,1560,1716,170,3235
8.706875000000082,1416,1932,346,3235
8.707499999999982,1596,2240,84,3235
8.70812500000011,640,1348,36,3235
8.708750000000009,582,1218,296,3235
8.709374999999909,-616,-614,480,3235
8.710000000000036,-1166,-1484,576,3235
8.710624999999936,-1554,-2960,538,3235
8.711250000000064,-1166,-2736,294,3235
8.711874999999964,-1056,-2260,340,3235
8.712500000000091,-354,-1850,-14,3235
8.713124999999991,1080,-50,22,3235
8.713750000000118,354,-48,124,3235
8.714375000000018,1036,1424,250,3235
8.714999999999918,1634,2370,316,3235
8.715625000000045,1276,2448,54,3235
8.716249999999945,78,1324,334,3235
8.716875000000073,-262,644,472,3222
8.717499999999973,-1184,-746,322,3222
8.7181250000001,-1524,-1146,234,3222
8.71875,-876,-1190,74,3222
8.719375000000127,-1078,-1850,-128,3222
8.720000000000027,-472,-922,246,3222
8.720624999999927,-428,-446,276,3222
8.721250000000055,1238,1218,70,3222
8.721874999999955,1118,1984,178,3222
8.722500000000082,2072,3750,516,3222
8.723124999999982,1322,2278,474,3222
8.72375000000011,1068,2642,540,3222
8.724375000000009,-94,858,338,3222
8.724999999999909,-250,480,762,3222
8.725625000000036,-1020,-1768,-20,3222
8.726249999999936,-1512,-2270,124,3222
8.726875000000064,-1106,-2360,260,3222
8.727499999999964,-1208,-2662,-118,3222
8.728125000000091,-114,-1728,298,3222
8.728749999999991,250,-690,446,3222
8.729375000000118,1718,890,208,3222
8.730000000000018,964,876,26,3222
8.730624999999918,1216,2104,390,3222
8.731250000000045,410,984,560,3222
8.731874999999945,768,1154,108,3222
8.732500000000073,-552,222,278,3222
8.733124999999973,-956,-952,546,3222
8.7337500000001,-1298,-1968,272,3222
8.734375,-1568,-2204,182,3222
8.735000000000127,-1490,-2412,330,3223
8.735625000000027,-306,-1436,198,3223
8.736249999999927,172,-350,-100,3223
8.736875000000055,80,606,28,3223
8.737499999999955,1716,2406,-128,3223
8.738125000000082,1698,2824,-8,3223
8.738749999999982,1420,3584,330,3223
8.73937500000011,1074,2946,730,3223
8.740000000000009,224,1446,386,3223
8.740624999999909,-826,64,524,3223
8.741250000000036,-1568,-1262,624,3223
8.741874999999936,-794,-1408,736,3223
8.742500000000064,-1070,-2062,-28,3223
8.743124999999964,-1292,-2538,384,3223
8.743750000000091,-634,-1992,-186,3223
8.744374999999991,704,70,158,3223
8.745000000000118,754,450,-144,3223
8.745625000000018,2210,2448,110,3223
8.746249999999918,1148,1068,250,3223
8.746875000000045,802,1486,768,3223
8.747499999999945,412,586,448,3223
8.748125000000073,82,-108,112,3223
8.748749999999973,-1088,-1240,400,3223
8.7493750000001,-1506,-2040,552,3223
8.75,-1302,-3028,26,3223
8.750625000000127,-1724,-3478,92,3223
8.751250000000027,-632,-1800,206,3223
8.751874999999927,-264,-1344,6,3223
8.752500000000055,1280,1032,114,3234
8.753124999999955,620,1138,344,3234
8.753750000000082,1430,2640,112,3234
8.754374999999982,1026,2514,102,3234
8.75500000000011,920,2768,120,3234
8.755625000000009,-16,1536,126,3234
8.756249999999909,-648,278,214,3234
8.756875000000036,-1458,-1022,418,3234
8.757499999999936,-1544,-1296,666,3234
8.758125000000064,-1168,-2018,532,3234
8.758749999999964,-970,-2024,134,3234
8.759375000000091,-280,-442,656,3234
8.759999999999991,134,-396,260,3234
8.760625000000118,1386,1098,26,3234
8.761250000000018,1572,2006,182,3234
8.761874999999918,1852,2504,-84,3234
8.762500000000045,840,1408,358,3234
8.763124999999945,922,1558,302,3234
8.763750000000073,-608,-308,648,3234
8.764374999999973,-528,-1260,344,3234
8.7650000000001,-1360,-2490,414,3234
8.765625,-1582,-2970,480,3234
8.766250000000127,-996,-3260,-14,3234
8.766875000000027,-1024,-2674,-94,3234
8.767499999999927,128,-466,428,3234
8.768125000000055,788,194,166,3234
8.768749999999955,1564,1664,-84,3234
8.769375000000082,1126,1978,136,3234
8.769999999999982,1252,2516,258,3234
8.77062500000011,394,1532,310,3251
8.771250000000009,110,1724,412,3251
8.771874999999909,-904,96,208,3251
8.772500000000036,-928,-724,226,3251
8.773124999999936,-1624,-1926,228,3251
8.773750000000064,-2130,-2304,190,3251
8.774374999999964,-310,-1012,164,3251
8.775000000000091,30,-404,22,3251
8.775624999999991,692,852,256,3251
8.776250000000118,1116,1584,332,3251
8.776875000000018,1756,2638,366,3251
8.777499999999918,1074,2412,482,3251
8.778125000000045,1474,2842,412,3251
8.778749999999945,332,1206,546,3251
8.779375000000073,-440,-30,388,3251
8.779999999999973,-1210,-1620,144,3251
8.7806250000001,-1652,-2624,252,3251
8.78125,-1186,-2688,168,3251
8.781875000000127,-1300,-2596,364,3251
8.782500000000027,50,-1714,234,3251
8.783124999999927,0,-1244,250,3251
8.783750000000055,784,508,318,3251
8.784374999999955,1530,1444,240,3251
8.785000000000082,1864,1914,-184,3251
8.785624999999982,290,1142,426,3251
8.78625000000011,420,1424,452,3251
8.786875000000009,-540,-10,408,3251
8.787499999999909,-734,-748,110,3251
8.788125000000036,-1220,-1486,304,3251
8.788749999999936,-1730,-2474,398,3251
8.789375000000064,-1200,-2400,172,3249
8.789999999999964,-1216,-1752,82,3249
8.790625000000091,418,22,28,3249
8.791249999999991,716,620,-320,3249
8.791875000000118,1578,2812,34,3249
8.792500000000018,1312,2638,364,3249
8.793124999999918,1730,3260,288,3249
8.793750000000045,474,2126,236,3249
8.794374999999945,436,2150,832,3249
8.795000000000073,-232,136,510,3249
8.795624999999973,-1520,-1356,588,3249
8.7962500000001,-1258,-1746,352,3249
8.796875,-1558,-2010,432,3249
8.797500000000127,-956,-2838,-36,3249
8.798125000000027,-622,-1716,-148,3249
8.798749999999927,784,-50,-14,3249
8.799375000000055,568,-78,-30,3249
8.799999999999955,1348,1664,590,3249
8.800625000000082,1010,1110,498,3249
8.801249999999982,1962,2044,332,3249
8.80187500000011,166,874,346,3249
8.802500000000009,-92,320,426,3249
8.803124999999909,-1160,-1682,518,3249
8.803750000000036,-1360,-2452,26,3249
8.804374999999936,-1952,-2926,316,3249
8.805000000000064,-1220,-2580,372,3249
8.805624999999964,-524,-2080,34,3249
8.806250000000091,-522,-1312,66,3249
8.806874999999991,580,650,266,3254
8.807500000000118,1542,1798,112,3254
8.808125000000018,1680,3110,-80,3254
8.808749999999918,692,2566,168,3254
8.809375000000045,862,2434,-6,3254
8.809999999999945,70,1622,322,3254
8.810625000000073,-994,398,668,3254
8.811249999999973,-816,-394,646,3254
8.8118750000001,-1250,-1424,326,3254
8.8125,-1864,-2518,474,3254
8.813125000000127,-1488,-2150,536,3254
8.813750000000027,184,-654,442,3254
8.814374999999927,216,-284,-114,3254
8.815000000000055,1606,1760,222,3254
8.815624999999955,1286,1202,-192,3254
8.816250000000082,1456,2214,270,3254
8.816874999999982,1170,1782,72,3254
8.81750000000011,1114,1914,402,3254
8.818125000000009,-346,-458,462,3254
8.818749999999909,-878,-1114,644,3254
8.819375000000036,-1348,-2694,492,3254
8.819999999999936,-1734,-3428,108,3254
8.820625000000064,-1152,-2616,246,3254
8.821249999999964,-1024,-2554,336,3254
8.821875000000091,402,-1078,-62,3254
8.822499999999991,206,-506,-88,3254
8.823125000000118,1164,1550,302,3254
8.823750000000018,1234,1750,140,3254
8.824374999999918,1372,2598,98,3254
8.825000000000045,490,2072,422,3251
8.825624999999945,468,1784,230,3251
8.826250000000073,-774,242,208,3251
8.826874999999973,-1044,44,418,3251
8.8275000000001,-1216,-1288,26,3251
8.828125,-1454,-2192,140,3251
8.828750000000127,-982,-1218,324,3251
8.829375000000027,-802,-878,580,3251
8.829999999999927,652,-76,276,3251
8.830625000000055,1226,1178,66,3251
8.831249999999955,1354,2498,524,3251
8.831875000000082,1388,1910,470,3251
8.832499999999982,1804,2744,190,3251
8.83312500000011,306,1462,390,3251
8.833750000000009,470,1050,144,3251
8.834374999999909,-640,-704,368,3251
8.835000000000036,-1358,-2094,72,3251
8.835624999999936,-1574,-2838,484,3251
8.836250000000064,-1416,-3254,54,3251
8.836874999999964,-500,-1964,384,3251
8.837500000000091,0,-1180,516,3251
8.838124999999991,1100,-112,-52,3251
8.838750000000118,1002,322,-226,3251
8.839375000000018,932,1976,710,3251
8.839999999999918,1198,1668,164,3251
8.840625000000045,1430,2418,78,3251
8.841249999999945,110,1176,250,3251
8.841875000000073,-272,330,256,3251
8.842499999999973,-1036,-1012,444,3251
8.8431250000001,-2036,-2084,344,3253
8.84375,-1164,-1646,124,3253
8.844375000000127,-714,-1416,56,3253
8.845000000000027,-470,-1204,94,3253
8.845624999999927,-504,-706,-90,3253
8.846250000000055,1050,1362,128,3253
8.846874999999955,1386,2114,114,3253
8.847500000000082,1876,3596,414,3253
8.848124999999982,1382,3024,614,3253
8.84875000000011,900,2292,418,3253
8.849375000000009,-180,1124,740,3253
8.849999999999909,-566,30,634,3253
8.850625000000036,-1002,-1494,372,3253
8.851249999999936,-1494,-2266,292,3253
8.851875000000064,-1094,-2436,-72,3253
8.852499999999964,-1000,-2270,-50,3253
8.853125000000091,-20,-1386,84,3253
8.853749999999991,572,-196,424,3253
8.854375000000118,1314,466,96,3253
8.855000000000018,852,614,358,3253
8.855624999999918,1160,1848,622,3253
8.856250000000045,712,1098,208,3253
8.856874999999945,640,866,146,3253
8.857500000000073,-718,-462,438,3253
8.858124999999973,-1048,-1054,520,3253
8.8587500000001,-1494,-2536,262,3253
8.859375,-1616,-2688,38,3253
8.860000000000127,-820,-2042,226,3253
8.860625000000027,-608,-1664,230,3253
8.861249999999927,394,-232,-58,3249
8.861875000000055,266,604,-40,3249
8.862499999999955,1722,2486,-42,3249
8.863125000000082,1458,2694,-200,3249
8.863749999999982,1312,3584,200,3249
8.86437500000011,754,2596,564,3249
8.865000000000009,-108,1028,372,3249
8.865624999999909,-1022,-336,394,3249
8.866250000000036,-980,-336,838,3249
8.866874999999936,-1216,-1946,480,3249
8.867500000000064,-1524,-2270,336,3249
8.868124999999964,-558,-1554,264,3249
8.868750000000091,-756,-1410,276,3249
8.869374999999991,766,-36,-48,3249
8.870000000000118,552,310,-106,3249
8.870625000000018,1884,2080,-32,3249
8.871249999999918,1364,1648,222,3249
8.871875000000045,952,1852,706,3249
8.872499999999945,44,128,420,3249
8.873125000000073,230,-164,466,3249
8.873749999999973,-1544,-1790,538,3249
8.8743750000001,-1150,-2134,204,3249
8.875,-1344,-3090,338,3249
8.875625000000127,-1690,-3396,82,3249
8.876250000000027,-674,-2122,36,3249
8.876874999999927,304,-680,398,3249
8.877500000000055,1358,1010,-82,3249
8.878124999999955,978,1654,152,3249
8.878750000000082,1108,2354,302,3250
8.879374999999982,1432,2712,112,3250
8.88000000000011,672,2694,178,3250
8.880625000000009,-336,1158,256,3250
8.881249999999909,-514,6,-24,3250
8.881875000000036,-1562,-1024,514,3250
8.882499999999936,-2074,-2134,518,3250
8.883125000000064,-830,-1536,344,3250
8.883749999999964,-634,-1108,280,3250
8.884375000000091,302,-176,236,3250
8.884999999999991,200,-74,306,3250
8.885625000000118,1442,1704,440,3250
8.886250000000018,1468,2104,60,3250
8.886874999999918,1864,3324,530,3250
8.887500000000045,870,1346,-28,3250
8.888124999999945,374,1118,328,3250
8.888750000000073,-846,-942,138,3250
8.889374999999973,-1104,-1670,314,3250
8.8900000000001,-1400,-2724,442,3250
8.890625,-1444,-2834,502,3250
8.891250000000127,-434,-2354,336,3250
8.891875000000027,-796,-2242,74,3250
8.892499999999927,522,-316,68,3250
8.893125000000055,932,766,544,3250
8.893749999999955,1678,1554,-250,3250
8.894375000000082,926,1688,80,3250
8.894999999999982,1264,2914,532,3250
8.89562500000011,16,866,192,3250
8.896250000000009,-140,690,316,3253
8.896874999999909,-956,-282,476,3253
8.897500000000036,-1296,-1710,212,3253
8.898124999999936,-1304,-1796,176,3253
8.898750000000064,-1550,-1466,242,3253
8.899374999999964,-544,-1444,-206,3253
8.900000000000091,382,-230,26,3253
8.900624999999991,792,1434,216,3253
8.901250000000118,980,1882,530,3253
8.901875000000018,2232,3318,374,3253
8.902499999999918,1358,2670,310,3253
8.903125000000045,1074,2712,530,3253
8.903749999999945,346,1374,864,3253
8.904375000000073,-516,-366,136,3253
8.904999999999973,-1624,-1744,448,3253
8.9056250000001,-1536,-2450,32,3253
8.90625,-710,-1892,116,3253
8.906875000000127,-842,-2170,-118,3253
8.907500000000027,-264,-1750,338,3253
8.908124999999927,406,-1152,18,3253
8.908750000000055,948,740,488,3253
8.909374999999955,1194,1142,396,3253
8.910000000000082,2216,2420,-104,3253
8.910624999999982,552,1186,206,3253
8.91125000000011,124,944,666,3253
8.911875000000009,-240,-274,138,3253
8.912499999999909,-1274,-1550,286,3253
8.913125000000036,-1444,-1930,350,3253
8.913749999999936,-1214,-2144,166,3253
8.914375000000064,-1226,-2496,366,3253
8.914999999999964,-1410,-2278,162,3239
8.915625000000091,354,-128,-72,3239
8.916249999999991,876,938,-30,3239
8.916875000000118,1838,3216,4,3239
8.917500000000018,1438,3034,52,3239
8.918124999999918,1294,2868,212,3239
8.918750000000045,706,2500,366,3239
8.919374999999945,84,1968,808,3239
8.920000000000073,-742,-126,642,3239
8.920624999999973,-1270,-1292,324,3239
8.9212500000001,-1788,-2008,768,3239
8.921875,-1224,-2108,286,3239
8.922500000000127,-592,-1832,248,3239
8.923125000000027,-306,-1344,-26,3239
8.923749999999927,1006,470,-110,3239
8.924375000000055,780,350,136,3239
8.924999999999955,1636,1774,118,3239
8.925625000000082,1208,1890,650,3239
8.926249999999982,1220,1334,282,3239
8.92687500000011,84,136,384,3239
8.927500000000009,-566,-426,738,3239
8.928124999999909,-1332,-2312,294,3239
8.928750000000036,-1446,-2688,-66,3239
8.929374999999936,-1112,-2160,520,3239
8.930000000000064,-1022,-2486,234,3239
8.930624999999964,-134,-1792,-68,3239
8.931250000000091,-296,-1086,10,3239
8.931874999999991,1330,1354,56,3239
8.932500000000118,1326,1878,150,3239
8.933125000000018,1594,3220,102,3242
8.933749999999918,870,2642,140,3242
8.934375000000045,930,2722,284,3242
8.934999999999945,-556,672,192,3242
8.935625000000073,-978,430,426,3242
8.936249999999973,-1142,-930,426,3242
8.9368750000001,-1474,-2044,170,3242
8.9375,-1296,-1842,382,3242
8.938125000000127,-1058,-1456,470,3242
8.938750000000027,550,-286,182,3242
8.939374999999927,440,390,362,3242
8.940000000000055,1692,1974,86,3242
8.940624999999955,1250,2010,410,3242
8.941250000000082,1486,2344,248,3242
8.941874999999982,404,846,-124,3242
8.94250000000011,586,1242,352,3242
8.943125000000009,-708,-848,366,3242
8.943749999999909,-1122,-1544,554,3242
8.944375000000036,-1464,-3004,530,3242
8.944999999999936,-1476,-3278,296,3242
8.945625000000064,-994,-2542,360,3242
8.946249999999964,-116,-1522,142,3242
8.946875000000091,1076,28,-44,3242
8.947499999999991,812,478,18,3242
8.948125000000118,1030,1570,170,3242
8.948750000000018,1388,2172,292,3242
8.949374999999918,1284,2624,58,3242
8.950000000000045,18,1238,354,3242
8.950624999999945,-390,356,384,3242
8.951250000000073,-1114,-628,384,3239
8.951874999999973,-1822,-1642,312,3239
8.9525000000001,-986,-1272,212,3239
8.953125,-842,-1524,-186,3239
8.953750000000127,-330,-650,218,3239
8.954375000000027,-182,-266,288,3239
8.954999999999927,998,1188,266,3239
8.955625000000055,1208,1950,146,3239
8.956249999999955,2118,3846,488,3239
8.956875000000082,1346,2224,288,3239
8.957499999999982,560,1846,624,3239
8.95812500000011,-388,400,298,3239
8.958750000000009,-670,2,672,3239
8.959374999999909,-842,-1662,36,3239
8.960000000000036,-1834,-2644,54,3239
8.960624999999936,-1172,-2910,148,3239
8.961250000000064,-1160,-2734,26,3239
8.961874999999964,124,-1224,384,3239
8.962500000000091,602,-104,540,3239
8.963124999999991,1692,842,96,3239
8.963750000000118,648,726,142,3239
8.964375000000018,1690,2752,462,3239
8.964999999999918,480,992,460,3239
8.965625000000045,580,910,14,3239
8.966249999999945,-696,-38,302,3239
8.966875000000073,-1066,-1144,576,3239
8.967499999999973,-1224,-2000,160,3239
8.9681250000001,-1616,-2166,230,3239
8.96875,-1152,-2052,254,3243
8.969375000000127,14,-1194,38,3243
8.970000000000027,302,130,-58,3243
8.970624999999927,102,784,20,3243
8.971250000000055,1824,2432,-146,3243
8.971874999999955,1604,2840,260,3243
8.972500000000082,1100,3304,410,3243
8.973124999999982,762,2474,758,3243
8.97375000000011,278,1520,570,3243
8.974375000000009,-990,-336,356,3243
8.974999999999909,-1400,-1024,720,3243
8.975625000000036,-1188,-2254,486,3243
8.976249999999936,-1262,-2206,-50,3243
8.976875000000064,-884,-2048,314,3243
8.977499999999964,-318,-1616,-308,3243
8.978125000000091,864,338,204,3243
8.978749999999991,842,552,-60,3243
8.979375000000118,2180,2474,146,3243
8.980000000000018,984,1024,300,3243
8.980624999999918,780,1202,658,3243
8.981250000000045,156,214,520,3243
8.981874999999945,-342,-540,334,3243
8.982500000000073,-1016,-1424,338,3243
8.983124999999973,-1342,-2066,536,3243
8.9837500000001,-1298,-2942,158,3243
8.984375,-1676,-3500,-114,3243
8.985000000000127,-560,-1564,250,3243
8.985625000000027,102,-698,-14,3243
8.986249999999927,1346,1486,20,3254
8.986875000000055,1142,1876,112,3254
8.987499999999955,1408,2710,104,3254
8.988125000000082,1158,2672,126,3254
8.988749999999982,916,3298,302,3254
8.98937500000011,-186,1454,308,3254
8.990000000000009,-1022,-340,316,3254
8.990624999999909,-1688,-1264,434,3254
8.991250000000036,-1592,-1536,728,3254
8.991874999999936,-1082,-1922,524,3254
8.992500000000064,-1168,-2180,78,3254
8.993124999999964,124,-242,556,3254
8.993750000000091,430,-176,224,3254
8.994374999999991,1318,1280,108,3254
8.995000000000118,1592,2240,234,3254
8.995625000000018,1600,2224,-152,3254
8.996249999999918,700,1216,306,3254
8.996875000000045,652,1086,172,3254
8.997499999999945,-794,-688,674,3254
8.998125000000073,-770,-1644,298,3254
8.998749999999973,-1130,-2276,576,3254
8.9993750000001,-1392,-2902,522,3254
9.0,-754,-3126,68,3254
9.000625000000127,-816,-2462,-100,3254
9.001250000000027,242,-334,416,3254
9.001874999999927,1048,590,96,3254
9.002500000000055,1776,2066,-128,3254
9.003124999999955,910,1720,28,3254
9.003750000000082,1342,2896,250,3254
9.004374999999982,432,1720,398,3254
9.00500000000011,-98,1300,382,3257
9.005625000000009,-1002,-70,272,3257
9.006249999999909,-992,-900,162,3257
9.006875000000036,-1342,-1760,118,3257
9.007499999999936,-1666,-1706,222,3257
9.008125000000064,-582,-1398,156,3257
9.008749999999964,134,-382,144,3257
9.009375000000091,992,1100,240,3257
9.009999999999991,896,1648,568,3257
9.010625000000118,1728,2604,318,3257
9.011250000000018,798,2126,574,3257
9.011874999999918,1638,2890,370,3257
9.012500000000045,144,1012,386,3257
9.013124999999945,-552,-292,270,3257
9.013750000000073,-1398,-1836,64,3257
9.014374999999973,-1728,-2792,116,3257
9.0150000000001,-1562,-3384,208,3257
9.015625,-1134,-2582,392,3257
9.016250000000127,128,-1668,184,3257
9.016875000000027,70,-1130,270,3257
9.017499999999927,658,480,498,3257
9.018125000000055,1342,1228,128,3257
9.018749999999955,1984,2572,122,3257
9.019375000000082,452,1176,280,3257
9.019999999999982,242,1012,384,3257
9.02062500000011,-380,104,440,3257
9.021250000000009,-874,-920,76,3257
9.021874999999909,-1194,-1472,312,3257
9.022500000000036,-1430,-2196,318,3257
9.023124999999936,-1124,-2296,40,3253
9.023750000000064,-996,-1476,54,3253
9.024374999999964,530,454,54,3253
9.025000000000091,832,916,-334,3253
9.025624999999991,1694,3206,196,3253
9.026250000000118,1256,2820,574,3253
9.026875000000018,1436,2770,190,3253
9.027499999999918,38,1634,482,3253
9.028125000000045,122,1834,858,3253
9.028749999999945,-384,-114,534,3253
9.029375000000073,-1770,-1706,448,3253
9.029999999999973,-1602,-2310,294,3253
9.0306250000001,-1394,-2120,350,3253
9.03125,-486,-2042,-88,3253
9.031875000000127,-70,-1004,-46,3253
9.032500000000027,960,318,-36,3253
9.033124999999927,562,288,144,3253
9.033750000000055,2018,2440,430,3253
9.034374999999955,968,1310,384,3253
9.035000000000082,1400,1636,494,3253
9.035624999999982,-234,124,446,3253
9.03625000000011,-432,-576,396,3253
9.036875000000009,-1238,-2072,466,3253
9.037499999999909,-1454,-2530,248,3253
9.038125000000036,-1740,-3010,92,3253
9.038749999999936,-748,-2266,336,3253
9.039375000000064,12,-1194,-26,3253
9.039999999999964,-154,-424,-8,3253
9.040625000000091,1152,1374,90,3239
9.041249999999991,1670,2292,104,3239
9.041875000000118,1472,3192,54,3239
9.042500000000018,664,2528,152,3239
9.043124999999918,774,2316,-18,3239
9.043750000000045,-542,990,520,3239
9.044374999999945,-1192,-184,644,3239
9.045000000000073,-1150,-1266,570,3239
9.045624999999973,-1402,-1816,390,3239
9.0462500000001,-1382,-2188,462,3239
9.046875,-1006,-1958,308,3239
9.047500000000127,642,76,412,3239
9.048125000000027,746,628,-54,3239
9.048749999999927,1834,2312,266,3239
9.049375000000055,1394,1442,-284,3239
9.049999999999955,1046,1746,302,3239
9.050625000000082,440,896,140,3239
9.051249999999982,256,450,254,3239
9.05187500000011,-808,-1258,500,3239
9.052500000000009,-1388,-1988,780,3239
9.053124999999909,-1258,-3098,410,3239
9.053750000000036,-1680,-3706,142,3239
9.054374999999936,-626,-1892,230,3239
9.055000000000064,-330,-1280,490,3239
9.055624999999964,1356,316,-320,3239
9.056250000000091,1176,1094,-86,3239
9.056874999999991,1328,2426,360,3239
9.057500000000118,1254,2220,96,3239
9.058125000000018,1276,2968,204,3250
9.058749999999918,-12,1590,472,3250
9.059375000000045,-532,250,386,3250
9.059999999999945,-1422,-1280,160,3250
9.060625000000073,-1540,-1046,264,3250
9.061249999999973,-1068,-1504,90,3250
9.0618750000001,-1328,-2230,48,3250
9.0625,-274,-704,222,3250
9.063125000000127,54,64,538,3250
9.063750000000027,1320,1468,372,3250
9.064374999999927,1712,2336,210,3250
9.065000000000055,1324,2782,570,3250
9.065624999999955,1132,2004,672,3250
9.066250000000082,1126,2148,152,3250
9.066874999999982,-746,80,418,3250
9.06750000000011,-620,-752,92,3250
9.068125000000009,-1208,-1876,314,3250
9.068749999999909,-1592,-2944,8,3250
9.069375000000036,-1290,-3164,386,3250
9.069999999999936,-772,-2488,192,3250
9.070625000000064,304,-1010,310,3250
9.071249999999964,924,238,440,3250
9.071875000000091,1912,1372,-146,3250
9.072499999999991,1008,1314,86,3250
9.073125000000118,824,2072,706,3250
9.073750000000018,558,1072,200,3250
9.074374999999918,388,888,200,3250
9.075000000000045,-1184,-676,322,3250
9.075624999999945,-1116,-1272,266,3250
9.076250000000073,-1314,-2148,354,3250
9.076874999999973,-2004,-2662,224,3248
9.0775000000001,-454,-1204,-8,3248
9.078125,16,-398,52,3248
9.078750000000127,912,950,-72,3248
9.079375000000027,720,1518,6,3248
9.079999999999927,1526,2680,206,3248
9.080625000000055,1196,2590,226,3248
9.081249999999955,1228,3230,604,3248
9.081875000000082,84,1432,704,3248
9.082499999999982,-516,226,412,3248
9.08312500000011,-1482,-1000,852,3248
9.083750000000009,-1542,-2076,294,3248
9.084374999999909,-1160,-2262,322,3248
9.085000000000036,-1078,-2210,6,3248
9.085624999999936,192,-934,-152,3248
9.086250000000064,28,-870,112,3248
9.086874999999964,1144,618,68,3248
9.087500000000091,1418,1584,446,3248
9.088124999999991,1866,2246,238,3248
9.088750000000118,782,1068,296,3248
9.089375000000018,310,774,632,3248
9.089999999999918,-690,-908,414,3248
9.090625000000045,-716,-1372,44,3248
9.091249999999945,-1376,-1926,620,3248
9.091875000000073,-1504,-2694,306,3248
9.092499999999973,-908,-2800,126,3248
9.0931250000001,-958,-2240,-72,3248
9.09375,516,72,-14,3248
9.094375000000127,900,818,148,3248
9.095000000000027,1548,2442,-96,3249
9.095624999999927,948,2354,84,3249
9.096250000000055,1464,3212,206,3249
9.096874999999955,172,1770,80,3249
9.097500000000082,-378,1904,512,3249
9.098124999999982,-668,208,532,3249
9.09875000000011,-1508,-1664,262,3249
9.099375000000009,-1690,-2100,376,3249
9.099999999999909,-1412,-1754,666,3249
9.100625000000036,-240,-1424,236,3249
9.101249999999936,-34,-478,358,3249
9.101875000000064,1224,1148,100,3249
9.102499999999964,904,1182,284,3249
9.103125000000091,1624,2256,216,3249
9.103749999999991,766,1252,-62,3249
9.104375000000118,1138,1776,204,3249
9.105000000000018,-192,-12,336,3249
9.105624999999918,-820,-754,706,3249
9.106250000000045,-1242,-2500,410,3249
9.106874999999945,-1310,-2888,310,3249
9.107500000000073,-1722,-3272,538,3249
9.108124999999973,-596,-2216,132,3249
9.1087500000001,448,-1092,116,3249
9.109375,358,-468,-34,3249
9.110000000000127,878,1286,234,3249
9.110625000000027,1478,2066,340,3249
9.111249999999927,1624,2814,-28,3249
9.111875000000055,260,1488,318,3249
9.112499999999955,-170,844,424,3249
9.113125000000082,-694,-86,284,3249
9.113749999999982,-1748,-1196,272,3249
9.11437500000011,-976,-1164,188,3249
9.115000000000009,-994,-1694,-288,3249
9.115624999999909,-1002,-1426,230,3249
9.116250000000036,-668,-942,338,3249
9.116874999999936,746,796,416,3249
9.117500000000064,1080,1622,166,3249
9.118124999999964,2022,3654,528,3249
9.118750000000091,1314,2174,386,3249
9.119374999999991,626,1850,686,3249
9.120000000000118,-24,898,256,3249
9.120625000000018,-540,354,660,3249
9.121249999999918,-726,-1432,-18,3249
9.121875000000045,-1834,-2494,52,3249
9.122499999999945,-1244,-2904,118,3249
9.123125000000073,-1186,-2944,0,3249
9.123749999999973,38,-1352,360,3249
9.1243750000001,568,-294,428,3249
9.125,1614,744,154,3249
9.125625000000127,648,622,110,3249
9.126250000000027,1626,2640,390,3249
9.126874999999927,462,1134,710,3249
9.127500000000055,404,522,-42,3249
9.128124999999955,-710,-224,272,3249
9.128750000000082,-1120,-1064,658,3249
9.129374999999982,-1134,-1892,142,3249
9.13000000000011,-1454,-2050,186,3249
9.130625000000009,-1042,-1748,358,3238
9.131249999999909,110,-994,12,3238
9.131875000000036,534,384,-164,3238
9.132499999999936,172,1032,50,3238
9.133125000000064,1884,2808,-148,3238
9.133749999999964,1720,3150,176,3238
9.134375000000091,864,3146,490,3238
9.134999999999991,396,1970,772,3238
9.135625000000118,0,952,558,3238
9.136250000000018,-1304,-842,428,3238
9.136874999999918,-1532,-1462,766,3238
9.137500000000045,-1146,-2406,454,3238
9.138124999999945,-1148,-2190,-38,3238
9.138750000000073,-444,-1476,320,3238
9.139374999999973,194,-864,-262,3238
9.1400000000001,1038,866,158,3238
9.140625,956,850,-110,3238
9.141250000000127,2238,2638,122,3238
9.141875000000027,898,1098,324,3238
9.142499999999927,430,724,532,3238
9.143125000000055,-396,-558,540,3238
9.143749999999955,-940,-1492,338,3238
9.144375000000082,-1164,-1978,278,3238
9.144999999999982,-1268,-2194,630,3238
9.14562500000011,-1072,-3076,124,3238
9.146250000000009,-1222,-3008,-188,3238
9.146874999999909,-26,-664,282,3238
9.147500000000036,682,240,18,3238
9.148124999999936,1742,2548,92,3238
9.148750000000064,1368,2722,260,3235
9.149374999999964,1094,2624,118,3235
9.150000000000091,434,2084,200,3235
9.150624999999991,8,1944,350,3235
9.151250000000118,-900,112,182,3235
9.151875000000018,-1516,-1532,222,3235
9.152499999999918,-1904,-2104,422,3235
9.153125000000045,-1480,-1588,718,3235
9.153749999999945,-416,-1274,398,3235
9.154375000000073,-186,-824,152,3235
9.154999999999973,982,1280,478,3235
9.1556250000001,1012,1014,346,3235
9.15625,1694,2086,12,3235
9.156875000000127,1216,2364,430,3235
9.157500000000027,1090,1794,42,3235
9.158124999999927,70,414,342,3235
9.158750000000055,-460,-532,150,3235
9.159374999999955,-1558,-2226,622,3235
9.160000000000082,-1290,-2770,132,3235
9.160624999999982,-754,-2192,376,3235
9.16125000000011,-880,-2430,448,3235
9.161875000000009,300,-1634,8,3235
9.162499999999909,-14,-1050,-98,3235
9.163125000000036,1234,1556,484,3235
9.163749999999936,1502,1842,222,3235
9.164375000000064,1506,2240,-50,3235
9.164999999999964,450,1616,180,3235
9.165625000000091,80,1170,322,3235
9.166249999999991,-608,-30,430,3235
9.166875000000118,-1156,-628,456,3238
9.167500000000018,-1534,-1642,192,3238
9.168124999999918,-1050,-1598,46,3238
9.168750000000045,-664,-1354,0,3238
9.169374999999945,-1000,-1126,14,3238
9.170000000000073,664,472,-28,3238
9.170624999999973,1088,1376,200,3238
9.1712500000001,1688,2690,374,3238
9.171875,1174,2570,606,3238
9.172500000000127,1328,2696,504,3238
9.173125000000027,32,1326,666,3238
9.173749999999927,412,1312,476,3238
9.174375000000055,-1026,-908,448,3238
9.174999999999955,-1268,-1790,180,3238
9.175625000000082,-1378,-2500,-34,3238
9.176249999999982,-1652,-2996,82,3238
9.17687500000011,-654,-2590,78,3238
9.177500000000009,-64,-1220,330,3238
9.178124999999909,1320,416,214,3238
9.178750000000036,832,320,124,3238
9.179374999999936,1006,1346,606,3238
9.180000000000064,1152,1434,158,3238
9.180624999999964,1036,1742,226,3238
9.181250000000091,-296,240,514,3238
9.181874999999991,-600,-588,436,3238
9.182500000000118,-1480,-2060,384,3238
9.183125000000018,-1734,-2606,118,3238
9.183749999999918,-920,-1944,162,3238
9.184375000000045,-848,-1878,222,3238
9.184999999999945,40,-732,0,3235
9.185625000000073,96,30,-138,3235
9.186249999999973,1138,1642,-26,3235
9.1868750000001,1374,2342,-146,3235
9.1875,1606,4094,214,3235
9.188125000000127,904,2764,514,3235
9.188750000000027,370,1510,328,3235
9.189374999999927,-994,84,554,3235
9.190000000000055,-1268,-574,784,3235
9.190624999999955,-858,-1316,556,3235
9.191250000000082,-1886,-2624,320,3235
9.191874999999982,-776,-1930,220,3235
9.19250000000011,-734,-1396,318,3235
9.193125000000009,810,-46,-122,3235
9.193749999999909,922,802,-58,3235
9.194375000000036,1508,1808,124,3235
9.194999999999936,968,1032,86,3235
9.195625000000064,1606,2518,544,3235
9.196249999999964,126,418,484,3235
9.196875000000091,154,-128,412,3235
9.197499999999991,-1326,-1600,566,3235
9.198125000000118,-1140,-2176,392,3235
9.198750000000018,-936,-2608,286,3235
9.199374999999918,-1232,-2732,128,3235
9.200000000000045,-666,-1814,88,3235
9.200624999999945,636,-190,326,3235
9.201250000000073,1200,968,-138,3235
9.201874999999973,556,1236,98,3235
9.2025000000001,1690,3058,256,3225
9.203125,1376,2764,200,3225
9.203750000000127,598,2412,134,3225
9.204375000000027,-532,922,338,3225
9.204999999999927,-590,-90,14,3225
9.205625000000055,-1578,-1260,302,3225
9.206249999999955,-1694,-1588,532,3225
9.206875000000082,-1138,-2104,490,3225
9.207499999999982,-698,-1472,176,3225
9.20812500000011,278,-116,416,3225
9.208750000000009,604,370,346,3225
9.209374999999909,1352,1848,488,3225
9.210000000000036,1134,1764,82,3225
9.210624999999936,1822,3292,448,3225
9.211250000000064,838,1264,-84,3225
9.211874999999964,-58,454,170,3225
9.212500000000091,-936,-1158,158,3225
9.213124999999991,-1316,-2200,208,3225
9.213750000000118,-1340,-2642,568,3225
9.214375000000018,-1272,-2556,526,3225
9.214999999999918,-302,-2436,222,3225
9.215625000000045,-564,-2266,76,3225
9.216249999999945,582,222,298,3225
9.216875000000073,1028,840,416,3225
9.217499999999973,2094,2434,-184,3225
9.2181250000001,1298,2464,122,3225
9.21875,844,2358,504,3225
9.219375000000127,142,1030,262,3225
9.220000000000027,-610,290,444,3240
9.220624999999927,-1026,-518,460,3240
9.221250000000055,-1434,-1896,278,3240
9.221874999999955,-1482,-2330,82,3240
9.222500000000082,-1300,-1462,26,3240
9.223124999999982,-72,-460,-68,3240
9.22375000000011,322,-124,-118,3240
9.224375000000009,1330,2186,248,3240
9.224999999999909,1200,2226,694,3240
9.225625000000036,1770,2994,402,3240
9.226249999999936,970,2446,382,3240
9.226875000000064,188,1780,746,3240
9.227499999999964,104,364,640,3240
9.228125000000091,-788,-696,148,3240
9.228749999999991,-1942,-2408,416,3240
9.229375000000118,-1456,-2610,-152,3240
9.230000000000018,-716,-1960,350,3240
9.230624999999918,-644,-2112,-180,3240
9.231250000000045,562,-608,178,3240
9.231874999999945,540,-448,136,3240
9.232500000000073,1570,1616,320,3240
9.233124999999973,1398,1626,510,3240
9.2337500000001,1922,2126,48,3240
9.234375,176,856,290,3240
9.235000000000127,-390,86,660,3240
9.235625000000027,-728,-1116,282,3240
9.236249999999927,-1298,-1980,206,3240
9.236875000000055,-1502,-2342,238,3240
9.237499999999955,-988,-2080,88,3240
9.238125000000082,-342,-1454,118,3240
9.238749999999982,-610,-1022,292,3240
9.23937500000011,898,1000,-56,3240
9.240000000000009,1044,1536,-38,3240
9.240624999999909,1750,3420,94,3240
9.241250000000036,1230,3146,64,3240
9.241874999999936,632,2070,194,3240
9.242500000000064,-352,1078,466,3240
9.243124999999964,-786,448,904,3240
9.243750000000091,-1428,-1606,572,3240
9.244374999999991,-1568,-2170,262,3240
9.245000000000118,-1608,-2224,716,3240
9.245625000000018,-1008,-2204,198,3240
9.246249999999918,98,-956,146,3240
9.246875000000045,602,100,-18,3240
9.247499999999945,1784,1928,-110,3240
9.248125000000073,1088,1248,234,3240
9.248749999999973,1444,1842,76,3240
9.2493750000001,632,1336,644,3240
9.25,428,410,312,3240
9.250625000000127,-506,-1012,314,3240
9.251250000000027,-1436,-2130,754,3240
9.251874999999927,-1450,-3268,360,3240
9.252500000000055,-1384,-3190,-298,3240
9.253124999999955,-766,-1748,610,3240
9.253750000000082,-122,-1348,128,3240
9.254374999999982,1120,304,-238,3240
9.25500000000011,602,654,40,3240
9.255625000000009,1716,2778,92,3240
9.256249999999909,1278,2566,346,3240
9.256875000000036,860,2918,340,3240
9.257499999999936,-94,1484,178,3240
9.258125000000064,-306,870,384,3240
9.258749999999964,-1532,-1302,152,3240
9.259375000000091,-1926,-1536,176,3240
9.259999999999991,-1152,-1718,322,3240
9.260625000000118,-660,-1620,126,3240
9.261250000000018,-210,-568,326,3240
9.261874999999918,28,50,480,3240
9.262500000000045,1348,1402,352,3240
9.263124999999945,854,1530,362,3240
9.263750000000073,1828,2928,312,3240
9.264374999999973,940,1850,420,3240
9.2650000000001,366,1102,338,3240
9.265625,-658,-468,116,3240
9.266250000000127,-784,-1184,194,3240
9.266875000000027,-1710,-2976,278,3240
9.267499999999927,-1478,-2622,526,3240
9.268125000000055,-628,-2648,270,3240
9.268749999999955,-522,-2232,124,3240
9.269375000000082,284,-536,516,3240
9.269999999999982,1088,496,90,3240
9.27062500000011,2178,2272,-98,3240
9.271250000000009,744,1370,302,3240
9.271874999999909,678,1532,338,3240
9.272500000000036,366,1142,340,3240
9.273124999999936,-318,324,208,3240
9.273750000000064,-1030,-810,304,3240
9.274374999999964,-1292,-1618,442,3240
9.275000000000091,-1690,-2582,258,3236
9.275624999999991,-1596,-2346,10,3236
9.276250000000118,-74,-606,56,3236
9.276875000000018,386,116,-292,3236
9.277499999999918,1450,2270,14,3236
9.278125000000045,1194,2310,328,3236
9.278749999999945,1482,2708,392,3236
9.279375000000073,970,2498,300,3236
9.279999999999973,784,2878,850,3236
9.2806250000001,194,698,506,3236
9.28125,-1280,-892,492,3236
9.281875000000127,-1512,-1928,342,3236
9.282500000000027,-1490,-1938,366,3236
9.283124999999927,-662,-2196,-62,3236
9.283750000000055,-496,-1510,-58,3236
9.284374999999955,632,-250,6,3236
9.285000000000082,400,-240,8,3236
9.285624999999982,1872,1986,426,3236
9.28625000000011,1062,1310,518,3236
9.286875000000009,1744,1770,274,3236
9.287499999999909,-34,500,446,3236
9.288125000000036,-212,-88,388,3236
9.288749999999936,-1114,-1772,448,3236
9.289375000000064,-1278,-2218,288,3236
9.289999999999964,-1892,-3062,172,3236
9.290625000000091,-980,-2512,366,3236
9.291249999999991,-158,-1582,-42,3236
9.291875000000118,-390,-786,76,3253
9.292500000000018,962,1086,256,3253
9.293124999999918,1670,2180,106,3253
9.293750000000045,1568,3174,-78,3253
9.294374999999945,730,2644,108,3253
9.295000000000073,708,2304,34,3253
9.295624999999973,-426,1054,354,3253
9.2962500000001,-1294,-264,690,3253
9.296875,-888,-904,612,3253
9.297500000000127,-1322,-1636,334,3253
9.298125000000027,-1386,-2166,536,3253
9.298749999999927,-1012,-1904,376,3253
9.299375000000055,672,-24,344,3253
9.299999999999955,836,742,-50,3253
9.300625000000082,2116,2856,212,3253
9.301249999999982,1378,1702,-126,3253
9.30187500000011,932,1704,312,3253
9.302500000000009,390,968,138,3253
9.303124999999909,70,240,272,3253
9.303750000000036,-1002,-1612,518,3253
9.304374999999936,-1556,-2410,576,3253
9.305000000000064,-1172,-3208,294,3253
9.305624999999964,-1556,-3586,176,3253
9.306250000000091,-244,-1590,252,3253
9.306874999999991,330,-558,358,3253
9.307500000000118,1244,600,-26,3253
9.308125000000018,860,960,-72,3253
9.308749999999918,1456,2786,370,3253
9.309375000000045,730,1726,224,3253
9.309999999999945,462,1682,200,3253
9.310625000000073,-504,832,536,3248
9.311249999999973,-1068,-710,284,3248
9.3118750000001,-1482,-1686,72,3248
9.3125,-1712,-1552,188,3248
9.313125000000127,-986,-1754,38,3248
9.313750000000027,-128,-1122,-132,3248
9.314374999999927,362,640,230,3248
9.315000000000055,522,1178,694,3248
9.315624999999955,2048,2600,244,3248
9.316250000000082,1510,2628,384,3248
9.316874999999982,1344,2988,552,3248
9.31750000000011,820,1858,690,3248
9.318125000000009,-126,236,142,3248
9.318749999999909,-1440,-1220,600,3248
9.319375000000036,-1464,-2206,-40,3248
9.319999999999936,-892,-1856,252,3248
9.320625000000064,-1006,-2394,-282,3248
9.321249999999964,-668,-2326,236,3248
9.321875000000091,80,-1516,102,3248
9.322499999999991,832,360,356,3248
9.323125000000118,1328,1150,420,3248
9.323750000000018,2244,2538,174,3248
9.324374999999918,658,1174,138,3248
9.325000000000045,192,1162,800,3248
9.325624999999945,-64,158,352,3248
9.326250000000073,-1174,-1304,154,3248
9.326874999999973,-1400,-1754,234,3248
9.3275000000001,-1526,-2352,250,3248
9.328125,-964,-2414,252,3248
9.328750000000127,-1344,-2142,278,3250
9.329375000000027,272,-184,-102,3250
9.329999999999927,780,766,-130,3250
9.330625000000055,1940,3094,-108,3250
9.331249999999955,1062,2506,-24,3250
9.331875000000082,1204,2986,138,3250
9.332499999999982,318,2020,448,3250
9.33312500000011,104,1476,738,3250
9.333750000000009,-888,-398,724,3250
9.334374999999909,-1252,-1246,546,3250
9.335000000000036,-1206,-1256,600,3250
9.335624999999936,-1232,-1900,366,3250
9.336250000000064,-422,-1828,142,3250
9.336874999999964,372,-414,8,3250
9.337500000000091,1134,786,-184,3250
9.338124999999991,890,768,118,3250
9.338750000000118,2086,2518,-62,3250
9.339375000000018,1080,1822,590,3250
9.339999999999918,1242,1356,206,3250
9.340625000000045,-154,-112,386,3250
9.341249999999945,-908,-1098,790,3250
9.341875000000073,-1424,-2832,302,3250
9.342499999999973,-1522,-3122,-38,3250
9.3431250000001,-1178,-2232,632,3250
9.34375,-388,-1662,312,3250
9.344375000000127,328,-1084,-118,3250
9.345000000000027,352,-88,0,3250
9.345624999999927,1318,1904,118,3250
9.346250000000055,1156,2042,272,3250
9.346874999999955,1370,3162,140,3249
9.347500000000082,406,2190,66,3249
9.348124999999982,72,1212,86,3249
9.34875000000011,-1124,-444,134,3249
9.349375000000009,-1922,-1050,430,3249
9.349999999999909,-942,-1232,370,3249
9.350625000000036,-1078,-1844,128,3249
9.351249999999936,-930,-1472,454,3249
9.351875000000064,-364,-722,536,3249
9.352499999999964,1242,966,344,3249
9.353125000000091,1044,1544,286,3249
9.353749999999991,2194,3290,282,3249
9.354375000000118,978,1810,342,3249
9.355000000000018,1024,1928,248,3249
9.355624999999918,-388,96,170,3249
9.356250000000045,-674,-736,188,3249
9.356874999999945,-1086,-1988,234,3249
9.357500000000073,-1766,-2762,454,3249
9.358124999999973,-780,-2530,250,3249
9.3587500000001,-824,-2320,200,3249
9.359375,-30,-1154,406,3249
9.360000000000127,908,82,238,3249
9.360625000000027,1794,1446,-30,3249
9.361249999999927,628,1076,386,3249
9.361875000000055,1372,2582,286,3249
9.362499999999955,588,1674,474,3249
9.363125000000082,288,1030,62,3249
9.363749999999982,-1066,-608,304,3249
9.36437500000011,-1344,-1472,470,3249
9.365000000000009,-1638,-2392,148,3231
9.365624999999909,-1750,-2328,18,3231
9.366250000000036,-350,-1158,46,3231
9.366874999999936,292,-276,-360,3231
9.367500000000064,886,1318,54,3231
9.368124999999964,1196,2224,306,3231
9.368750000000091,1634,2800,352,3231
9.369374999999991,736,2116,282,3231
9.370000000000118,1332,3312,752,3231
9.370625000000018,608,1332,528,3231
9.371249999999918,-822,-314,588,3231
9.371875000000045,-1466,-1604,358,3231
9.372499999999945,-1846,-2370,524,3231
9.373125000000073,-840,-2304,34,3231
9.373749999999973,-1038,-2066,-146,3231
9.3743750000001,706,-512,-148,3231
9.375,454,-450,-154,3231
9.375625000000127,1558,1562,378,3231
9.376250000000027,1468,1632,368,3231
9.376874999999927,1788,1796,372,3231
9.377500000000055,0,466,390,3231
9.378124999999955,198,714,540,3231
9.378750000000082,-1242,-1724,576,3231
9.379374999999982,-1140,-2042,108,3231
9.38000000000011,-1412,-2290,184,3231
9.380625000000009,-1264,-2516,354,3231
9.381249999999909,-266,-1786,4,3231
9.381875000000036,-590,-1138,150,3231
9.382499999999936,652,756,286,3233
9.383125000000064,1764,2088,78,3233
9.383749999999964,1224,2536,-60,3233
9.384375000000091,458,2080,10,3233
9.384999999999991,984,2648,-52,3233
9.385625000000118,-254,1328,350,3233
9.386250000000018,-1098,-42,498,3233
9.386874999999918,-1078,-900,808,3233
9.387500000000045,-1534,-2020,388,3233
9.388124999999945,-1390,-2256,478,3233
9.388750000000073,-1230,-1914,552,3233
9.389374999999973,586,-518,320,3233
9.3900000000001,692,448,-42,3233
9.390625,1624,2096,314,3233
9.391250000000127,1654,1900,-174,3233
9.391875000000027,1110,2018,272,3233
9.392499999999927,300,636,60,3233
9.393125000000055,448,700,266,3233
9.393749999999955,-684,-1162,488,3233
9.394375000000082,-1146,-1694,652,3233
9.394999999999982,-1304,-3082,332,3233
9.39562500000011,-1600,-3600,66,3233
9.396250000000009,-622,-1848,320,3233
9.396874999999909,40,-876,444,3233
9.397500000000036,1452,674,-192,3233
9.398124999999936,1242,1310,-58,3233
9.398750000000064,1316,2444,384,3233
9.399374999999964,1076,2120,226,3233
9.400000000000091,864,2524,396,3233
9.400624999999991,-240,1198,480,3228
9.401250000000118,-850,-352,250,3228
9.401875000000018,-1610,-1684,56,3228
9.402499999999918,-1550,-1338,104,3228
9.403125000000045,-886,-1456,60,3228
9.403749999999945,-792,-1708,0,3228
9.404375000000073,250,244,196,3228
9.404999999999973,448,874,696,3228
9.4056250000001,1742,2286,312,3228
9.40625,1664,2718,282,3228
9.406875000000127,948,2694,704,3228
9.407500000000027,804,1486,542,3228
9.408124999999927,328,1074,204,3228
9.408750000000055,-1418,-1124,476,3228
9.409374999999955,-1142,-1736,-6,3228
9.410000000000082,-1182,-2346,378,3228
9.410624999999982,-1492,-3094,-110,3228
9.41125000000011,-464,-2342,126,3228
9.411875000000009,-94,-1586,146,3228
9.412499999999909,888,406,332,3228
9.413125000000036,1214,920,268,3228
9.413749999999936,1928,2146,252,3228
9.414375000000064,832,1484,182,3228
9.414999999999964,166,1216,720,3228
9.415625000000091,-196,-186,324,3228
9.416249999999991,-948,-1246,140,3228
9.416875000000118,-1420,-1698,290,3228
9.417500000000018,-1054,-1704,204,3228
9.418124999999918,-1062,-2242,204,3228
9.418750000000045,-1320,-2122,176,3231
9.419374999999945,370,-16,-76,3231
9.420000000000073,934,906,-60,3231
9.420624999999973,1838,3146,50,3231
9.4212500000001,1368,3142,78,3231
9.421875,1168,2700,142,3231
9.422500000000127,400,2118,406,3231
9.423125000000027,-148,1668,870,3231
9.423749999999927,-810,-442,616,3231
9.424375000000055,-1394,-1550,374,3231
9.424999999999955,-1564,-2014,668,3231
9.425625000000082,-1160,-2072,348,3231
9.426249999999982,-224,-1502,90,3231
9.42687500000011,320,-302,182,3231
9.427500000000009,1094,724,-178,3231
9.428124999999909,842,690,22,3231
9.428750000000036,1814,2238,-30,3231
9.429374999999936,870,1664,614,3231
9.430000000000064,964,1016,302,3231
9.430624999999964,-276,-380,438,3231
9.431250000000091,-884,-1178,890,3231
9.431874999999991,-1410,-2926,272,3231
9.432500000000118,-1464,-2970,-10,3231
9.433125000000018,-1344,-2738,534,3231
9.433749999999918,-362,-1738,192,3231
9.434375000000045,588,-542,-156,3231
9.434999999999945,436,100,-78,3231
9.435625000000073,1324,1986,112,3231
9.436249999999973,1098,1936,336,3231
9.4368750000001,1310,2942,194,3217
9.4375,496,2414,176,3217
9.438125000000127,-8,1230,210,3217
9.438750000000027,-1152,-518,134,3217
9.439374999999927,-1808,-1088,280,3217
9.440000000000055,-960,-1172,304,3217
9.440624999999955,-1018,-1654,272,3217
9.441250000000082,-778,-1586,352,3217
9.441874999999982,-396,-720,536,3217
9.44250000000011,1216,998,292,3217
9.443125000000009,904,1504,404,3217
9.443749999999909,2130,3276,290,3217
9.444375000000036,1408,2462,314,3217
9.444999999999936,898,1814,168,3217
9.445625000000064,-330,130,76,3217
9.446249999999964,-614,-762,258,3217
9.446875000000091,-1280,-2080,320,3217
9.447499999999991,-1478,-2408,576,3217
9.448125000000118,-1016,-3000,342,3217
9.448750000000018,-816,-2502,202,3217
9.449374999999918,-144,-1152,434,3217
9.450000000000045,1054,242,128,3217
9.450624999999945,1650,1358,-56,3217
9.451250000000073,590,1048,296,3217
9.451874999999973,1422,2518,308,3217
9.4525000000001,588,1614,406,3217
9.453125,110,1000,158,3217
9.453750000000127,-980,-620,310,3217
9.454375000000027,-1376,-1530,500,3217
9.454999999999927,-1532,-2354,132,3218
9.455625000000055,-1640,-2094,56,3218
9.456249999999955,-580,-1600,72,3218
9.456875000000082,250,-358,-302,3218
9.457499999999982,832,1554,70,3218
9.45812500000011,1114,2128,416,3218
9.458750000000009,1682,2766,274,3218
9.459374999999909,786,2262,332,3218
9.460000000000036,1422,3372,734,3218
9.460624999999936,502,1342,520,3218
9.461250000000064,-786,-320,490,3218
9.461874999999964,-1394,-1600,346,3218
9.462500000000091,-1844,-2338,428,3218
9.463124999999991,-752,-2284,-64,3218
9.463750000000118,-888,-1924,-114,3218
9.464375000000018,196,-896,82,3218
9.464999999999918,550,-532,-122,3218
9.465625000000045,1406,1372,408,3218
9.466249999999945,1322,1496,352,3218
9.466875000000073,1910,2352,388,3218
9.467499999999973,138,668,388,3218
9.4681250000001,224,628,518,3218
9.46875,-1216,-1764,574,3218
9.469375000000127,-1236,-2066,206,3218
9.470000000000027,-1422,-2304,126,3218
9.470624999999927,-1528,-2726,526,3218
9.471250000000055,-344,-1970,-48,3218
9.471874999999955,-646,-1194,-10,3218
9.472500000000082,668,692,196,3220
9.473124999999982,1768,2102,10,3220
9.47375000000011,1278,2626,16,3220
9.474375000000009,466,2136,174,3220
9.474999999999909,1116,2784,-6,3220
9.475625000000036,-154,1366,344,3220
9.476249999999936,-1192,124,692,3220
9.476875000000064,-1004,-860,678,3220
9.477499999999964,-1406,-1912,324,3220
9.478125000000091,-1532,-2292,508,3220
9.478749999999991,-1210,-2094,334,3220
9.479375000000118,398,-582,400,3220
9.480000000000018,642,284,-94,3220
9.480624999999918,1600,2000,240,3220
9.481250000000045,1694,1744,-210,3220
9.481874999999945,1208,2090,272,3220
9.482500000000073,398,782,24,3220
9.483124999999973,672,1040,362,3220
9.4837500000001,-656,-1000,464,3220
9.484375,-996,-1460,672,3220
9.485000000000127,-1316,-3052,436,3220
9.485625000000027,-1754,-3734,104,3220
9.486249999999927,-734,-1994,276,3220
9.486875000000055,-164,-1070,468,3220
9.487499999999955,1282,310,-256,3220
9.488125000000082,1088,1052,-72,3220
9.488749999999982,1288,2310,336,3220
9.48937500000011,1152,2048,92,3220
9.490000000000009,1036,2642,304,3220
9.490624999999909,-168,1376,518,3217
9.491250000000036,-700,-68,320,3217
9.491874999999936,-1566,-1490,226,3217
9.492500000000064,-1520,-1158,216,3217
9.493124999999964,-1094,-1586,-10,3217
9.493750000000091,-954,-1896,-72,3217
9.494374999999991,66,-126,256,3217
9.495000000000118,240,556,696,3217
9.495625000000018,1544,1866,332,3217
9.496249999999918,1688,2546,256,3217
9.496875000000045,1150,2752,610,3217
9.497499999999945,742,1478,706,3217
9.498125000000073,636,1354,62,3217
9.498749999999973,-1140,-684,328,3217
9.4993750000001,-952,-1316,122,3217
9.5,-1292,-2324,296,3217
9.500625000000127,-1546,-3104,-56,3217
9.501250000000027,-806,-2514,408,3217
9.501874999999927,-318,-2082,34,3217
9.502500000000055,640,20,372,3217
9.503124999999955,1010,650,460,3217
9.503750000000082,2144,1910,-82,3217
9.504374999999982,1028,1646,166,3217
9.50500000000011,466,1640,696,3217
9.505625000000009,38,352,268,3217
9.506249999999909,-514,-362,246,3217
9.506875000000036,-1224,-1196,366,3217
9.507499999999936,-1104,-1696,152,3217
9.508125000000064,-1372,-2498,274,3233
9.508749999999964,-1806,-2614,198,3233
9.509375000000091,-20,-656,-50,3233
9.509999999999991,562,322,-58,3233
9.510625000000118,1420,2154,-10,3233
9.511250000000018,1364,2656,6,3233
9.511874999999918,1362,2784,200,3233
9.512500000000045,890,2576,346,3233
9.513124999999945,444,2492,840,3233
9.513750000000073,-504,406,722,3233
9.514374999999973,-1216,-1012,352,3233
9.5150000000001,-1790,-1786,796,3233
9.515625,-1600,-2534,320,3233
9.516250000000127,-806,-2158,222,3233
9.516875000000027,-558,-1596,-32,3233
9.517499999999927,834,92,-152,3233
9.518125000000055,652,64,82,3233
9.518749999999955,1506,1502,72,3233
9.519375000000082,1340,1920,558,3233
9.519999999999982,1308,1498,206,3233
9.52062500000011,170,302,438,3233
9.521250000000009,-290,-110,832,3233
9.521874999999909,-1170,-2044,334,3233
9.522500000000036,-1218,-2338,-28,3233
9.523124999999936,-1352,-2280,662,3233
9.523750000000064,-962,-2516,196,3233
9.524374999999964,-256,-2016,-74,3233
9.525000000000091,-408,-1182,-46,3233
9.525624999999991,1278,1204,-24,3233
9.526250000000118,1486,1964,210,3233
9.526875000000018,1292,2712,78,3234
9.527499999999918,880,2478,74,3234
9.528125000000045,468,1922,304,3234
9.528749999999945,-432,688,140,3234
9.529375000000073,-1036,400,360,3234
9.529999999999973,-1214,-962,546,3234
9.5306250000001,-1420,-2128,144,3234
9.53125,-1284,-1806,434,3234
9.531875000000127,-1070,-1474,610,3234
9.532500000000027,472,-372,222,3234
9.533124999999927,330,312,286,3234
9.533750000000055,1730,2080,192,3234
9.534374999999955,1452,2026,258,3234
9.535000000000082,1420,2272,164,3234
9.535624999999982,330,960,90,3234
9.53625000000011,420,892,198,3234
9.536875000000009,-826,-970,346,3234
9.537499999999909,-1280,-1658,666,3234
9.538125000000036,-1578,-3268,370,3234
9.538749999999936,-1386,-3322,278,3234
9.539375000000064,-980,-2220,526,3234
9.539999999999964,-130,-1542,64,3234
9.540625000000091,1430,492,26,3234
9.541249999999991,542,280,150,3234
9.541875000000118,1026,1594,76,3234
9.542500000000018,1498,2458,418,3234
9.543124999999918,1096,2364,88,3234
9.543750000000045,-160,930,216,3234
9.544374999999945,-562,194,524,3234
9.545000000000073,-1342,-1262,272,3235
9.545624999999973,-1580,-1534,118,3235
9.5462500000001,-930,-1274,264,3235
9.546875,-1010,-1832,-346,3235
9.547500000000127,-58,-456,14,3235
9.548125000000027,-6,122,466,3235
9.548749999999927,1356,1728,324,3235
9.549375000000055,1336,2232,112,3235
9.549999999999955,2034,3922,766,3235
9.550625000000082,1156,2038,326,3235
9.551249999999982,576,2070,646,3235
9.55187500000011,-430,290,326,3235
9.552500000000009,-710,-330,426,3235
9.553124999999909,-1214,-2148,144,3235
9.553750000000036,-1522,-2478,24,3235
9.554374999999936,-800,-2322,-32,3235
9.555000000000064,-1010,-2406,126,3235
9.555624999999964,324,-832,366,3235
9.556250000000091,460,-226,262,3235
9.556874999999991,1922,1398,270,3235
9.557500000000118,954,1216,288,3235
9.558125000000018,1078,1984,332,3235
9.558749999999918,50,442,660,3235
9.559375000000045,136,262,166,3235
9.559999999999945,-1186,-872,196,3235
9.560625000000073,-1176,-1630,626,3235
9.561249999999973,-1358,-2604,104,3235
9.5618750000001,-1810,-2712,38,3250
9.5625,-866,-1742,412,3250
9.563125000000127,284,-750,-62,3250
9.563750000000027,762,772,-126,3250
9.564374999999927,736,1680,68,3250
9.565000000000055,1488,2558,-212,3250
9.565624999999955,1250,2702,230,3250
9.566250000000082,764,3080,644,3250
9.566874999999982,364,1720,620,3250
9.56750000000011,-366,328,528,3250
9.568125000000009,-1394,-1066,628,3250
9.568749999999909,-1926,-2176,562,3250
9.569375000000036,-632,-1588,526,3250
9.569999999999936,-1004,-1914,-102,3250
9.570625000000064,66,-1006,120,3250
9.571249999999964,216,-672,-202,3250
9.571875000000091,1292,1210,158,3250
9.572499999999991,1238,1350,-78,3250
9.573125000000118,2016,2694,238,3250
9.573750000000018,670,912,342,3250
9.574374999999918,352,824,590,3250
9.575000000000045,-522,-928,448,3250
9.575624999999945,-1094,-1704,438,3250
9.576250000000073,-1116,-1978,316,3250
9.576874999999973,-1696,-2708,632,3250
9.5775000000001,-700,-2860,36,3250
9.578125,-916,-2296,-64,3250
9.578750000000127,244,-312,276,3250
9.579375000000027,982,718,-52,3250
9.579999999999927,1454,2056,10,3250
9.580625000000055,960,2226,314,3247
9.581249999999955,1402,3000,82,3247
9.581875000000082,64,1630,254,3247
9.582499999999982,-164,1490,346,3247
9.58312500000011,-862,-94,58,3247
9.583750000000009,-1414,-1700,112,3247
9.584374999999909,-1422,-1546,352,3247
9.585000000000036,-1448,-1506,720,3247
9.585624999999936,-506,-1808,428,3247
9.586250000000064,244,-532,166,3247
9.586874999999964,832,1220,532,3247
9.587500000000091,1228,1360,488,3247
9.588124999999991,1986,2624,2,3247
9.588750000000118,1024,2182,296,3247
9.589375000000018,1276,2262,80,3247
9.589999999999918,52,566,354,3247
9.590625000000045,-678,-828,122,3247
9.591249999999945,-1504,-2164,698,3247
9.591875000000073,-1504,-3182,8,3247
9.592499999999973,-904,-2352,322,3247
9.5931250000001,-586,-1932,480,3247
9.59375,260,-1620,-26,3247
9.594375000000127,54,-1174,-168,3247
9.595000000000027,722,1062,614,3247
9.595624999999927,1422,1664,210,3247
9.596250000000055,1736,2790,114,3247
9.596874999999955,448,1584,186,3247
9.597500000000082,200,1152,262,3247
9.598124999999982,-644,-102,390,3247
9.59875000000011,-1720,-1186,430,3250
9.599375000000009,-1280,-1430,136,3250
9.599999999999909,-1180,-1704,146,3250
9.600625000000036,-834,-1614,16,3250
9.601249999999936,-1024,-1484,-176,3250
9.601875000000064,638,614,28,3250
9.602499999999964,1080,1516,170,3250
9.603125000000091,1998,3214,316,3250
9.603749999999991,1040,2312,640,3250
9.604375000000118,1460,2758,408,3250
9.605000000000018,-50,1490,850,3250
9.605624999999918,112,832,564,3250
9.606250000000045,-892,-1030,438,3250
9.606874999999945,-1604,-2124,230,3250
9.607500000000073,-1168,-2176,-26,3250
9.608124999999973,-1334,-2540,48,3250
9.6087500000001,-318,-1878,122,3250
9.609375,390,-518,382,3250
9.610000000000127,1148,276,30,3250
9.610625000000027,786,378,100,3250
9.611249999999927,1474,2154,530,3250
9.611875000000055,1036,1472,182,3250
9.612499999999955,1036,1426,110,3250
9.613125000000082,-502,-14,538,3250
9.613749999999982,-808,-766,584,3250
9.61437500000011,-1414,-2262,408,3250
9.615000000000009,-1488,-2398,164,3250
9.615624999999909,-1326,-2636,208,3250
9.616250000000036,-660,-1834,276,3250
9.616874999999936,90,-522,-16,3247
9.617500000000064,218,392,-124,3247
9.618124999999964,1240,1950,64,3247
9.618750000000091,1170,2154,-198,3247
9.619374999999991,1436,3644,128,3247
9.620000000000118,1000,3002,472,3247
9.620625000000018,138,1256,292,3247
9.621249999999918,-1080,-256,466,3247
9.621875000000045,-864,-230,856,3247
9.622499999999945,-818,-1322,482,3247
9.623125000000073,-1410,-1888,446,3247
9.623749999999973,-784,-1764,338,3247
9.6243750000001,-674,-1462,268,3247
9.625,840,-10,-52,3247
9.625625000000127,730,566,-102,3247
9.626250000000027,1966,2332,86,3247
9.626874999999927,1532,1820,130,3247
9.627500000000055,1000,1904,624,3247
9.628124999999955,208,360,352,3247
9.628750000000082,-66,-282,438,3247
9.629374999999982,-1180,-1510,418,3247
9.63000000000011,-1226,-2162,374,3247
9.630625000000009,-1112,-3040,258,3247
9.631249999999909,-1318,-2814,142,3247
9.631875000000036,-562,-1558,132,3247
9.632499999999936,326,-464,406,3247
9.633125000000064,1500,1176,-144,3247
9.633749999999964,576,1276,172,3264
9.634375000000091,1216,2432,326,3264
9.634999999999991,1662,3048,134,3264
9.635625000000118,460,2502,260,3264
9.636250000000018,-364,1182,290,3264
9.636874999999918,-532,-14,-120,3264
9.637500000000045,-1682,-1320,306,3264
9.638124999999945,-1976,-1898,444,3264
9.638750000000073,-550,-1216,392,3264
9.639374999999973,-1012,-1736,140,3264
9.6400000000001,168,-218,482,3264
9.640625,310,-86,278,3264
9.641250000000127,1600,2020,486,3264
9.641875000000027,1382,2070,128,3264
9.642499999999927,1968,3482,512,3264
9.643125000000055,870,1302,24,3264
9.643749999999955,118,946,380,3264
9.644375000000082,-796,-914,192,3264
9.644999999999982,-752,-1342,272,3264
9.64562500000011,-1664,-3008,426,3264
9.646250000000009,-1386,-2704,444,3264
9.646874999999909,-338,-2418,128,3264
9.647500000000036,-806,-2354,-26,3264
9.648124999999936,638,26,182,3264
9.648750000000064,756,536,474,3264
9.649374999999964,1774,1702,-230,3264
9.650000000000091,1156,1976,214,3264
9.650624999999991,864,2238,560,3264
9.651250000000118,-50,662,216,3264
9.651875000000018,-38,812,416,3264
9.652499999999918,-1188,-432,536,3251
9.653125000000045,-1296,-1802,276,3251
9.653749999999945,-1428,-1966,166,3251
9.654375000000073,-1494,-1476,58,3251
9.654999999999973,-568,-1538,-240,3251
9.6556250000001,350,-202,-30,3251
9.65625,898,1466,130,3251
9.656875000000127,1368,2284,480,3251
9.657500000000027,1724,2990,486,3251
9.658124999999927,1210,2584,380,3251
9.658750000000055,886,2618,682,3251
9.659374999999955,200,970,894,3251
9.660000000000082,-460,-470,102,3251
9.660624999999982,-1776,-1968,594,3251
9.66125000000011,-1582,-2688,38,3251
9.661875000000009,-856,-1966,266,3251
9.662499999999909,-902,-2210,-166,3251
9.663125000000036,264,-1010,188,3251
9.663749999999936,340,-938,-8,3251
9.664375000000064,1060,914,398,3251
9.664999999999964,1514,1600,386,3251
9.665625000000091,2092,2324,-120,3251
9.666249999999991,306,896,186,3251
9.666875000000118,-146,784,846,3251
9.667500000000018,-570,-808,216,3251
9.668124999999918,-1414,-1920,320,3251
9.668750000000045,-1506,-2222,384,3251
9.669374999999945,-1664,-2844,170,3251
9.670000000000073,-770,-2208,302,3251
9.670624999999973,-1024,-1660,260,3250
9.6712500000001,546,326,-44,3250
9.671875,1198,1472,-116,3250
9.672500000000127,1488,2788,-112,3250
9.673125000000027,974,2396,-60,3250
9.673749999999927,1320,3186,164,3250
9.674375000000055,324,1980,264,3250
9.674999999999955,-266,1250,724,3250
9.675625000000082,-976,-712,674,3250
9.676249999999982,-1464,-1700,366,3250
9.67687500000011,-1334,-1530,770,3250
9.677500000000009,-1154,-2074,356,3250
9.678124999999909,-616,-2200,200,3250
9.678750000000036,232,-610,112,3250
9.679374999999936,1210,786,-26,3250
9.680000000000064,970,820,174,3250
9.680624999999964,1960,2410,8,3250
9.681250000000091,1182,1986,554,3250
9.681874999999991,1400,1704,94,3250
9.682500000000118,-64,164,406,3250
9.683125000000018,-852,-958,778,3250
9.683749999999918,-1150,-2460,100,3250
9.684375000000045,-1586,-2968,-52,3250
9.684999999999945,-1204,-2176,642,3250
9.685625000000073,-628,-1958,216,3250
9.686249999999973,-72,-1664,64,3250
9.6868750000001,190,-688,-96,3250
9.6875,1142,1404,46,3250
9.688125000000127,1332,1990,384,3250
9.688750000000027,1608,3260,112,3252
9.689374999999927,574,2384,214,3252
9.690000000000055,456,1706,302,3252
9.690624999999955,-766,144,-58,3252
9.691250000000082,-1692,-426,406,3252
9.691874999999982,-928,-930,434,3252
9.69250000000011,-1232,-1912,0,3252
9.693125000000009,-1442,-2140,354,3252
9.693749999999909,-962,-1482,594,3252
9.694375000000036,736,144,240,3252
9.694999999999936,578,768,384,3252
9.695625000000064,2058,2672,214,3252
9.696249999999964,1064,1648,376,3252
9.696875000000091,1512,2438,342,3252
9.697499999999991,242,878,136,3252
9.698125000000118,114,448,312,3252
9.698750000000018,-696,-1118,284,3252
9.699374999999918,-1444,-1856,564,3252
9.700000000000045,-1426,-3176,276,3252
9.700624999999945,-1152,-2824,256,3252
9.701250000000073,-928,-2158,444,3252
9.701874999999973,312,-1122,52,3252
9.7025000000001,1080,114,-52,3252
9.703125,366,206,206,3252
9.703750000000127,1356,2096,198,3252
9.704375000000027,1458,2488,428,3252
9.704999999999927,1058,2100,4,3252
9.705625000000055,-250,836,346,3252
9.706249999999955,-422,608,618,3239
9.706875000000082,-1276,-1216,282,3239
9.707499999999982,-1742,-1652,236,3239
9.70812500000011,-1182,-1698,184,3239
9.708750000000009,-886,-1822,-350,3239
9.709374999999909,-286,-638,130,3239
9.710000000000036,-72,-26,326,3239
9.710624999999936,1494,1702,128,3239
9.711250000000064,1292,2312,200,3239
9.711874999999964,1908,3470,546,3239
9.712500000000091,1304,2328,352,3239
9.713124999999991,160,1522,748,3239
9.713750000000118,-368,166,270,3239
9.714375000000018,-448,16,612,3239
9.714999999999918,-808,-1476,162,3239
9.715625000000045,-1392,-1934,70,3239
9.716249999999945,-904,-2454,132,3239
9.716875000000073,-1200,-2784,-58,3239
9.717499999999973,174,-938,314,3239
9.7181250000001,510,-260,322,3239
9.71875,2024,1342,148,3239
9.719375000000127,1150,1396,154,3239
9.720000000000027,1246,2176,412,3239
9.720624999999927,448,938,524,3239
9.721250000000055,212,636,92,3239
9.721874999999955,-896,-302,368,3239
9.722500000000082,-1206,-1444,542,3239
9.723124999999982,-1608,-2658,198,3239
9.72375000000011,-1968,-2896,266,3239
9.724375000000009,-832,-1648,344,3243
9.724999999999909,-154,-1088,148,3243
9.725625000000036,688,572,-138,3243
9.726249999999936,242,890,-88,3243
9.726875000000064,1386,2184,-182,3243
9.727499999999964,1704,3008,90,3243
9.728125000000091,1152,3612,558,3243
9.728749999999991,612,2192,682,3243
9.729375000000118,58,952,454,3243
9.730000000000018,-1246,-748,434,3243
9.730624999999918,-1556,-1356,686,3243
9.731250000000045,-746,-1670,492,3243
9.731874999999945,-1548,-2680,-26,3243
9.732500000000073,-564,-1784,296,3243
9.733124999999973,-192,-1328,-200,3243
9.7337500000001,1188,822,230,3243
9.734375,1092,974,-20,3243
9.735000000000127,2216,2718,198,3243
9.735625000000027,960,1200,260,3243
9.736249999999927,606,1284,534,3243
9.736875000000055,118,-6,450,3243
9.737499999999955,-254,-626,250,3243
9.738125000000082,-1344,-1924,326,3243
9.738749999999982,-1522,-2522,510,3243
9.73937500000011,-856,-2530,146,3243
9.740000000000009,-1214,-2664,-6,3243
9.740624999999909,-362,-1536,176,3243
9.741250000000036,320,-388,98,3243
9.741874999999936,1270,1522,88,3243
9.742500000000064,906,1780,192,3240
9.743124999999964,1340,2728,276,3240
9.743750000000091,546,1964,190,3240
9.744374999999991,512,2394,156,3240
9.745000000000118,-458,968,206,3240
9.745625000000018,-1116,-804,226,3240
9.746249999999918,-1362,-1152,320,3240
9.746875000000045,-1480,-1340,768,3240
9.747499999999945,-1334,-2678,406,3240
9.748125000000073,-682,-1674,100,3240
9.748749999999973,128,-22,656,3240
9.7493750000001,734,304,268,3240
9.75,1708,1758,8,3240
9.750625000000127,1480,2236,290,3240
9.751250000000027,1744,2618,34,3240
9.751874999999927,634,1244,302,3240
9.752500000000055,212,502,150,3240
9.753124999999955,-972,-968,626,3240
9.753750000000082,-1206,-2172,256,3240
9.754374999999982,-1006,-2280,400,3240
9.75500000000011,-1090,-2454,516,3240
9.755625000000009,-628,-2894,10,3240
9.756249999999909,-674,-2244,-128,3240
9.756875000000036,264,-42,442,3240
9.757499999999936,1132,872,174,3240
9.758125000000064,2030,2610,0,3240
9.758749999999964,836,1776,2,3240
9.759375000000091,998,2224,262,3240
9.759999999999991,486,1716,478,3240
9.760625000000118,-548,768,380,3244
9.761250000000018,-928,-100,342,3244
9.761874999999918,-1146,-1098,148,3244
9.762500000000045,-1624,-2300,0,3244
9.763124999999945,-2014,-2388,140,3244
9.763750000000073,-338,-940,162,3244
9.764374999999973,-30,-526,32,3244
9.7650000000001,1144,1394,342,3244
9.765625,884,1528,572,3244
9.766250000000127,1844,2742,228,3244
9.766875000000027,908,2454,716,3244
9.767499999999927,1262,2342,374,3244
9.768125000000055,60,628,380,3244
9.768749999999955,-376,16,376,3244
9.769375000000082,-1246,-1756,14,3244
9.769999999999982,-1470,-2320,242,3244
9.77062500000011,-1240,-2776,268,3244
9.771250000000009,-914,-2256,356,3244
9.771874999999909,88,-1578,84,3244
9.772500000000036,-106,-1182,188,3244
9.773124999999936,894,642,384,3244
9.773750000000064,1486,1268,62,3244
9.774374999999964,1838,2156,98,3244
9.775000000000091,438,1276,404,3244
9.775624999999991,704,1882,468,3244
9.776250000000118,-252,302,560,3244
9.776875000000018,-664,-500,134,3244
9.777499999999918,-1408,-1664,356,3244
9.778125000000045,-1524,-2370,338,3244
9.778749999999945,-1416,-2540,60,3228
9.779375000000073,-1322,-1834,42,3228
9.779999999999973,216,-528,-28,3228
9.7806250000001,810,600,-430,3228
9.78125,1170,2314,160,3228
9.781875000000127,1462,2760,442,3228
9.782500000000027,1500,2732,188,3228
9.783124999999927,478,2008,424,3228
9.783750000000055,964,2746,748,3228
9.784374999999955,-104,562,530,3228
9.785000000000082,-1280,-894,600,3228
9.785624999999982,-1370,-1804,360,3228
9.78625000000011,-1806,-2426,416,3228
9.786875000000009,-640,-2010,40,3228
9.787499999999909,-718,-1696,-126,3228
9.788125000000036,468,-614,46,3228
9.788749999999936,516,-398,-56,3228
9.789375000000064,1408,1474,390,3228
9.789999999999964,1138,1186,256,3228
9.790625000000091,2048,2366,360,3228
9.791249999999991,444,1282,360,3228
9.791875000000118,254,850,498,3228
9.792500000000018,-886,-1148,596,3228
9.793124999999918,-1406,-2202,170,3228
9.793750000000045,-1676,-2446,312,3228
9.794374999999945,-1370,-2552,532,3228
9.795000000000073,-694,-2312,2,3228
9.795624999999973,-694,-1500,18,3228
9.7962500000001,404,64,116,3228
9.796875,1268,1208,18,3228
9.797500000000127,1732,2918,0,3228
9.798125000000027,610,2212,76,3228
9.798749999999927,1052,2456,-164,3228
9.799375000000055,748,2548,352,3228
9.799999999999955,-546,1102,590,3228
9.800625000000082,-592,90,598,3228
9.801249999999982,-1272,-1124,572,3228
9.80187500000011,-1702,-2396,528,3228
9.802500000000009,-1530,-2362,300,3228
9.803124999999909,-250,-1004,768,3228
9.803750000000036,-428,-1396,-120,3228
9.804374999999936,1040,772,274,3228
9.805000000000064,1062,638,-216,3228
9.805624999999964,1714,2402,86,3228
9.806250000000091,1196,1792,88,3228
9.806874999999991,1594,2432,230,3228
9.807500000000118,-68,150,412,3228
9.808125000000018,-534,-306,772,3228
9.808749999999918,-1114,-2092,472,3228
9.809375000000045,-1226,-2560,116,3228
9.809999999999945,-1504,-2796,458,3228
9.810625000000073,-976,-2286,458,3228
9.811249999999973,46,-1664,-212,3228
9.8118750000001,-240,-1168,64,3228
9.8125,880,686,146,3228
9.813125000000127,1088,1312,140,3228
9.813750000000027,1666,2722,162,3228
9.814374999999927,826,2318,266,3226
9.815000000000055,750,2456,376,3226
9.815624999999955,-296,974,236,3226
9.816250000000082,-516,738,178,3226
9.816874999999982,-1206,-704,136,3226
9.81750000000011,-1570,-1996,152,3226
9.818125000000009,-1240,-1530,264,3226
9.818749999999909,-1234,-1338,714,3226
9.819375000000036,-198,-1326,426,3226
9.819999999999936,540,-90,14,3226
9.820625000000064,1026,1734,642,3226
9.821249999999964,1342,1646,412,3226
9.821875000000091,1882,2690,80,3226
9.822499999999991,1008,2112,288,3226
9.823125000000118,1150,1954,4,3226
9.823750000000018,-60,378,454,3226
9.824374999999918,-782,-1046,210,3226
9.825000000000045,-1430,-2208,574,3226
9.825624999999945,-1468,-3072,80,3226
9.826250000000073,-790,-2246,390,3226
9.826874999999973,-624,-1952,330,3226
9.8275000000001,162,-1662,22,3226
9.828125,282,-884,-38,3226
9.828750000000127,870,1152,450,3226
9.829375000000027,1254,1440,184,3226
9.829999999999927,1924,2682,76,3226
9.830625000000055,618,1692,150,3226
9.831249999999955,470,1454,294,3226
9.831875000000082,-384,110,348,3226
9.832499999999982,-1120,-462,288,3227
9.83312500000011,-1364,-1282,266,3227
9.833750000000009,-944,-1386,70,3227
9.834374999999909,-1170,-1940,-62,3227
9.835000000000036,-1514,-1768,132,3227
9.835624999999936,308,-6,104,3227
9.836250000000064,678,654,26,3227
9.836874999999964,1326,2098,548,3227
9.837500000000091,1472,2496,488,3227
9.838124999999991,1582,2752,352,3227
9.838750000000118,608,2110,726,3227
9.839375000000018,654,1830,452,3227
9.839999999999918,-432,76,466,3227
9.840625000000045,-896,-996,270,3227
9.841249999999945,-1560,-2392,0,3227
9.841875000000073,-1752,-3014,206,3227
9.842499999999973,-972,-2546,162,3227
9.8431250000001,-644,-2000,332,3227
9.84375,560,-856,64,3227
9.844375000000127,290,-554,324,3227
9.845000000000027,952,818,316,3227
9.845624999999927,1406,1518,316,3227
9.846250000000055,2126,2688,8,3227
9.846874999999955,326,1162,386,3227
9.847500000000082,112,888,530,3227
9.848124999999982,-388,62,478,3227
9.84875000000011,-1136,-1176,104,3227
9.849375000000009,-1218,-1550,342,3227
9.849999999999909,-1396,-2280,210,3227
9.850625000000036,-1216,-2472,70,3224
9.851249999999936,-1118,-1632,42,3224
9.851875000000064,358,74,20,3224
9.852499999999964,796,738,-430,3224
9.853125000000091,1678,3064,134,3224
9.853749999999991,1328,2716,404,3224
9.854375000000118,1398,2768,302,3224
9.855000000000018,812,2530,482,3224
9.855624999999918,700,2596,862,3224
9.856250000000045,38,524,400,3224
9.856874999999945,-1408,-938,704,3224
9.857500000000073,-1548,-2190,268,3224
9.858124999999973,-1930,-2594,448,3224
9.8587500000001,-824,-2418,-46,3224
9.859375,-916,-2098,-204,3224
9.860000000000127,626,-506,16,3224
9.860625000000027,256,-562,-60,3224
9.861249999999927,1560,1632,436,3224
9.861875000000055,1298,1408,442,3224
9.862499999999955,1860,1888,240,3224
9.863125000000082,186,768,348,3224
9.863749999999982,364,1134,622,3224
9.86437500000011,-616,-870,528,3224
9.865000000000009,-864,-1536,14,3224
9.865624999999909,-1584,-2150,386,3224
9.866250000000036,-1414,-2650,430,3224
9.866874999999936,-706,-2102,-30,3224
9.867500000000064,-910,-1546,128,3238
9.868124999999964,184,-294,90,3238
9.868750000000091,1408,1252,58,3238
9.869374999999991,1280,2188,-28,3238
9.870000000000118,616,2074,40,3238
9.870625000000018,1808,3470,-194,3238
9.871249999999918,790,2726,354,3238
9.871875000000045,-200,1616,544,3238
9.872499999999945,-430,402,754,3238
9.873125000000073,-962,-608,652,3238
9.873749999999973,-1708,-2038,440,3238
9.8743750000001,-1626,-2116,566,3238
9.875,-708,-2048,472,3238
9.875625000000127,-552,-1502,-112,3238
9.876250000000027,480,-186,226,3238
9.876874999999927,754,122,-294,3238
9.877500000000055,1228,1520,164,3238
9.878124999999955,1210,1426,-40,3238
9.878750000000082,1928,2474,228,3238
9.879374999999982,620,880,358,3238
9.88000000000011,-72,322,704,3238
9.880625000000009,-584,-1100,476,3238
9.881249999999909,-748,-1590,318,3238
9.881875000000036,-1726,-2758,532,3238
9.882499999999936,-1306,-2746,404,3238
9.883125000000064,-666,-2396,16,3238
9.883749999999964,-930,-2284,-34,3238
9.884375000000091,188,-458,198,3238
9.884999999999991,542,168,-16,3238
9.885625000000118,1624,2276,36,3238
9.886250000000018,1084,2424,200,3237
9.886874999999918,1152,2684,188,3237
9.887500000000045,226,1690,220,3237
9.888124999999945,306,2182,274,3237
9.888750000000073,-712,464,160,3237
9.889374999999973,-1452,-1304,276,3237
9.8900000000001,-1556,-1596,400,3237
9.890625,-1606,-1674,768,3237
9.891250000000127,-1002,-2316,504,3237
9.891875000000027,-430,-1394,106,3237
9.892499999999927,440,460,650,3237
9.893125000000055,986,696,218,3237
9.893749999999955,1806,2098,22,3237
9.894375000000082,1510,2358,246,3237
9.894999999999982,1714,2622,-108,3237
9.89562500000011,566,1196,302,3237
9.896250000000009,-6,270,156,3237
9.896874999999909,-984,-1106,546,3237
9.897500000000036,-1334,-2332,178,3237
9.898124999999936,-1058,-2278,522,3237
9.898750000000064,-916,-2238,454,3237
9.899374999999964,-938,-3064,262,3237
9.900000000000091,-444,-2264,-126,3237
9.900624999999991,346,36,528,3237
9.901250000000118,1152,786,190,3237
9.901875000000018,1956,2424,-52,3237
9.902499999999918,880,1754,98,3237
9.903125000000045,920,2154,244,3237
9.903749999999945,394,1570,340,3237
9.904375000000073,-514,880,354,3237
9.904999999999973,-872,-34,156,3237
9.9056250000001,-976,-924,72,3237
9.90625,-1614,-2034,84,3237
9.906875000000127,-2116,-2470,54,3237
9.907500000000027,-460,-966,270,3237
9.908124999999927,-52,-542,158,3237
9.908750000000055,996,1068,346,3237
9.909374999999955,1036,1600,536,3237
9.910000000000082,1784,2610,428,3237
9.910624999999982,1342,2658,568,3237
9.91125000000011,1598,3042,484,3237
9.911875000000009,254,1008,432,3237
9.912499999999909,-106,330,348,3237
9.913125000000036,-1228,-1626,-34,3237
9.913749999999936,-1232,-1888,148,3237
9.914375000000064,-1166,-2488,118,3237
9.914999999999964,-1464,-2760,384,3237
9.915625000000091,-246,-2214,130,3237
9.916249999999991,-152,-1574,152,3237
9.916875000000118,512,86,444,3237
9.917500000000018,1458,1086,188,3237
9.918124999999918,1800,1862,34,3237
9.918750000000045,514,1222,380,3237
9.919374999999945,804,1934,542,3237
9.920000000000073,32,780,558,3237
9.920624999999973,-434,-42,156,3237
9.9212500000001,-1132,-1106,350,3237
9.921875,-1584,-2026,356,3237
9.922500000000127,-1520,-2512,138,3237
9.923125000000027,-1508,-2060,-46,3237
9.923749999999927,6,-544,-104,3237
9.924375000000055,0,-498,-512,3237
9.924999999999955,1128,1784,66,3237
9.925625000000082,1036,1912,364,3237
9.926249999999982,1900,3150,286,3237
9.92687500000011,932,2476,366,3237
9.927500000000009,1240,3354,856,3237
9.928124999999909,362,1168,568,3237
9.928750000000036,-686,160,726,3237
9.929374999999936,-1386,-1360,460,3237
9.930000000000064,-1272,-1524,484,3237
9.930624999999964,-1280,-2736,-12,3237
9.931250000000091,-1126,-2268,4,3237
9.931874999999991,-88,-1352,-60,3237
9.932500000000118,-304,-1426,-136,3237
9.933125000000018,1262,640,240,3237
9.933749999999918,1102,910,304,3237
9.934375000000045,1916,1852,192,3237
9.934999999999945,672,1182,268,3237
9.935625000000073,656,1550,512,3237
9.936249999999973,-384,-268,586,3237
9.9368750000001,-426,-602,372,3237
9.9375,-1462,-1696,312,3237
9.938125000000127,-1310,-2256,588,3237
9.938750000000027,-1022,-2384,168,3237
9.939374999999927,-1398,-2210,124,3237
9.940000000000055,-526,-1500,220,3237
9.940624999999955,718,10,68,3237
9.941250000000082,1052,1366,-294,3237
9.941874999999982,564,1766,10,3237
9.94250000000011,2104,3384,-284,3237
9.943125000000009,1234,2970,126,3237
9.943749999999909,574,2736,502,3237
9.944375000000036,76,1538,712,3237
9.944999999999936,-446,284,560,3237
9.945625000000064,-1574,-1358,658,3237
9.946249999999964,-1804,-2040,686,3237
9.946875000000091,-1060,-2342,638,3237
9.947499999999991,-996,-2056,70,3237
9.948125000000118,-394,-1502,352,3237
9.948750000000018,242,-832,-292,3237
9.949374999999918,1106,1000,138,3237
9.950000000000045,1006,926,-146,3237
9.950624999999945,2166,2492,-58,3237
9.951250000000073,948,1292,390,3237
9.951874999999973,564,960,466,3237
9.9525000000001,-136,-328,376,3237
9.953125,-736,-1100,344,3237
9.953750000000127,-1154,-1728,460,3237
9.954375000000027,-1226,-1982,570,3237
9.954999999999927,-1048,-2876,210,3237
9.955625000000055,-1570,-3282,-34,3237
9.956249999999955,-372,-1380,302,3237
9.956875000000082,220,-532,70,3237
9.957499999999982,1096,1176,74,3237
9.95812500000011,1180,1932,166,3238
9.958750000000009,1170,2374,40,3238
9.959374999999909,840,2260,62,3238
9.960000000000036,1110,3230,196,3238
9.960624999999936,98,1852,98,3238
9.961250000000064,-902,-110,154,3238
9.961874999999964,-1472,-982,426,3238
9.962500000000091,-1786,-1656,732,3238
9.963124999999991,-1562,-2704,612,3238
9.963750000000118,-1118,-2168,230,3238
9.964375000000018,-422,-1100,696,3238
9.964999999999918,126,-704,340,3238
9.965625000000045,1098,724,70,3238
9.966249999999945,1306,1698,294,3238
9.966875000000073,1964,2706,-76,3238
9.967499999999973,950,1544,174,3238
9.9681250000001,876,1232,-26,3238
9.96875,-72,420,566,3238
9.969375000000127,-436,-878,278,3238
9.970000000000027,-878,-1584,452,3238
9.970624999999927,-1234,-2330,580,3238
9.971250000000055,-1216,-3386,174,3238
9.971874999999955,-1220,-2872,32,3238
9.972500000000082,-354,-1252,546,3238
9.973124999999982,334,-624,116,3238
9.97375000000011,1534,1112,-52,3238
9.974375000000009,758,1012,74,3238
9.974999999999909,1452,2406,78,3238
9.975625000000036,1284,2552,310,3238
9.976249999999936,828,2864,320,3238
9.976875000000064,-32,1482,88,3238
9.977499999999964,-338,534,144,3238
9.978125000000091,-1532,-1182,74,3238
9.978749999999991,-2164,-1870,220,3238
9.979375000000118,-1116,-1522,302,3238
9.980000000000018,-1158,-1922,184,3238
9.980624999999918,-354,-1050,336,3238
9.981250000000045,-146,-400,576,3238
9.981874999999945,1374,1210,278,3238
9.982500000000073,1156,1748,436,3238
9.983124999999973,2254,3284,386,3238
9.9837500000001,1004,1874,322,3238
9.984375,966,1954,294,3238
9.985000000000127,-192,210,56,3238
9.985625000000027,-368,-284,192,3238
9.986249999999927,-1018,-1688,218,3238
9.986875000000055,-1588,-2340,582,3238
9.987499999999955,-1240,-3206,232,3238
9.988125000000082,-1080,-2726,182,3238
9.988749999999982,-464,-1630,478,3238
9.98937500000011,576,-676,42,3238
9.990000000000009,1216,592,-32,3238
9.990624999999909,592,664,384,3238
9.991250000000036,1454,2140,280,3238
9.991874999999936,1282,2264,382,3238
9.992500000000064,778,1922,234,3238
9.993124999999964,-300,598,330,3238
9.993750000000091,-488,210,472,3242
9.994374999999991,-1344,-1254,248,3242
9.995000000000118,-1700,-1638,-6,3242
9.995625000000018,-990,-1638,36,3242
9.996249999999918,-1258,-2198,-256,3242
9.996875000000045,-372,-702,184,3242
9.997499999999945,-170,-182,316,3242
9.998125000000073,1394,1486,134,3242
9.998749999999973,1116,2070,212,3242
9.9993750000001,2150,3840,682,3242
10.0,1306,2274,464,3242
10.000625000000127,1064,2664,592,3242
10.001250000000027,-94,960,456,3242
10.001874999999927,-276,438,654,3242
10.002500000000055,-1040,-1612,144,3242
10.003124999999955,-1502,-2236,90,3242
10.003750000000082,-830,-2004,82,3242
10.004374999999982,-1186,-2556,-166,3242
10.00500000000011,-356,-2044,312,3242
10.005625000000009,294,-896,208,3242
10.006249999999909,1530,558,100,3242
10.006875000000036,608,600,222,3242
10.007499999999936,1440,2294,434,3242
10.008125000000064,612,1094,502,3242
10.008749999999964,892,1342,244,3242
10.009375000000091,-212,582,260,3242
10.009999999999991,-702,-404,666,3242
10.010625000000118,-1048,-1524,284,3242
10.011250000000018,-1592,-1918,262,3242
10.011874999999918,-1452,-2202,414,3242
10.012500000000045,-652,-1898,90,3242
10.013124999999945,-160,-718,-180,3242
10.013750000000073,-330,104,46,3242
10.014374999999973,1336,1494,-288,3242
10.0150000000001,1678,2510,26,3242
10.015625,1448,3396,274,3242
10.016250000000127,1104,2742,632,3242
10.016875000000027,1164,2828,468,3242
10.017499999999927,-286,1080,644,3242
10.018125000000055,-632,124,692,3242
10.018749999999955,-978,-1294,816,3242
10.019375000000082,-1302,-2086,104,3242
10.019999999999982,-1472,-2454,512,3242
10.02062500000011,-1006,-2292,-116,3242
10.021250000000009,184,-676,126,3242
10.021874999999909,316,-532,-276,3242
10.022500000000036,1440,1016,-30,3242
10.023124999999936,1352,1086,188,3242
10.023750000000064,1172,1768,512,3242
10.024374999999964,774,988,348,3242
10.025000000000091,1038,1208,244,3242
10.025624999999991,-376,-120,252,3242
10.026250000000118,-874,-770,686,3242
10.026875000000018,-1018,-2116,280,3242
10.027499999999918,-1968,-3314,120,3242
10.028125000000045,-1166,-2264,310,3242
10.028749999999945,-512,-1604,140,3242
10.029375000000073,152,-710,150,3257
10.029999999999973,36,-60,260,3257
10.0306250000001,1192,1772,-50,3257
10.03125,1102,2010,-118,3257
10.031875000000127,1712,3598,42,3257
10.032500000000027,882,2848,64,3257
10.033124999999927,70,1572,146,3257
10.033750000000055,-670,450,392,3257
10.034374999999955,-1120,-286,794,3257
10.035000000000082,-1684,-2048,626,3257
10.035624999999982,-1488,-2268,334,3257
10.03625000000011,-1486,-2082,806,3257
10.036875000000009,-868,-2094,364,3257
10.037499999999909,312,-682,128,3257
10.038125000000036,834,490,156,3257
10.038749999999936,1950,2146,-136,3257
10.039375000000064,1100,1454,252,3257
10.039999999999964,1328,1718,-36,3257
10.040625000000091,816,1592,498,3257
10.041249999999991,480,642,286,3257
10.041875000000118,-472,-740,334,3257
10.042500000000018,-976,-1664,546,3257
10.043124999999918,-1502,-3182,236,3257
10.043750000000045,-1412,-2880,-36,3257
10.044374999999945,-800,-1824,576,3257
10.045000000000073,-332,-1678,228,3257
10.045624999999973,888,-194,-50,3257
10.0462500000001,334,196,140,3257
10.046875,1426,1952,160,3257
10.047500000000127,1406,2362,242,3257
10.048125000000027,1292,3354,210,3257
10.048749999999927,446,2164,66,3257
10.049375000000055,74,1076,78,3257
10.049999999999955,-1090,-262,76,3257
10.050625000000082,-1930,-964,418,3257
10.051249999999982,-974,-1278,214,3257
10.05187500000011,-1346,-2128,90,3257
10.052500000000009,-1012,-1778,360,3257
10.053124999999909,-600,-1184,458,3257
10.053750000000036,1092,638,352,3257
10.054374999999936,926,1170,380,3257
10.055000000000064,2166,2962,346,3257
10.055624999999964,1098,1890,492,3257
10.056250000000091,1324,2326,360,3257
10.056874999999991,26,646,74,3257
10.057500000000118,-120,146,302,3257
10.058125000000018,-894,-1504,56,3257
10.058749999999918,-1624,-2310,478,3257
10.059375000000045,-1168,-2806,312,3257
10.059999999999945,-1172,-2698,258,3257
10.060625000000073,-618,-2132,294,3257
10.061249999999973,308,-930,132,3257
10.0618750000001,1234,420,-144,3257
10.0625,380,504,462,3257
10.063125000000127,1544,2214,220,3257
10.063750000000027,1476,2488,430,3257
10.064374999999927,970,2104,182,3257
10.065000000000055,-288,756,410,3257
10.065624999999955,-336,596,512,3257
10.066250000000082,-1194,-838,350,3257
10.066874999999982,-1592,-1466,24,3257
10.06750000000011,-1152,-1654,62,3257
10.068125000000009,-1014,-1936,-268,3257
10.068749999999909,-342,-766,68,3257
10.069375000000036,-248,-266,190,3257
10.069999999999936,1408,1428,144,3257
10.070625000000064,1198,2062,164,3257
10.071249999999964,1882,3414,626,3257
10.071875000000091,1386,2346,506,3257
10.072499999999991,532,1904,750,3257
10.073125000000118,-134,662,406,3257
10.073750000000018,-246,442,762,3257
10.074374999999918,-1178,-1816,206,3257
10.075000000000045,-1574,-2324,58,3257
10.075624999999945,-1112,-2494,68,3257
10.076250000000073,-1458,-3024,-232,3257
10.076874999999973,-98,-1430,270,3257
10.0775000000001,188,-684,394,3257
10.078125,1576,628,60,3257
10.078750000000127,990,934,106,3257
10.079375000000027,1278,2150,448,3257
10.079999999999927,442,960,512,3257
10.080625000000055,1022,1524,152,3257
10.081249999999955,-376,464,338,3257
10.081875000000082,-834,-720,614,3257
10.082499999999982,-1322,-1998,324,3257
10.08312500000011,-1856,-2466,264,3257
10.083750000000009,-1488,-2364,432,3257
10.084374999999909,-638,-1850,94,3257
10.085000000000036,-50,-692,-214,3257
10.085624999999936,-58,312,-112,3257
10.086250000000064,1608,2112,-234,3257
10.086874999999964,1680,2722,-62,3257
10.087500000000091,1612,3620,208,3257
10.088124999999991,1058,2726,666,3257
10.088750000000118,488,1710,486,3257
10.089375000000018,-456,538,650,3257
10.089999999999918,-1334,-802,702,3257
10.090625000000045,-710,-1210,776,3257
10.091249999999945,-1148,-1896,84,3257
10.091875000000073,-1676,-2928,464,3257
10.092499999999973,-940,-2326,-122,3257
10.0931250000001,326,-310,202,3257
10.09375,620,-30,-226,3257
10.094375000000127,2008,1910,0,3257
10.095000000000027,1140,978,222,3257
10.095624999999927,1014,1550,520,3257
10.096250000000055,946,1280,324,3257
10.096874999999955,628,824,238,3257
10.097500000000082,-776,-682,344,3257
10.098124999999982,-1296,-1496,680,3257
10.09875000000011,-1234,-2688,248,3257
10.099375000000009,-1796,-3432,124,3257
10.099999999999909,-992,-2274,278,3257
10.100625000000036,-678,-1876,96,3257
10.101249999999936,700,166,176,3257
10.101875000000064,550,760,274,3258
10.102499999999964,1400,2292,-72,3258
10.103125000000091,1310,2606,-14,3258
10.103749999999991,1516,3806,38,3258
10.104375000000118,470,2306,72,3258
10.105000000000018,-128,1098,210,3258
10.105624999999918,-1182,-284,446,3258
10.106250000000045,-1372,-716,730,3258
10.106874999999945,-1166,-1660,582,3258
10.107500000000073,-1632,-2464,326,3258
10.108124999999973,-632,-1048,674,3258
10.1087500000001,-354,-1168,288,3258
10.109375,880,184,124,3258
10.110000000000127,1344,1446,248,3258
10.110625000000027,1688,1978,-76,3258
10.111249999999927,968,1440,302,3258
10.111875000000055,1458,2234,-18,3258
10.112499999999955,84,690,464,3258
10.113125000000082,-112,-308,288,3258
10.113749999999982,-898,-1598,458,3258
10.11437500000011,-1340,-2596,404,3258
10.115000000000009,-1524,-3482,256,3258
10.115624999999909,-1320,-3050,-92,3258
10.116250000000036,-542,-1766,532,3258
10.116874999999936,352,-810,262,3258
10.117500000000064,1280,858,-114,3258
10.118124999999964,858,1144,64,3258
10.118750000000091,1732,2960,284,3258
10.119374999999991,1086,2438,312,3272
10.120000000000118,556,2380,328,3272
10.120625000000018,-210,1212,198,3272
10.121249999999918,-676,82,162,3272
10.121875000000045,-1320,-1224,-26,3272
10.122499999999945,-1678,-1356,314,3272
10.123125000000073,-1304,-2070,204,3272
10.123749999999973,-778,-1598,94,3272
10.1243750000001,48,-262,328,3272
10.125,104,176,450,3272
10.125625000000127,1504,1730,418,3272
10.126250000000027,940,1694,484,3272
10.126874999999927,1996,2980,320,3272
10.127500000000055,1022,1992,530,3272
10.128124999999955,326,1230,500,3272
10.128750000000082,-654,-606,36,3272
10.129374999999982,-1080,-1368,332,3272
10.13000000000011,-1684,-2932,58,3272
10.130625000000009,-1480,-2704,260,3272
10.131249999999909,-1070,-3202,254,3272
10.131875000000036,-740,-2406,246,3272
10.132499999999936,232,-622,256,3272
10.133125000000064,936,228,148,3272
10.133749999999964,2120,2240,-46,3272
10.134375000000091,792,1532,408,3272
10.134999999999991,844,1776,410,3272
10.135625000000118,646,1516,382,3272
10.136250000000018,-20,792,294,3272
10.136874999999918,-818,-398,434,3272
10.137500000000045,-1192,-1368,380,3272
10.138124999999945,-1802,-2322,384,3267
10.138750000000073,-1924,-2472,38,3267
10.139374999999973,-370,-960,-66,3267
10.1400000000001,40,-396,-410,3267
10.140625,932,1310,78,3267
10.141250000000127,846,1472,256,3267
10.141875000000027,1434,2396,270,3267
10.142499999999927,1198,2542,244,3267
10.143125000000055,1442,3648,814,3267
10.143749999999955,724,1614,532,3267
10.144375000000082,-618,136,640,3267
10.144999999999982,-1176,-1084,458,3267
10.14562500000011,-1642,-1844,668,3267
10.146250000000009,-944,-2278,142,3267
10.146874999999909,-1584,-2734,12,3267
10.147500000000036,-146,-1674,14,3267
10.148124999999936,-234,-1466,-202,3267
10.148750000000064,1062,518,220,3267
10.149374999999964,1346,1166,384,3267
10.150000000000091,1914,1662,130,3267
10.150624999999991,498,878,198,3267
10.151250000000118,1024,1996,518,3267
10.151875000000018,-460,-236,582,3267
10.152499999999918,-496,-768,174,3267
10.153125000000045,-1168,-1460,378,3267
10.153749999999945,-1706,-2552,512,3267
10.154375000000073,-1140,-2632,184,3267
10.154999999999973,-1246,-2160,190,3267
10.1556250000001,-312,-958,246,3253
10.15625,668,142,132,3253
10.156875000000127,1056,1510,-192,3253
10.157500000000027,520,1670,-78,3253
10.158124999999927,1700,3084,-160,3253
10.158750000000055,1202,2958,214,3253
10.159374999999955,236,2128,332,3253
10.160000000000082,-58,1166,704,3253
10.160624999999982,-576,168,550,3253
10.16125000000011,-1668,-1596,510,3253
10.161875000000009,-1752,-2048,642,3253
10.162499999999909,-694,-1880,686,3253
10.163125000000036,-738,-1840,-52,3253
10.163749999999936,26,-896,398,3253
10.164375000000064,334,-544,-176,3253
10.164999999999964,1618,1708,130,3253
10.165625000000091,1418,1606,-76,3253
10.166249999999991,1852,2336,16,3253
10.166875000000118,600,886,344,3253
10.167500000000018,30,428,644,3253
10.168124999999918,-500,-910,346,3253
10.168750000000045,-676,-1382,292,3253
10.169374999999945,-1688,-2600,334,3253
10.170000000000073,-1310,-2574,414,3253
10.170624999999973,-508,-2206,160,3253
10.1712500000001,-854,-2208,-34,3253
10.171875,248,-538,204,3253
10.172500000000127,598,178,190,3253
10.173125000000027,1512,2122,144,3251
10.173749999999927,1024,2248,300,3251
10.174375000000055,1024,2604,338,3251
10.174999999999955,324,1740,74,3251
10.175625000000082,196,1994,158,3251
10.176249999999982,-780,332,176,3251
10.17687500000011,-1456,-1346,184,3251
10.177500000000009,-1426,-1552,192,3251
10.178124999999909,-1344,-1348,724,3251
10.178750000000036,-1092,-2432,404,3251
10.179374999999936,-250,-1120,126,3251
10.180000000000064,562,628,630,3251
10.180624999999964,918,770,416,3251
10.181250000000091,1754,2032,104,3251
10.181874999999991,1326,2306,446,3251
10.182500000000118,1664,2502,-10,3251
10.183125000000018,512,1334,444,3251
10.183749999999918,-138,128,122,3251
10.184375000000045,-1028,-1362,384,3251
10.184999999999945,-1352,-2524,104,3251
10.185625000000073,-1020,-2342,466,3251
10.186249999999973,-944,-2422,292,3251
10.1868750000001,-692,-2744,190,3251
10.1875,-254,-2038,-186,3251
10.188125000000127,464,312,432,3251
10.188750000000027,1190,1052,314,3251
10.189374999999927,1890,2370,-62,3251
10.190000000000055,848,1718,112,3251
10.190624999999955,832,1990,396,3251
10.191250000000082,36,1032,360,3251
10.191874999999982,-810,304,376,3251
10.19250000000011,-974,-350,300,3251
10.193125000000009,-822,-950,78,3251
10.193749999999909,-1632,-2324,44,3251
10.194375000000036,-1890,-2240,178,3251
10.194999999999936,-104,-632,0,3251
10.195625000000064,338,136,16,3251
10.196249999999964,1220,1606,308,3251
10.196875000000091,1322,2096,394,3251
10.197499999999991,1718,2720,424,3251
10.198125000000118,1034,2374,650,3251
10.198750000000018,1134,2398,550,3251
10.199374999999918,-140,418,562,3251
10.200000000000045,-628,-452,452,3251
10.200624999999945,-1384,-2164,12,3251
10.201250000000073,-1372,-2288,230,3251
10.201874999999973,-1028,-2534,-10,3251
10.2025000000001,-1088,-2352,342,3251
10.203125,422,-1272,154,3251
10.203750000000127,216,-858,182,3251
10.204375000000027,880,740,352,3251
10.204999999999927,1524,1516,188,3251
10.205625000000055,1668,2128,0,3251
10.206249999999955,358,1152,344,3251
10.206875000000082,284,1168,604,3251
10.207499999999982,-686,-438,400,3251
10.20812500000011,-830,-914,150,3251
10.208750000000009,-1230,-1652,440,3251
10.209374999999909,-1466,-2424,292,3251
10.210000000000036,-1074,-2260,156,3252
10.210624999999936,-1046,-1498,64,3252
10.211250000000064,546,216,-188,3252
10.211874999999964,756,840,-396,3252
10.212500000000091,1738,3184,170,3252
10.213124999999991,1334,2722,320,3252
10.213750000000118,1600,3136,224,3252
10.214375000000018,222,1904,390,3252
10.214999999999918,258,2078,866,3252
10.215625000000045,-258,30,600,3252
10.216249999999945,-1620,-1544,538,3252
10.216875000000073,-1632,-2348,344,3252
10.217499999999973,-1492,-2078,556,3252
10.2181250000001,-618,-2154,-16,3252
10.21875,-244,-1288,-78,3252
10.219375000000127,788,158,116,3252
10.220000000000027,530,-28,-154,3252
10.220624999999927,1984,2260,304,3252
10.221250000000055,1024,1324,492,3252
10.221874999999955,1618,1678,280,3252
10.222500000000082,0,470,288,3252
10.223124999999982,-256,-18,510,3252
10.22375000000011,-1050,-1660,456,3252
10.224375000000009,-1280,-2206,200,3252
10.224999999999909,-1714,-2682,306,3252
10.225625000000036,-1024,-2490,396,3252
10.226249999999936,-232,-1626,52,3252
10.226875000000064,-566,-1046,130,3252
10.227499999999964,782,516,30,3252
10.228125000000091,1612,1948,174,3252
10.228749999999991,1466,2834,-118,3252
10.229375000000118,518,2182,20,3252
10.230000000000018,1392,3112,-10,3252
10.230624999999918,10,1758,414,3252
10.231250000000045,-670,658,474,3252
10.231874999999945,-1018,-614,666,3252
10.232500000000073,-1526,-1668,354,3252
10.233124999999973,-1766,-2538,446,3252
10.2337500000001,-1496,-2352,470,3252
10.234375,24,-1280,404,3252
10.235000000000127,286,-364,-32,3252
10.235625000000027,1248,1204,390,3252
10.236249999999927,1472,1336,-196,3252
10.236875000000055,1368,2138,320,3252
10.237499999999955,838,1368,88,3252
10.238125000000082,1320,1942,4,3252
10.238749999999982,-96,110,470,3252
10.23937500000011,-654,-808,630,3252
10.240000000000009,-1260,-2492,388,3252
10.240624999999909,-1808,-3400,148,3252
10.241250000000036,-1138,-2434,338,3252
10.241874999999936,-734,-1852,354,3252
10.242500000000064,146,-1506,24,3252
10.243124999999964,190,-836,-102,3252
10.243750000000091,1016,1242,300,3252
10.244374999999991,1096,1526,206,3252
10.245000000000118,1748,3142,142,3264
10.245625000000018,986,2860,328,3264
10.246249999999918,314,1784,430,3264
10.246875000000045,-592,470,166,3264
10.247499999999945,-1204,-106,268,3264
10.248125000000073,-1566,-1452,232,3264
10.248749999999973,-1704,-2428,76,3264
10.2493750000001,-1466,-2066,274,3264
10.25,-1136,-1536,522,3264
10.250625000000127,294,-372,344,3264
10.251250000000027,704,442,92,3264
10.251874999999927,1734,2642,528,3264
10.252500000000055,1300,1790,516,3264
10.253124999999955,1388,1964,162,3264
10.253750000000082,710,1856,544,3264
10.254374999999982,312,966,96,3264
10.25500000000011,-304,-118,400,3264
10.255625000000009,-922,-1424,26,3264
10.256249999999909,-1792,-2956,386,3264
10.256875000000036,-1300,-2966,162,3264
10.257499999999936,-690,-2054,532,3264
10.258125000000064,-406,-1942,246,3264
10.258749999999964,932,-632,-64,3264
10.259375000000091,360,-492,-96,3264
10.259999999999991,1088,1668,438,3264
10.260625000000118,1572,2092,300,3264
10.261250000000018,1666,2768,64,3264
10.261874999999918,300,1462,192,3264
10.262500000000045,152,1280,480,3264
10.263124999999945,-922,-550,402,3264
10.263750000000073,-1782,-1376,452,3250
10.264374999999973,-1344,-1482,174,3250
10.2650000000001,-1390,-2000,64,3250
10.265625,-768,-1730,-28,3250
10.266250000000127,-962,-1378,40,3250
10.266875000000027,670,640,26,3250
10.267499999999927,1152,1490,62,3250
10.268125000000055,1694,2656,322,3250
10.268749999999955,974,2204,530,3250
10.269375000000082,1594,3016,480,3250
10.269999999999982,130,1550,702,3250
10.27062500000011,218,896,494,3250
10.271250000000009,-808,-776,514,3250
10.271874999999909,-1258,-1538,408,3250
10.272500000000036,-994,-1930,-22,3250
10.273124999999936,-1388,-2344,128,3250
10.273750000000064,-560,-2104,48,3250
10.274374999999964,134,-1012,224,3250
10.275000000000091,998,-60,158,3250
10.275624999999991,704,198,196,3250
10.276250000000118,1490,1960,452,3250
10.276875000000018,1254,1578,194,3250
10.277499999999918,1260,1886,116,3250
10.278125000000045,-204,486,464,3250
10.278749999999945,-370,-16,536,3250
10.279375000000073,-1226,-1680,366,3250
10.279999999999973,-1374,-2014,184,3250
10.2806250000001,-1408,-2406,334,3250
10.28125,-1240,-2586,158,3250
10.281875000000127,-520,-1590,78,3250
10.282500000000027,-344,-568,-88,3250
10.283124999999927,1280,1486,-150,3250
10.283750000000055,1330,2092,-190,3250
10.284374999999955,1544,3440,252,3250
10.285000000000082,1322,3086,420,3250
10.285624999999982,664,2184,342,3250
10.28625000000011,-474,738,388,3250
10.286875000000009,-338,796,730,3250
10.287499999999909,-1008,-1156,604,3250
10.288125000000036,-1748,-2312,402,3250
10.288749999999936,-1154,-2208,294,3250
10.289375000000064,-1382,-2182,418,3250
10.289999999999964,202,-1056,4,3250
10.290625000000091,174,-444,-98,3250
10.291249999999991,1560,1382,88,3250
10.291875000000118,1308,1240,-138,3250
10.292500000000018,1448,2188,486,3250
10.293124999999918,674,1000,484,3250
10.293750000000045,720,894,542,3250
10.294374999999945,-798,-714,440,3250
10.295000000000073,-956,-1332,490,3250
10.295624999999973,-1590,-2956,328,3250
10.2962500000001,-1936,-3510,158,3250
10.296875,-1034,-2186,232,3250
10.297500000000127,-402,-1672,226,3250
10.298125000000027,656,-190,14,3250
10.298749999999927,406,454,70,3264
10.299375000000055,1080,1862,152,3264
10.299999999999955,1748,2858,214,3264
10.300625000000082,1270,3292,38,3264
10.301249999999982,62,1710,158,3264
10.30187500000011,12,1016,28,3264
10.302500000000009,-972,54,404,3264
10.303124999999909,-1944,-1624,440,3264
10.303750000000036,-1038,-1380,636,3264
10.304374999999936,-1252,-1828,94,3264
10.305000000000064,-734,-1608,432,3264
10.305624999999964,-500,-1172,372,3264
10.306250000000091,936,670,438,3264
10.306874999999991,1156,1236,22,3264
10.307500000000118,2160,3270,474,3264
10.308125000000018,1288,1722,-90,3264
10.308749999999918,922,1806,286,3264
10.309375000000045,192,706,200,3264
10.309999999999945,-212,-144,144,3264
10.310625000000073,-1142,-1798,504,3264
10.311249999999973,-1602,-2558,696,3264
10.3118750000001,-1004,-3058,278,3264
10.3125,-1246,-3104,140,3264
10.313125000000127,-290,-1564,262,3264
10.313750000000027,262,-600,250,3264
10.314374999999927,1368,836,-112,3264
10.315000000000055,902,1066,76,3264
10.315624999999955,1552,2624,226,3264
10.316250000000082,760,1864,322,3264
10.316874999999982,702,1898,208,3264
10.31750000000011,-318,996,478,3249
10.318125000000009,-768,-70,384,3249
10.318749999999909,-1458,-1388,78,3249
10.319375000000036,-1590,-1310,188,3249
10.319999999999936,-982,-1624,48,3249
10.320625000000064,-700,-1618,34,3249
10.321249999999964,-24,-130,164,3249
10.321875000000091,250,512,542,3249
10.322499999999991,1542,1912,256,3249
10.323125000000118,1712,2602,298,3249
10.323750000000018,1434,2958,482,3249
10.324374999999918,996,1972,742,3249
10.325000000000045,848,1702,280,3249
10.325624999999945,-882,-228,524,3249
10.326250000000073,-750,-996,136,3249
10.326874999999973,-1348,-2046,408,3249
10.3275000000001,-1484,-2918,-160,3249
10.328125,-1200,-3058,216,3249
10.328750000000127,-698,-2382,192,3249
10.329375000000027,232,-826,312,3249
10.329999999999927,758,12,228,3249
10.330625000000055,1810,1392,64,3249
10.331249999999955,1138,1320,26,3249
10.331875000000082,726,1888,616,3249
10.332499999999982,532,1026,254,3249
10.33312500000011,262,782,272,3249
10.333750000000009,-1084,-672,350,3249
10.334374999999909,-1150,-1372,388,3249
10.335000000000036,-1252,-2058,302,3249
10.335624999999936,-1898,-2360,360,3248
10.336250000000064,-804,-1818,-32,3248
10.336874999999964,-14,-640,-128,3248
10.337500000000091,916,1040,-76,3248
10.338124999999991,650,1380,34,3248
10.338750000000118,1318,2496,70,3248
10.339375000000018,1146,2518,262,3248
10.339999999999918,1440,3372,564,3248
10.340625000000045,176,1546,578,3248
10.341249999999945,-298,512,558,3248
10.341875000000073,-1240,-800,720,3248
10.342499999999973,-1418,-1760,478,3248
10.3431250000001,-1530,-2814,382,3248
10.34375,-1116,-2346,162,3248
10.344375000000127,-428,-1812,-88,3248
10.345000000000027,-156,-1260,94,3248
10.345624999999927,978,414,-136,3248
10.346250000000055,1240,1208,354,3248
10.346874999999955,2026,2270,230,3248
10.347500000000082,872,1152,344,3248
10.348124999999982,466,876,582,3248
10.34875000000011,-218,-170,408,3248
10.349375000000009,-744,-1134,32,3248
10.349999999999909,-1336,-1682,588,3248
10.350625000000036,-1196,-2212,450,3248
10.351249999999936,-1634,-3396,114,3248
10.351875000000064,-1248,-2602,48,3248
10.352499999999964,48,-626,140,3248
10.353125000000091,462,-24,102,3248
10.353749999999991,1406,1998,102,3249
10.354375000000118,874,1994,14,3249
10.355000000000018,1202,2510,44,3249
10.355624999999918,668,2192,0,3249
10.356250000000045,210,2624,450,3249
10.356874999999945,-68,1102,358,3249
10.357500000000073,-862,-610,200,3249
10.358124999999973,-1876,-1882,418,3249
10.3587500000001,-1986,-2254,678,3249
10.359375,-360,-1390,392,3249
10.360000000000127,-968,-1776,320,3249
10.360625000000027,746,48,222,3249
10.361249999999927,752,632,322,3249
10.361875000000055,1698,1888,118,3249
10.362499999999955,1324,1836,10,3249
10.363125000000082,1596,2330,236,3249
10.363749999999982,350,718,28,3249
10.36437500000011,192,762,612,3249
10.365000000000009,-1034,-1624,452,3249
10.365624999999909,-936,-1820,504,3249
10.366250000000036,-1428,-2580,392,3249
10.366874999999936,-1556,-3172,244,3249
10.367500000000064,-378,-2316,86,3249
10.368124999999964,-598,-1776,192,3249
10.368750000000091,426,-112,86,3249
10.369374999999991,1504,1450,256,3249
10.370000000000118,1408,2086,76,3249
10.370625000000018,628,1740,192,3249
10.371249999999918,922,2444,372,3249
10.371875000000045,230,1590,390,3249
10.372499999999945,-552,662,104,3249
10.373125000000073,-996,-428,246,3249
10.373749999999973,-1342,-1512,-28,3249
10.3743750000001,-1624,-1948,300,3249
10.375,-1600,-2038,290,3249
10.375625000000127,-30,-732,346,3249
10.376250000000027,-78,-300,58,3249
10.376874999999927,1290,1646,444,3249
10.377500000000055,1094,1266,270,3249
10.378124999999955,1744,2920,520,3249
10.378750000000082,1096,2224,258,3249
10.379374999999982,1246,2826,692,3249
10.38000000000011,140,434,112,3249
10.380625000000009,-708,-494,298,3249
10.381249999999909,-1240,-1962,184,3249
10.381875000000036,-1340,-2438,-16,3249
10.382499999999936,-1484,-3126,452,3249
10.383125000000064,-788,-2288,462,3249
10.383749999999964,374,-1472,62,3249
10.384375000000091,-230,-1152,138,3249
10.384999999999991,1386,1298,176,3249
10.385625000000118,1216,1346,330,3249
10.386250000000018,1570,2064,-42,3249
10.386874999999918,736,1724,202,3249
10.387500000000045,388,1594,562,3249
10.388124999999945,-510,-10,352,3249
10.388750000000073,-744,-342,384,3249
10.389374999999973,-1440,-1334,488,3239
10.3900000000001,-1372,-2198,304,3239
10.390625,-1080,-1776,-34,3239
10.391250000000127,-1118,-1148,-16,3239
10.391875000000027,204,-480,-208,3239
10.392499999999927,1022,848,-36,3239
10.393125000000055,1260,2356,206,3239
10.393749999999955,1324,2518,628,3239
10.394375000000082,1952,3464,406,3239
10.394999999999982,982,2458,352,3239
10.39562500000011,484,2068,772,3239
10.396250000000009,-200,226,688,3239
10.396874999999909,-1068,-1138,236,3239
10.397500000000036,-1762,-2458,528,3239
10.398124999999936,-1658,-2864,-74,3239
10.398750000000064,-530,-1674,336,3239
10.399374999999964,-400,-1822,-250,3239
10.400000000000091,512,-694,64,3239
10.400624999999991,750,-158,134,3239
10.401250000000118,1278,1468,454,3239
10.401875000000018,1188,1264,282,3239
10.402499999999918,1948,2298,208,3239
10.403125000000045,234,866,292,3239
10.403749999999945,-308,238,572,3239
10.404375000000073,-720,-1192,242,3239
10.404999999999973,-1470,-2248,230,3239
10.4056250000001,-1406,-2222,326,3239
10.40625,-1036,-2022,184,3239
10.406875000000127,-536,-1650,220,3239
10.407500000000027,-802,-1314,216,3237
10.408124999999927,750,678,-40,3237
10.408750000000055,1014,1412,-54,3237
10.409374999999955,1796,3272,-46,3237
10.410000000000082,1358,3186,96,3237
10.410624999999982,796,2488,180,3237
10.41125000000011,60,1524,350,3237
10.411875000000009,-288,1222,796,3237
10.412499999999909,-1288,-1038,672,3237
10.413125000000036,-1496,-1800,300,3237
10.413749999999936,-1764,-2196,834,3237
10.414375000000064,-1284,-2504,324,3237
10.414999999999964,-286,-1402,224,3237
10.415625000000091,236,-376,200,3237
10.416249999999991,1564,1286,-214,3237
10.416875000000118,906,902,256,3237
10.417500000000018,1476,1732,-20,3237
10.418124999999918,1264,1920,368,3237
10.418750000000045,1024,1486,314,3237
10.419374999999945,-62,50,468,3237
10.420000000000073,-564,-998,512,3237
10.420624999999973,-1540,-2696,388,3237
10.4212500000001,-1408,-2628,8,3237
10.421875,-1108,-2172,498,3237
10.422500000000127,-858,-2300,320,3237
10.423125000000027,272,-1230,-126,3237
10.423749999999927,-8,-700,-16,3237
10.424375000000055,1196,1424,170,3237
10.424999999999955,1432,2030,176,3237
10.425625000000082,1552,3412,216,3240
10.426249999999982,750,2480,190,3240
10.42687500000011,508,1896,106,3240
10.427500000000009,-726,456,62,3240
10.428124999999909,-1460,-138,416,3240
10.428750000000036,-1024,-868,276,3240
10.429374999999936,-1560,-2048,294,3240
10.430000000000064,-1442,-2288,362,3240
10.430624999999964,-1182,-1930,488,3240
10.431250000000091,552,-94,306,3240
10.431874999999991,294,278,414,3240
10.432500000000118,1942,2234,204,3240
10.433125000000018,1056,1648,380,3240
10.433749999999918,1686,2592,310,3240
10.434375000000045,570,1214,50,3240
10.434999999999945,412,960,384,3240
10.435625000000073,-542,-734,116,3240
10.436249999999973,-1130,-1360,540,3240
10.4368750000001,-1482,-3016,384,3240
10.4375,-1344,-2846,360,3240
10.438125000000127,-1048,-2548,310,3240
10.438750000000027,-176,-1752,198,3240
10.439374999999927,696,-520,-90,3240
10.440000000000055,166,-280,214,3240
10.440624999999955,1214,1566,212,3240
10.441250000000082,1676,2450,274,3240
10.441874999999982,1268,2422,118,3240
10.44250000000011,168,1376,346,3240
10.443125000000009,-38,1168,448,3227
10.443749999999909,-916,-232,534,3227
10.444375000000036,-1438,-896,270,3227
10.444999999999936,-1172,-1446,48,3227
10.445625000000064,-1416,-2204,-270,3227
10.446249999999964,-810,-1326,214,3227
10.446875000000091,-722,-1070,194,3227
10.447499999999991,904,732,224,3227
10.448125000000118,994,1484,130,3227
10.448750000000018,1938,3168,504,3227
10.449374999999918,1358,2034,366,3227
10.450000000000045,1442,3036,608,3227
10.450624999999945,372,1434,314,3227
10.451250000000073,284,1246,684,3227
10.451874999999973,-764,-1008,162,3227
10.4525000000001,-1382,-1930,132,3227
10.453125,-1152,-2264,208,3227
10.453750000000127,-1466,-2802,-16,3227
10.454375000000027,-832,-2622,294,3227
10.454999999999927,-176,-1438,388,3227
10.455625000000055,1192,-50,96,3227
10.456249999999955,556,146,86,3227
10.456875000000082,1294,1880,422,3227
10.457499999999982,730,1070,422,3227
10.45812500000011,1228,1884,70,3227
10.458750000000009,148,1208,262,3227
10.459374999999909,-466,64,598,3227
10.460000000000036,-1006,-1200,310,3227
10.460624999999936,-1388,-1494,338,3227
10.461250000000064,-1620,-2268,388,3231
10.461874999999964,-962,-2180,252,3231
10.462500000000091,-536,-1162,6,3231
10.463124999999991,-590,-460,-148,3231
10.463750000000118,1030,878,-280,3231
10.464375000000018,1504,2062,44,3231
10.464999999999918,1464,3208,236,3231
10.465625000000045,1404,2986,642,3231
10.466249999999945,1456,3218,516,3231
10.466875000000073,172,1618,384,3231
10.467499999999973,-242,994,868,3231
10.4681250000001,-786,-884,616,3231
10.46875,-1294,-1792,112,3231
10.469375000000127,-1520,-2512,506,3231
10.470000000000027,-1384,-2810,-186,3231
10.470624999999927,-110,-1062,384,3231
10.471250000000055,72,-942,-102,3231
10.471874999999955,1334,686,-8,3231
10.472500000000082,1184,754,82,3231
10.473124999999982,1282,1782,486,3231
10.47375000000011,960,1148,286,3231
10.474375000000009,1598,1948,144,3231
10.474999999999909,-160,398,408,3231
10.475625000000036,-610,-478,534,3231
10.476249999999936,-1016,-1740,258,3231
10.476875000000064,-1724,-2694,270,3231
10.477499999999964,-1304,-2382,280,3231
10.478125000000091,-906,-2002,110,3231
10.478749999999991,-292,-1258,266,3231
10.479375000000118,-414,-898,120,3230
10.480000000000018,958,1202,132,3230
10.480624999999918,1074,1774,76,3230
10.481250000000045,1726,3478,-82,3230
10.481874999999945,1258,3190,164,3230
10.482500000000073,480,2076,160,3230
10.483124999999973,-208,1110,260,3230
10.4837500000001,-704,562,850,3230
10.484375,-1416,-1472,578,3230
10.485000000000127,-1592,-2028,240,3230
10.485625000000027,-1616,-2046,868,3230
10.486249999999927,-1220,-2420,274,3230
10.486875000000055,-192,-1612,174,3230
10.487499999999955,412,-272,146,3230
10.488125000000082,1600,1326,-142,3230
10.488749999999982,1262,1344,276,3230
10.48937500000011,1550,2004,52,3230
10.490000000000009,1200,1808,434,3230
10.490624999999909,930,1398,262,3230
10.491250000000036,-66,32,434,3230
10.491874999999936,-716,-1090,560,3230
10.492500000000064,-1516,-2664,454,3230
10.493124999999964,-1536,-3226,-162,3230
10.493750000000091,-1258,-2330,550,3230
10.494374999999991,-640,-2058,170,3230
10.495000000000118,-64,-1542,-26,3230
10.495625000000018,-90,-880,-46,3230
10.496249999999918,1046,1212,148,3230
10.496875000000045,1354,1916,218,3230
10.497499999999945,1560,3296,208,3232
10.498125000000073,752,2566,356,3232
10.498749999999973,624,1874,136,3232
10.4993750000001,-606,550,-26,3232
10.5,-1344,100,428,3232
10.500625000000127,-932,-642,352,3232
10.501250000000027,-1348,-1840,118,3232
10.501874999999927,-1770,-2498,398,3232
10.502500000000055,-1386,-2090,540,3232
10.503124999999955,384,-494,160,3232
10.503750000000082,192,126,408,3232
10.504374999999982,1862,2126,158,3232
10.50500000000011,1490,2172,306,3232
10.505625000000009,1692,2570,270,3232
10.506249999999909,832,1614,68,3232
10.506875000000036,760,1530,418,3232
10.507499999999936,-400,-392,252,3232
10.508125000000064,-948,-1060,638,3232
10.508749999999964,-1338,-2738,414,3232
10.509375000000091,-1184,-2610,328,3232
10.509999999999991,-1126,-2460,344,3232
10.510625000000118,-680,-2304,28,3232
10.511250000000018,628,-816,2,3232
10.511874999999918,110,-596,40,3232
10.512500000000045,884,1068,170,3232
10.513124999999945,1664,2200,276,3232
10.513750000000073,1364,2240,34,3232
10.514374999999973,320,1456,362,3232
10.5150000000001,256,1476,480,3232
10.515625,-666,224,476,3232
10.516250000000127,-1076,-260,374,3232
10.516875000000027,-1018,-1032,66,3232
10.517499999999927,-1204,-1748,-302,3232
10.518125000000055,-1068,-1476,292,3232
10.518749999999955,-988,-1350,332,3232
10.519375000000082,484,64,166,3232
10.519999999999982,534,712,70,3232
10.52062500000011,1816,2764,528,3232
10.521250000000009,1360,1838,242,3232
10.521874999999909,1212,2454,572,3232
10.522500000000036,736,1840,222,3232
10.523124999999936,684,1990,704,3232
10.523750000000064,-274,-264,150,3232
10.524374999999964,-1234,-1304,316,3232
10.525000000000091,-1556,-2618,304,3232
10.525624999999991,-1858,-3456,10,3232
10.526250000000118,-960,-2684,402,3232
10.526875000000018,-764,-2408,358,3232
10.527499999999918,646,-1034,142,3232
10.528125000000045,64,-670,96,3232
10.528749999999945,1472,1548,164,3232
10.529375000000073,1024,1368,382,3232
10.529999999999973,1242,1732,8,3232
10.5306250000001,374,1292,160,3232
10.53125,286,1230,542,3232
10.531875000000127,-908,-680,288,3232
10.532500000000027,-1128,-902,340,3246
10.533124999999927,-1206,-1414,422,3246
10.533750000000055,-1552,-2526,318,3246
10.534374999999955,-1178,-2016,172,3246
10.535000000000082,-976,-1106,-38,3246
10.535624999999982,512,244,-214,3246
10.53625000000011,1122,1180,8,3246
10.536875000000009,1138,2328,202,3246
10.537499999999909,1182,2392,568,3246
10.538125000000036,1598,3042,404,3246
10.538749999999936,618,2136,408,3246
10.539375000000064,0,1308,742,3246
10.539999999999964,-226,-56,624,3246
10.540625000000091,-1092,-1256,192,3246
10.541249999999991,-1592,-2310,492,3246
10.541875000000118,-1340,-2484,-76,3246
10.542500000000018,-602,-1760,404,3246
10.543124999999918,-706,-2156,-150,3246
10.543750000000045,716,-444,2,3246
10.544374999999945,520,-288,114,3246
10.545000000000073,1518,1596,412,3246
10.545624999999973,1622,1728,274,3246
10.5462500000001,1760,2424,190,3246
10.546875,348,960,248,3246
10.547500000000127,2,806,616,3246
10.548125000000027,-796,-958,392,3246
10.548749999999927,-1518,-2148,196,3246
10.549375000000055,-1568,-2480,290,3246
10.549999999999955,-1612,-2836,196,3246
10.550625000000082,-900,-2272,128,3260
10.551249999999982,-960,-1678,238,3260
10.55187500000011,500,192,62,3260
10.552500000000009,1120,1420,38,3260
10.553124999999909,1646,2718,-156,3260
10.553750000000036,982,2502,134,3260
10.554374999999936,1380,3014,66,3260
10.555000000000064,446,2260,348,3260
10.555624999999964,116,1616,692,3260
10.556250000000091,-788,-268,598,3260
10.556874999999991,-1424,-1276,396,3260
10.557500000000118,-1504,-1726,782,3260
10.558125000000018,-1308,-2160,374,3260
10.558749999999918,-662,-2056,224,3260
10.559375000000045,22,-986,174,3260
10.559999999999945,780,108,-154,3260
10.560625000000073,558,294,250,3260
10.561249999999973,1878,1974,-68,3260
10.5618750000001,1464,1980,348,3260
10.5625,1276,1642,186,3260
10.563125000000127,152,408,558,3260
10.563750000000027,-220,-64,610,3260
10.564374999999927,-1052,-1824,302,3260
10.565000000000055,-1210,-2242,0,3260
10.565624999999955,-1472,-2536,536,3260
10.566250000000082,-1164,-2682,306,3260
10.566874999999982,-480,-2286,-44,3260
10.56750000000011,-538,-1478,12,3260
10.568125000000009,1108,842,120,3260
10.568749999999909,1194,1454,176,3260
10.569375000000036,1584,3056,278,3260
10.569999999999936,818,2410,174,3260
10.570625000000064,1284,3108,106,3260
10.571249999999964,-236,1238,44,3260
10.571875000000091,-552,1100,390,3260
10.572499999999991,-884,-366,286,3260
10.573125000000118,-1536,-1758,288,3260
10.573750000000018,-1424,-1964,302,3260
10.574374999999918,-1402,-1698,546,3260
10.575000000000045,-80,-1210,290,3260
10.575624999999945,74,-284,436,3260
10.576250000000073,1286,1142,174,3260
10.576874999999973,838,1198,366,3260
10.5775000000001,1878,2496,174,3260
10.578125,810,1358,28,3260
10.578750000000127,1134,1842,320,3260
10.579375000000027,-132,168,220,3260
10.579999999999927,-738,-690,588,3260
10.580625000000055,-1060,-2074,436,3260
10.581249999999955,-1074,-2420,320,3260
10.581875000000082,-1656,-3124,340,3260
10.582499999999982,-602,-2260,148,3260
10.58312500000011,190,-1312,6,3260
10.583750000000009,-190,-1034,-20,3260
10.584374999999909,882,780,264,3260
10.585000000000036,1552,1798,274,3260
10.585624999999936,1726,2610,20,3260
10.586250000000064,622,1936,374,3260
10.586874999999964,690,2140,384,3260
10.587500000000091,-256,984,512,3260
10.588124999999991,-832,256,308,3260
10.588750000000118,-1286,-1170,22,3260
10.589375000000018,-1342,-1912,-218,3260
10.589999999999918,-1524,-1842,324,3260
10.590625000000045,-1390,-1856,280,3260
10.591249999999945,276,-674,192,3260
10.591875000000073,506,480,138,3260
10.592499999999973,1408,1986,370,3260
10.5931250000001,1442,1984,454,3260
10.59375,1230,2256,464,3260
10.594375000000127,694,1724,280,3260
10.595000000000027,1198,2454,654,3260
10.595624999999927,-120,78,120,3260
10.596250000000055,-1014,-920,366,3260
10.596874999999955,-1234,-2072,280,3260
10.597500000000082,-1710,-3088,-116,3260
10.598124999999982,-968,-2556,372,3260
10.59875000000011,-528,-1724,360,3260
10.599375000000009,536,-1088,76,3260
10.599999999999909,268,-684,20,3260
10.600625000000036,1212,1328,316,3260
10.601249999999936,998,1134,272,3260
10.601875000000064,1608,2304,166,3260
10.602499999999964,876,2072,238,3260
10.603125000000091,156,1130,552,3260
10.603749999999991,-790,-480,358,3260
10.604375000000118,-1230,-1024,294,3260
10.605000000000018,-1610,-1890,438,3260
10.605624999999918,-1412,-2282,404,3260
10.606250000000045,-1260,-2048,120,3260
10.606874999999945,-1120,-1396,-116,3260
10.607500000000073,560,74,-112,3260
10.608124999999973,1122,1150,-60,3260
10.6087500000001,1470,2764,128,3260
10.609375,1526,2864,538,3260
10.610000000000127,1266,2714,386,3260
10.610625000000027,528,1728,386,3260
10.611249999999927,-84,1226,864,3260
10.611875000000055,-256,-222,536,3260
10.612499999999955,-974,-1236,214,3260
10.613125000000082,-1940,-2682,624,3260
10.613749999999982,-1428,-2896,-184,3260
10.61437500000011,-508,-1418,412,3260
10.615000000000009,-286,-1444,-194,3260
10.615624999999909,1124,230,-152,3260
10.616250000000036,710,100,214,3260
10.616874999999936,1386,1466,470,3260
10.617500000000064,1474,1644,264,3260
10.618124999999964,1518,2178,290,3260
10.618750000000091,36,594,270,3260
10.619374999999991,-510,-42,624,3260
10.620000000000118,-952,-1474,432,3260
10.620625000000018,-1804,-2752,100,3260
10.621249999999918,-1466,-2542,204,3260
10.621875000000045,-1248,-2492,208,3260
10.622499999999945,-316,-1550,70,3274
10.623125000000073,-556,-1076,246,3274
10.623749999999973,860,926,142,3274
10.6243750000001,1240,1760,-102,3274
10.625,2008,3820,-26,3274
10.625625000000127,1062,2908,182,3274
10.626250000000027,742,2392,-8,3274
10.626874999999927,-84,1496,370,3274
10.627500000000055,-322,898,764,3274
10.628124999999955,-1088,-998,540,3274
10.628750000000082,-1612,-1822,414,3274
10.629374999999982,-1316,-1936,768,3274
10.63000000000011,-1066,-2110,336,3274
10.630625000000009,-102,-1196,194,3274
10.631249999999909,360,-318,168,3274
10.631875000000036,1080,682,-188,3274
10.632499999999936,820,858,286,3274
10.633125000000064,1738,2162,-70,3274
10.633749999999964,950,1638,428,3274
10.634375000000091,832,1026,360,3274
10.634999999999991,-220,-276,442,3274
10.635625000000118,-916,-1166,608,3274
10.636250000000018,-1398,-2724,378,3274
10.636874999999918,-1486,-2992,-82,3274
10.637500000000045,-1106,-2346,448,3274
10.638124999999945,-634,-1984,404,3274
10.638750000000073,406,-1196,-244,3274
10.639374999999973,104,-442,-16,3274
10.6400000000001,1546,1984,242,3274
10.640625,1482,2190,148,3274
10.641250000000127,1392,3304,274,3274
10.641875000000027,650,2486,224,3274
10.642499999999927,568,2198,46,3274
10.643125000000055,-996,48,98,3274
10.643749999999955,-1152,-4,428,3274
10.644375000000082,-1154,-1094,234,3274
10.644999999999982,-1508,-2128,206,3274
10.64562500000011,-1050,-1722,386,3274
10.646250000000009,-972,-1242,538,3274
10.646874999999909,780,102,278,3274
10.647500000000036,826,962,418,3274
10.648124999999936,1694,2160,198,3274
10.648750000000064,1032,1794,452,3274
10.649374999999964,1484,2384,268,3274
10.650000000000091,286,776,26,3274
10.650624999999991,352,750,388,3274
10.651250000000118,-868,-1188,190,3274
10.651875000000018,-1294,-1904,484,3274
10.652499999999918,-1216,-2794,394,3274
10.653125000000045,-1152,-2768,226,3274
10.653749999999945,-1116,-2800,252,3274
10.654375000000073,16,-1450,128,3274
10.654999999999973,1100,84,-64,3274
10.6556250000001,664,532,192,3274
10.65625,1454,2048,266,3274
10.656875000000127,1414,2300,326,3274
10.657500000000027,1336,2662,220,3274
10.658124999999927,6,1390,448,3274
10.658750000000055,-570,136,390,3274
10.659374999999955,-1158,-650,500,3274
10.660000000000082,-1758,-1598,168,3274
10.660624999999982,-972,-1454,-6,3274
10.66125000000011,-928,-1680,-264,3274
10.661875000000009,-600,-838,250,3274
10.662499999999909,-210,-384,178,3274
10.663125000000036,1270,1356,214,3274
10.663749999999936,1020,1828,206,3274
10.664375000000064,2046,3532,454,3274
10.664999999999964,1342,2228,482,3274
10.665625000000091,442,1454,560,3274
10.666249999999991,-240,532,412,3274
10.666875000000118,-610,6,758,3274
10.667500000000018,-902,-1632,38,3274
10.668124999999918,-1612,-2298,140,3274
10.668750000000045,-1430,-2928,230,3274
10.669374999999945,-1350,-3182,-212,3274
10.670000000000073,108,-1142,350,3274
10.670624999999973,472,-348,346,3274
10.6712500000001,1986,1506,144,3274
10.671875,1128,1334,144,3274
10.672500000000127,1186,2016,334,3274
10.673125000000027,664,1196,418,3274
10.673749999999927,374,1074,366,3274
10.674375000000055,-580,-166,254,3274
10.674999999999955,-1030,-1204,524,3274
10.675625000000082,-1506,-2528,306,3274
10.676249999999982,-1606,-2252,148,3273
10.67687500000011,-768,-1488,276,3273
10.677500000000009,-252,-1208,136,3273
10.678124999999909,526,334,-108,3273
10.678750000000036,234,808,-32,3273
10.679374999999936,1442,2270,-174,3273
10.680000000000064,1688,3100,128,3273
10.680624999999964,734,2716,294,3273
10.681250000000091,502,1908,710,3273
10.681874999999991,-16,1078,586,3273
10.682500000000118,-1254,-808,476,3273
10.683125000000018,-1480,-1500,566,3273
10.683749999999918,-858,-1808,646,3273
10.684375000000045,-1344,-2480,10,3273
10.684999999999945,-374,-1506,408,3273
10.685625000000073,-104,-1240,-250,3273
10.686249999999973,1264,1044,162,3273
10.6868750000001,1380,1264,-96,3273
10.6875,2032,2290,-26,3273
10.688125000000127,870,1176,382,3273
10.688750000000027,396,926,664,3273
10.689374999999927,-150,-370,442,3273
10.690000000000055,-284,-896,270,3273
10.690624999999955,-1638,-2232,408,3273
10.691250000000082,-1472,-2480,448,3273
10.691874999999982,-842,-2584,100,3273
10.69250000000011,-1162,-2680,-52,3273
10.693125000000009,-68,-952,146,3273
10.693749999999909,436,-62,168,3273
10.694375000000036,1496,1914,36,3273
10.694999999999936,1120,2288,288,3258
10.695625000000064,1108,2614,338,3258
10.696249999999964,390,1762,120,3258
10.696875000000091,428,2406,268,3258
10.697499999999991,-740,538,176,3258
10.698125000000118,-1418,-1206,140,3258
10.698750000000018,-1606,-1700,320,3258
10.699374999999918,-1692,-1912,602,3258
10.700000000000045,-906,-2206,440,3258
10.700624999999945,-296,-1140,112,3258
10.701250000000073,766,798,518,3258
10.701874999999973,1224,1154,404,3258
10.7025000000001,1594,2028,164,3258
10.703125,1370,2350,368,3258
10.703750000000127,1318,2232,10,3258
10.704375000000027,234,716,418,3258
10.704999999999927,-164,-292,74,3258
10.705625000000055,-1478,-2052,512,3258
10.706249999999955,-1144,-2406,224,3258
10.706875000000082,-890,-2274,450,3258
10.707499999999982,-930,-2474,324,3258
10.70812500000011,224,-1730,-98,3258
10.708750000000009,-136,-1266,-34,3258
10.709374999999909,884,1006,430,3258
10.710000000000036,1456,1664,206,3258
10.710624999999936,1948,2836,2,3258
10.711250000000064,558,1776,216,3258
10.711874999999964,590,1840,408,3258
10.712500000000091,-568,174,484,3258
10.713124999999991,-1414,-634,502,3258
10.713750000000118,-1338,-1280,146,3258
10.714375000000018,-1456,-1918,116,3258
10.714999999999918,-1060,-1956,-26,3258
10.715625000000045,-1116,-1382,52,3258
10.716249999999945,506,332,58,3258
10.716875000000073,1214,1438,100,3258
10.717499999999973,1406,2348,328,3258
10.7181250000001,978,2144,544,3258
10.71875,1702,3234,466,3258
10.719375000000127,284,1614,612,3258
10.720000000000027,340,1134,496,3258
10.720624999999927,-870,-818,510,3258
10.721250000000055,-1194,-1666,308,3258
10.721874999999955,-1118,-2260,-30,3258
10.722500000000082,-1462,-2542,182,3258
10.723124999999982,-674,-2512,32,3258
10.72375000000011,168,-1014,176,3258
10.724375000000009,1154,140,110,3258
10.724999999999909,948,652,334,3258
10.725625000000036,1598,2142,372,3258
10.726249999999936,1132,1584,188,3258
10.726875000000064,1222,1906,190,3258
10.727499999999964,-418,348,532,3258
10.728125000000091,-790,-806,482,3258
10.728749999999991,-1372,-2048,354,3258
10.729375000000118,-1818,-2650,152,3258
10.730000000000018,-726,-1766,230,3258
10.730624999999918,-614,-1624,240,3258
10.731250000000045,-158,-796,88,3255
10.731874999999945,438,452,-64,3255
10.732500000000073,1182,1766,-16,3255
10.733124999999973,1152,2190,-192,3255
10.7337500000001,1436,3884,284,3255
10.734375,852,2558,428,3255
10.735000000000127,146,1010,236,3255
10.735625000000027,-1180,-322,454,3255
10.736249999999927,-1480,-890,828,3255
10.736875000000055,-802,-1514,474,3255
10.737499999999955,-1576,-2290,342,3255
10.738125000000082,-470,-1524,280,3255
10.738749999999982,-478,-1224,326,3255
10.73937500000011,966,288,30,3255
10.740000000000009,940,846,-136,3255
10.740624999999909,2174,2754,166,3255
10.741250000000036,900,1200,-26,3255
10.741874999999936,1134,1986,612,3255
10.742500000000064,-256,-276,478,3255
10.743124999999964,-172,-640,462,3255
10.743750000000091,-1240,-2024,366,3255
10.744374999999991,-1570,-2746,374,3255
10.745000000000118,-914,-2714,210,3255
10.745625000000018,-1160,-2582,100,3255
10.746249999999918,-170,-1142,70,3255
10.746875000000045,994,448,304,3255
10.747499999999945,1310,1398,-100,3255
10.748125000000073,716,1550,146,3255
10.748749999999973,1566,3056,288,3254
10.7493750000001,918,2542,394,3254
10.75,70,1676,172,3254
10.750625000000127,-790,130,186,3254
10.751250000000027,-984,-766,-20,3254
10.751874999999927,-1600,-1594,272,3254
10.752500000000055,-1838,-2072,384,3254
10.753124999999955,-608,-1658,290,3254
10.753750000000082,-194,-642,192,3254
10.754374999999982,782,724,324,3254
10.75500000000011,1062,1058,284,3254
10.755625000000009,1220,2086,588,3254
10.756249999999909,1080,1862,180,3254
10.756875000000036,1548,2908,614,3254
10.757499999999936,378,846,88,3254
10.758125000000064,-596,-312,272,3254
10.758749999999964,-1226,-1886,164,3254
10.759375000000091,-1696,-2932,2,3254
10.759999999999991,-1164,-2676,502,3254
10.760625000000118,-814,-2112,444,3254
10.761250000000018,226,-1680,166,3254
10.761874999999918,152,-1076,4,3254
10.762500000000045,1070,1194,258,3254
10.763124999999945,1146,1396,400,3254
10.763750000000073,1728,2420,-42,3254
10.764374999999973,796,2048,192,3254
10.7650000000001,96,1238,610,3254
10.765625,-846,-614,320,3254
10.766250000000127,-1500,-1388,374,3254
10.766875000000027,-1338,-1548,504,3242
10.767499999999927,-1324,-2300,256,3242
10.768125000000055,-628,-1576,-46,3242
10.768749999999955,-750,-654,60,3242
10.769375000000082,764,750,-200,3242
10.769999999999982,1476,1792,-72,3242
10.77062500000011,1280,2826,240,3242
10.771250000000009,1066,2494,570,3242
10.771874999999909,1158,2696,508,3242
10.772500000000036,-92,1186,518,3242
10.773124999999936,-698,66,546,3242
10.773750000000064,-758,-990,906,3242
10.774374999999964,-1326,-2212,80,3242
10.775000000000091,-1452,-2654,354,3242
10.775624999999991,-984,-2304,-26,3242
10.776250000000118,288,-702,144,3242
10.776875000000018,736,4,-288,3242
10.777499999999918,1672,1454,70,3242
10.778125000000045,1204,1142,362,3242
10.778749999999945,996,1584,618,3242
10.779375000000073,350,504,444,3242
10.779999999999973,348,150,212,3242
10.7806250000001,-1150,-1344,278,3242
10.78125,-1266,-1780,534,3242
10.781875000000127,-1224,-2812,102,3242
10.782500000000027,-1716,-3366,-54,3242
10.783124999999927,-558,-1644,262,3242
10.783750000000055,108,-670,186,3242
10.784374999999955,1086,940,130,3242
10.785000000000082,990,1720,260,3239
10.785624999999982,1334,2582,190,3239
10.78625000000011,950,2370,34,3239
10.786875000000009,676,2902,210,3239
10.787499999999909,-286,1276,242,3239
10.788125000000036,-1248,-834,182,3239
10.788749999999936,-1790,-1576,404,3239
10.789375000000064,-1550,-1418,672,3239
10.789999999999964,-734,-1472,474,3239
10.790625000000091,-572,-1476,54,3239
10.791249999999991,630,586,460,3239
10.791875000000118,828,636,358,3239
10.792500000000018,1568,1848,174,3239
10.793124999999918,1434,2342,354,3239
10.793750000000045,1280,1950,28,3239
10.794374999999945,248,576,472,3239
10.795000000000073,-134,-66,130,3239
10.795624999999973,-1452,-1962,526,3239
10.7962500000001,-1194,-2538,170,3239
10.796875,-1052,-2630,376,3239
10.797500000000127,-878,-2492,342,3239
10.798125000000027,118,-1836,-56,3239
10.798749999999927,-56,-1194,-84,3239
10.799375000000055,1216,1368,336,3239
10.799999999999955,1504,1842,280,3239
10.800625000000082,1608,2314,-32,3239
10.801249999999982,464,1694,268,3239
10.80187500000011,38,1112,386,3239
10.802500000000009,-630,-138,414,3239
10.803124999999909,-1214,-614,478,3239
10.803750000000036,-1670,-1824,222,3239
10.804374999999936,-976,-1574,26,3239
10.805000000000064,-656,-1310,0,3239
10.805624999999964,-908,-1046,72,3239
10.806250000000091,818,872,56,3239
10.806874999999991,1116,1476,38,3239
10.807500000000118,1702,3086,354,3239
10.808125000000018,1350,2880,552,3239
10.808749999999918,1070,2454,480,3239
10.809375000000045,-164,1132,670,3239
10.809999999999945,-398,178,570,3239
10.810625000000073,-1330,-1718,558,3239
10.811249999999973,-1478,-2276,290,3239
10.8118750000001,-1250,-2676,58,3239
10.8125,-1098,-2482,124,3239
10.813125000000127,-10,-1408,-120,3239
10.813750000000027,566,-222,272,3239
10.814374999999927,1678,1382,124,3239
10.815000000000055,1008,978,308,3239
10.815624999999955,1146,1622,496,3239
10.816250000000082,488,902,344,3239
10.816874999999982,470,494,-38,3239
10.81750000000011,-858,-638,578,3239
10.818125000000009,-1216,-1590,486,3239
10.818749999999909,-1564,-2900,222,3239
10.819375000000036,-1594,-2670,92,3239
10.819999999999936,-420,-1510,180,3239
10.820625000000064,-266,-1278,140,3239
10.821249999999964,708,652,102,3223
10.821875000000091,600,1244,64,3223
10.822499999999991,1836,2978,-72,3223
10.823125000000118,890,2418,-88,3223
10.823750000000018,662,2956,322,3223
10.824374999999918,208,1670,416,3223
10.825000000000045,-730,28,358,3223
10.825624999999945,-1344,-1080,382,3223
10.826250000000073,-1344,-1240,636,3223
10.826874999999973,-1102,-2218,434,3223
10.8275000000001,-1080,-1918,346,3223
10.828125,250,-532,176,3223
10.828750000000127,246,-72,376,3223
10.829375000000027,1356,1342,132,3223
10.829999999999927,964,1184,-84,3223
10.830625000000055,1806,2486,242,3223
10.831249999999955,860,1386,86,3223
10.831875000000082,140,820,680,3223
10.832499999999982,-874,-1352,530,3223
10.83312500000011,-1054,-2190,394,3223
10.833750000000009,-1884,-3092,454,3223
10.834374999999909,-1242,-2762,248,3223
10.835000000000036,-698,-2804,68,3223
10.835624999999936,-594,-2062,-22,3223
10.836250000000064,418,-6,98,3223
10.836874999999964,1202,1164,268,3223
10.837500000000091,1844,2694,52,3223
10.838124999999991,646,1810,312,3223
10.838750000000118,572,1846,356,3226
10.839375000000018,330,1648,454,3226
10.839999999999918,-790,584,282,3226
10.840625000000045,-996,-418,140,3226
10.841249999999945,-1082,-1402,-134,3226
10.841875000000073,-1410,-1708,304,3226
10.842499999999973,-1406,-1700,320,3226
10.8431250000001,168,-320,298,3226
10.84375,318,268,116,3226
10.844375000000127,1664,2338,384,3226
10.845000000000027,1284,1718,264,3226
10.845624999999927,1348,2552,550,3226
10.846250000000055,802,1868,318,3226
10.846874999999955,564,1944,740,3226
10.847500000000082,-266,-316,162,3226
10.848124999999982,-1214,-1220,298,3226
10.84875000000011,-1488,-2606,156,3226
10.849375000000009,-1456,-2794,-28,3226
10.849999999999909,-914,-2584,472,3226
10.850625000000036,-220,-1524,438,3226
10.851249999999936,956,-546,20,3226
10.851875000000064,222,-368,76,3226
10.852499999999964,1532,2038,320,3226
10.853125000000091,880,1290,408,3226
10.853749999999991,1346,1806,-78,3226
10.854375000000118,204,1168,192,3226
10.855000000000018,-452,176,608,3226
10.855624999999918,-1010,-1130,362,3226
10.856250000000045,-1360,-1544,352,3226
10.856874999999945,-1614,-2176,440,3225
10.857500000000073,-874,-2126,178,3225
10.858124999999973,-466,-1108,-78,3225
10.8587500000001,-398,-258,-42,3225
10.859375,1288,1294,-200,3225
10.860000000000127,1586,2242,0,3225
10.860625000000027,1442,3298,330,3225
10.861249999999927,1276,2938,566,3225
10.861875000000055,1088,2816,526,3225
10.862499999999955,-194,1034,360,3225
10.863125000000082,-902,-110,780,3225
10.863749999999982,-936,-1582,538,3225
10.86437500000011,-1460,-2060,194,3225
10.865000000000009,-1482,-2742,478,3225
10.865624999999909,-998,-2516,-258,3225
10.866250000000036,330,-442,292,3225
10.866874999999936,542,-86,-172,3225
10.867500000000064,1952,1818,-4,3225
10.868124999999964,1080,926,272,3225
10.868750000000091,996,1484,658,3225
10.869374999999991,590,856,428,3225
10.870000000000118,374,356,202,3225
10.870625000000018,-890,-882,402,3225
10.871249999999918,-1152,-1632,488,3225
10.871875000000045,-1350,-2848,134,3225
10.872499999999945,-1784,-3484,64,3225
10.873125000000073,-708,-1884,212,3225
10.873749999999973,-238,-1230,112,3225
10.8743750000001,1164,978,84,3239
10.875,950,1478,212,3239
10.875625000000127,1502,2668,160,3239
10.876250000000027,1342,2830,52,3239
10.876874999999927,1208,3576,160,3239
10.877500000000055,96,1794,200,3239
10.878124999999955,-674,270,248,3239
10.878750000000082,-1502,-1104,366,3239
10.879374999999982,-1526,-1136,704,3239
10.88000000000011,-1140,-2024,422,3239
10.880625000000009,-1402,-2418,170,3239
10.881249999999909,-162,-528,606,3239
10.881875000000036,124,-506,260,3239
10.882499999999936,1302,1112,198,3239
10.883125000000064,1560,2034,304,3239
10.883749999999964,1612,2224,-64,3239
10.884375000000091,792,1360,394,3239
10.884999999999991,896,1588,94,3239
10.885625000000118,-540,-294,492,3239
10.886250000000018,-708,-1238,366,3239
10.886874999999918,-1182,-2336,518,3239
10.887500000000045,-1428,-3054,420,3239
10.888124999999945,-1084,-3310,218,3239
10.888750000000073,-884,-2696,-192,3239
10.889374999999973,102,-786,352,3239
10.8900000000001,966,408,192,3239
10.890625,1648,1714,-254,3239
10.891250000000127,936,1826,182,3239
10.891875000000027,1122,2432,322,3239
10.892499999999927,270,1304,364,3254
10.893125000000055,-16,1364,428,3254
10.893749999999955,-976,40,382,3254
10.894375000000082,-984,-910,160,3254
10.894999999999982,-1404,-1760,46,3254
10.89562500000011,-1834,-1844,240,3254
10.896250000000009,-446,-1058,48,3254
10.896874999999909,74,-370,64,3254
10.897500000000036,654,922,380,3254
10.898124999999936,944,1504,384,3254
10.898750000000064,1644,2558,316,3254
10.899374999999964,878,2206,672,3254
10.900000000000091,1390,2694,450,3254
10.900624999999991,142,918,566,3254
10.901250000000118,-486,-210,414,3254
10.901875000000018,-1322,-1856,30,3254
10.902499999999918,-1800,-2728,222,3254
10.903125000000045,-1232,-2910,124,3254
10.903749999999945,-968,-2368,250,3254
10.904375000000073,262,-1390,206,3254
10.904999999999973,160,-988,266,3254
10.9056250000001,776,582,300,3254
10.90625,1392,1392,218,3254
10.906875000000127,1978,2550,-10,3254
10.907500000000027,382,1178,272,3254
10.908124999999927,134,862,514,3254
10.908750000000055,-482,-124,376,3254
10.909374999999955,-818,-782,122,3254
10.910000000000082,-1104,-1394,448,3254
10.910624999999982,-1214,-2074,262,3254
10.91125000000011,-1156,-2272,204,3251
10.911875000000009,-996,-1388,194,3251
10.912499999999909,532,372,-152,3251
10.913125000000036,950,1220,-328,3251
10.913749999999936,1792,3504,156,3251
10.914375000000064,1260,2866,290,3251
10.914999999999964,1166,2624,204,3251
10.915625000000091,300,1880,324,3251
10.916249999999991,-8,1610,894,3251
10.916875000000118,-276,-152,412,3251
10.917500000000018,-1656,-1686,652,3251
10.918124999999918,-1440,-2424,280,3251
10.918750000000045,-1476,-2308,512,3251
10.919374999999945,-190,-1720,30,3251
10.920000000000073,64,-758,-144,3251
10.920624999999973,1224,610,70,3251
10.9212500000001,684,406,-30,3251
10.921875,1796,2378,452,3251
10.922500000000127,858,1278,482,3251
10.923125000000027,1136,1192,366,3251
10.923749999999927,-496,-228,304,3251
10.924375000000055,-622,-672,502,3251
10.924999999999955,-1112,-2134,402,3251
10.925625000000082,-1428,-2662,-18,3251
10.926249999999982,-1438,-2640,250,3251
10.92687500000011,-502,-2012,312,3251
10.927500000000009,320,-642,8,3251
10.928124999999909,-50,-28,224,3251
10.928750000000036,1306,1732,160,3254
10.929374999999936,1944,2792,206,3254
10.930000000000064,1216,3070,198,3254
10.930624999999964,308,1942,12,3254
10.931250000000091,624,2148,0,3254
10.931874999999991,-814,534,436,3254
10.932500000000118,-1490,-750,422,3254
10.933125000000018,-1234,-1538,542,3254
10.933749999999918,-1516,-2204,268,3254
10.934375000000045,-1056,-2132,278,3254
10.934999999999945,-764,-1522,426,3254
10.935625000000073,864,160,312,3254
10.936249999999973,1016,1076,112,3254
10.9368750000001,1860,2560,394,3254
10.9375,1500,1888,-80,3254
10.938125000000127,930,1926,398,3254
10.938750000000027,176,596,274,3254
10.939374999999927,422,432,76,3254
10.940000000000055,-996,-1496,524,3254
10.940624999999955,-1218,-1940,684,3254
10.941250000000082,-1026,-2928,196,3254
10.941874999999982,-1640,-3394,-26,3254
10.94250000000011,-394,-1574,322,3254
10.943125000000009,134,-782,208,3254
10.943749999999909,1288,588,-118,3254
10.944375000000036,1174,1242,-68,3254
10.944999999999936,1318,2462,404,3254
10.945625000000064,742,1588,296,3254
10.946249999999964,1066,2714,320,3254
10.946875000000091,-104,1558,498,3255
10.947499999999991,-744,-232,418,3255
10.948125000000118,-1548,-1320,296,3255
10.948750000000018,-1924,-1752,144,3255
10.949374999999918,-1332,-2188,80,3255
10.950000000000045,-878,-1928,-34,3255
10.950624999999945,-330,-522,154,3255
10.951250000000073,424,494,458,3255
10.951874999999973,1408,1748,332,3255
10.9525000000001,1446,2152,36,3255
10.953125,1590,3392,662,3255
10.953750000000127,1098,1870,532,3255
10.954375000000027,440,1108,286,3255
10.954999999999927,-736,-110,628,3255
10.955625000000055,-1082,-1364,68,3255
10.956249999999955,-974,-1610,474,3255
10.956875000000082,-1282,-2486,10,3255
10.957499999999982,-1024,-2810,198,3255
10.95812500000011,-700,-2372,110,3255
10.958750000000009,408,-560,396,3255
10.959374999999909,978,256,252,3255
10.960000000000036,2110,1852,-38,3255
10.960624999999936,934,1112,-18,3255
10.961250000000064,914,2030,544,3255
10.961874999999964,976,1748,262,3255
10.962500000000091,4,734,200,3255
10.963124999999991,-966,-554,328,3255
10.963750000000118,-1284,-1450,358,3255
10.964375000000018,-1520,-2446,356,3270
10.964999999999918,-2122,-2840,348,3270
10.965625000000045,-610,-1412,160,3270
10.966249999999945,-142,-810,0,3270
10.966875000000073,1118,1232,-142,3270
10.967499999999973,822,1678,108,3270
10.9681250000001,1610,2818,-58,3270
10.96875,1574,3176,180,3270
10.969375000000127,1146,2926,562,3270
10.970000000000027,180,1314,510,3270
10.970624999999927,-222,716,466,3270
10.971250000000055,-1284,-910,758,3270
10.971874999999955,-1264,-1562,492,3270
10.972500000000082,-1192,-2288,384,3270
10.973124999999982,-1262,-2362,288,3270
10.97375000000011,-230,-1382,-148,3270
10.974375000000009,-234,-998,90,3270
10.974999999999909,1208,644,0,3270
10.975625000000036,1422,1494,452,3270
10.976249999999936,1700,1804,264,3270
10.976875000000064,824,1040,376,3270
10.977499999999964,684,1530,668,3270
10.978125000000091,-280,-390,326,3270
10.978749999999991,-512,-1002,-30,3270
10.979375000000118,-1458,-2018,452,3270
10.980000000000018,-1482,-2566,388,3270
10.980624999999918,-1176,-3012,92,3270
10.981250000000045,-1074,-2374,-24,3270
10.981874999999945,176,-780,160,3270
10.982500000000073,824,382,182,3270
10.983124999999973,1116,1790,64,3269
10.9837500000001,986,2224,146,3269
10.984375,1166,2646,158,3269
10.985000000000127,440,1858,-16,3269
10.985625000000027,216,2280,350,3269
10.986249999999927,-408,736,438,3269
10.986875000000055,-1218,-966,318,3269
10.987499999999955,-1540,-1740,372,3269
10.988125000000082,-1644,-1790,704,3269
10.988749999999982,-406,-1496,214,3269
10.98937500000011,-614,-1090,382,3269
10.990000000000009,748,252,160,3269
10.990624999999909,758,768,330,3269
10.991250000000036,1608,1878,94,3269
10.991874999999936,968,1446,-18,3269
10.992500000000064,1774,2598,210,3269
10.993124999999964,516,1042,210,3269
10.993750000000091,-266,138,714,3269
10.994374999999991,-1140,-1838,568,3269
10.995000000000118,-1294,-2678,320,3269
10.995625000000018,-1872,-3268,418,3269
10.996249999999918,-1132,-2798,170,3269
10.996875000000045,-246,-2112,64,3269
10.997499999999945,-132,-1368,22,3269
10.998125000000073,648,384,76,3269
10.998749999999973,1344,1576,298,3269
10.9993750000001,1846,2936,94,3269
11.0,582,1816,268,3269
11.000625000000127,390,1664,430,3269
11.001250000000027,64,1224,326,3269
11.001874999999927,-1056,14,242,3269
11.002500000000055,-1046,-658,266,3269
11.003124999999955,-1110,-1488,-106,3269
11.003750000000082,-1400,-1848,274,3269
11.004374999999982,-1252,-1532,336,3269
11.00500000000011,306,-126,272,3269
11.005625000000009,528,576,88,3269
11.006249999999909,1890,2750,318,3269
11.006875000000036,1280,1924,392,3269
11.007499999999936,1290,2364,472,3269
11.008125000000064,784,2032,368,3269
11.008749999999964,516,1856,750,3269
11.009375000000091,-294,-448,90,3269
11.009999999999991,-1318,-1550,192,3269
11.010625000000118,-1512,-2784,176,3269
11.011250000000018,-1760,-3344,-24,3269
11.011874999999918,-628,-2312,442,3269
11.012500000000045,-150,-1550,326,3269
11.013124999999945,968,-346,186,3269
11.013750000000073,354,-108,20,3269
11.014374999999973,1612,2082,236,3269
11.0150000000001,1032,1594,442,3269
11.015625,968,1488,140,3269
11.016250000000127,-20,732,152,3269
11.016875000000027,-450,280,666,3269
11.017499999999927,-1218,-1534,322,3269
11.018125000000055,-1556,-1810,214,3269
11.018749999999955,-1252,-1864,394,3258
11.019375000000082,-766,-2004,150,3258
11.019999999999982,-234,-780,-36,3258
11.02062500000011,-366,-50,30,3258
11.021250000000009,1362,1628,-192,3258
11.021874999999909,1744,2594,28,3258
11.022500000000036,1172,3184,280,3258
11.023124999999936,940,2516,662,3258
11.023750000000064,1122,2730,456,3258
11.024374999999964,-408,668,494,3258
11.025000000000091,-870,-316,650,3258
11.025624999999991,-1010,-1600,678,3258
11.026250000000118,-1474,-2324,78,3258
11.026875000000018,-1188,-2320,526,3258
11.027499999999918,-828,-2196,-262,3258
11.028125000000045,504,-94,268,3258
11.028749999999945,662,16,-210,3258
11.029375000000073,1850,1694,-38,3258
11.029999999999973,1368,1422,330,3258
11.0306250000001,984,1670,690,3258
11.03125,388,462,344,3258
11.031875000000127,214,176,328,3258
11.032500000000027,-788,-926,318,3258
11.033124999999927,-1280,-1604,576,3258
11.033750000000055,-994,-2500,88,3258
11.034374999999955,-1762,-3366,-32,3258
11.035000000000082,-730,-1826,274,3258
11.035624999999982,-30,-882,138,3258
11.03625000000011,998,718,104,3254
11.036875000000009,888,1514,254,3254
11.037499999999909,1378,2600,170,3254
11.038125000000036,1036,2424,86,3254
11.038749999999936,960,3192,202,3254
11.039375000000064,52,1784,168,3254
11.039999999999964,-880,-116,158,3254
11.040625000000091,-1556,-1102,416,3254
11.041249999999991,-1862,-1754,704,3254
11.041875000000118,-1096,-1962,512,3254
11.042500000000018,-886,-1756,136,3254
11.043124999999918,202,-216,494,3254
11.043750000000045,358,-176,448,3254
11.044374999999945,1222,1142,128,3254
11.045000000000073,1596,2196,234,3254
11.045624999999973,1544,2154,-16,3254
11.0462500000001,668,1186,310,3254
11.046875,484,854,108,3254
11.047500000000127,-892,-946,536,3254
11.048125000000027,-868,-1708,284,3254
11.048749999999927,-928,-2062,498,3254
11.049375000000055,-1556,-2974,500,3254
11.049999999999955,-584,-2892,36,3254
11.050625000000082,-768,-2332,-128,3254
11.051249999999982,476,38,384,3254
11.05187500000011,1154,876,144,3254
11.052500000000009,1964,2284,-100,3254
11.053124999999909,750,1724,224,3254
11.053750000000036,1378,2918,310,3254
11.054374999999936,120,1414,430,3271
11.055000000000064,-554,752,480,3271
11.055624999999964,-984,-418,122,3271
11.056250000000091,-1226,-1344,96,3271
11.056874999999991,-1310,-1854,60,3271
11.057500000000118,-1612,-1796,108,3271
11.058125000000018,-216,-828,116,3271
11.058749999999918,552,134,56,3271
11.059375000000045,996,1486,314,3271
11.059999999999945,914,1724,476,3271
11.060625000000073,1686,2712,416,3271
11.061249999999973,650,1832,610,3271
11.0618750000001,926,1994,514,3271
11.0625,-238,198,576,3271
11.063125000000127,-818,-836,338,3271
11.063750000000027,-1304,-1958,40,3271
11.064374999999927,-1522,-2496,162,3271
11.065000000000055,-1540,-3370,122,3271
11.065624999999955,-704,-2052,318,3271
11.066250000000082,324,-1300,132,3271
11.066874999999982,546,-424,158,3271
11.06750000000011,1380,1488,370,3271
11.068125000000009,1446,1644,128,3271
11.068749999999909,1852,2552,16,3271
11.069375000000036,280,1126,496,3271
11.069999999999936,-68,400,462,3271
11.070625000000064,-856,-810,446,3271
11.071249999999964,-1510,-1750,326,3271
11.071875000000091,-1124,-1870,256,3271
11.072499999999991,-1082,-2024,280,3271
11.073125000000118,-1148,-2186,96,3268
11.073750000000018,-670,-1232,-92,3268
11.074374999999918,930,896,-18,3268
11.075000000000045,1174,1722,-248,3268
11.075624999999945,1750,3720,184,3268
11.076250000000073,1180,2834,318,3268
11.076874999999973,890,2154,198,3268
11.0775000000001,-356,1108,452,3268
11.078125,-494,776,870,3268
11.078750000000127,-564,-752,488,3268
11.079375000000027,-1688,-2032,536,3268
11.079999999999927,-1300,-2312,400,3268
11.080625000000055,-1344,-2304,448,3268
11.081249999999955,196,-1044,30,3268
11.081875000000082,198,-396,-200,3268
11.082499999999982,1842,1718,2,3268
11.08312500000011,964,922,-72,3268
11.083750000000009,1744,2530,496,3268
11.084374999999909,510,896,536,3268
11.085000000000036,708,510,398,3268
11.085624999999936,-868,-994,286,3268
11.086250000000064,-1084,-1470,544,3268
11.086874999999964,-1098,-2502,256,3268
11.087500000000091,-1374,-2810,120,3268
11.088124999999991,-1030,-2308,170,3268
11.088750000000118,156,-932,406,3268
11.089375000000018,884,248,-30,3268
11.089999999999918,336,696,174,3281
11.090625000000045,1512,2662,264,3281
11.091249999999945,1682,2886,162,3281
11.091875000000073,856,2778,172,3281
11.092499999999973,-258,1360,240,3281
11.0931250000001,-206,706,12,3281
11.09375,-1364,-640,396,3281
11.094375000000127,-1830,-1650,364,3281
11.095000000000027,-1300,-2026,380,3281
11.095624999999927,-930,-1688,164,3281
11.096250000000055,-106,-722,404,3281
11.096874999999955,192,-208,284,3281
11.097500000000082,1280,1630,662,3281
11.098124999999982,1122,1532,108,3281
11.09875000000011,2010,3202,512,3281
11.099375000000009,1174,1656,36,3281
11.099999999999909,174,768,182,3281
11.100625000000036,-732,-834,136,3281
11.101249999999936,-1210,-1842,150,3281
11.101875000000064,-1262,-2552,422,3281
11.102499999999964,-1334,-2504,608,3281
11.103125000000091,-612,-2802,230,3281
11.103749999999991,-672,-2564,-178,3281
11.104375000000118,446,-12,292,3281
11.105000000000018,940,704,380,3281
11.105624999999918,1956,2302,-186,3281
11.106250000000045,1368,2416,166,3281
11.106874999999945,768,2168,590,3281
11.107500000000073,-58,734,314,3281
11.108124999999973,-696,206,476,3282
11.1087500000001,-1036,-602,422,3282
11.109375,-1396,-1986,242,3282
11.110000000000127,-1418,-2230,128,3282
11.110625000000027,-1312,-1440,4,3282
11.111249999999927,84,-430,-172,3282
11.111875000000055,484,240,2,3282
11.112499999999955,1374,2304,66,3282
11.113125000000082,1180,2272,486,3282
11.113749999999982,1704,3136,480,3282
11.11437500000011,936,2306,344,3282
11.115000000000009,80,1482,782,3282
11.115624999999909,-108,42,818,3282
11.116250000000036,-1000,-1098,294,3282
11.116874999999936,-1694,-2302,482,3282
11.117500000000064,-1276,-2404,-136,3282
11.118124999999964,-652,-1980,220,3282
11.118750000000091,-146,-1426,-180,3282
11.119374999999991,928,116,94,3282
11.120000000000118,880,232,158,3282
11.120625000000018,1198,1494,556,3282
11.121249999999918,960,1118,306,3282
11.121875000000045,1598,1818,66,3282
11.122499999999945,-244,432,362,3282
11.123125000000073,-754,-606,576,3282
11.123749999999973,-1034,-1868,224,3282
11.1243750000001,-1554,-2686,256,3282
11.125,-1294,-2380,330,3282
11.125625000000127,-612,-1640,170,3282
11.126250000000027,56,-722,192,3282
11.126874999999927,34,-152,146,3282
11.127500000000055,1152,1700,-60,3282
11.128124999999955,1230,2188,122,3282
11.128750000000082,1600,3616,78,3282
11.129374999999982,880,2896,184,3282
11.13000000000011,-88,1152,214,3282
11.130625000000009,-914,66,254,3282
11.131249999999909,-1496,-728,806,3282
11.131875000000036,-1160,-1736,512,3282
11.132499999999936,-1332,-2154,184,3282
11.133125000000064,-520,-1114,642,3282
11.133749999999964,-158,-950,366,3282
11.134375000000091,736,312,256,3282
11.134999999999991,1292,1376,128,3282
11.135625000000118,1864,2508,-46,3282
11.136250000000018,1068,1484,220,3282
11.136874999999918,950,1596,128,3282
11.137500000000045,-378,-146,598,3282
11.138124999999945,-496,-1032,260,3282
11.138750000000073,-986,-1922,506,3282
11.139374999999973,-1586,-3000,406,3282
11.1400000000001,-1022,-3200,126,3282
11.140625,-902,-2574,-142,3282
11.141250000000127,162,-484,448,3282
11.141875000000027,886,302,134,3282
11.142499999999927,1776,1976,-96,3282
11.143125000000055,878,1622,144,3282
11.143749999999955,1548,3114,256,3282
11.144375000000082,400,1728,424,3296
11.144999999999982,-138,1332,364,3296
11.14562500000011,-984,-62,232,3296
11.146250000000009,-1018,-950,182,3296
11.146874999999909,-1288,-1694,82,3296
11.147500000000036,-1686,-1796,144,3296
11.148124999999936,-380,-1198,16,3296
11.148750000000064,304,-126,6,3296
11.149374999999964,1096,1454,316,3296
11.150000000000091,1064,1840,398,3296
11.150624999999991,1638,2748,454,3296
11.151250000000118,724,1992,640,3296
11.151875000000018,1286,2476,490,3296
11.152499999999918,-128,536,538,3296
11.153125000000045,-804,-640,406,3296
11.153749999999945,-1390,-2200,-28,3296
11.154375000000073,-1866,-3002,92,3296
11.154999999999973,-1038,-2866,64,3296
11.1556250000001,-602,-1890,302,3296
11.15625,876,-388,200,3296
11.156875000000127,508,-260,282,3296
11.157500000000027,960,1076,348,3296
11.158124999999927,1358,1548,130,3296
11.158750000000055,1616,2396,88,3296
11.159374999999955,4,768,434,3296
11.160000000000082,-278,94,498,3296
11.160624999999982,-1088,-1242,380,3296
11.16125000000011,-1304,-1700,138,3296
11.161875000000009,-1048,-1682,412,3296
11.162499999999909,-1212,-2304,248,3296
11.163125000000036,-280,-1236,70,3294
11.163749999999936,-224,-384,56,3294
11.164375000000064,1050,1408,-8,3294
11.164999999999964,1322,2148,-264,3294
11.165625000000091,1762,4020,144,3294
11.166249999999991,1068,2882,340,3294
11.166875000000118,506,2028,266,3294
11.167500000000018,-898,158,494,3294
11.168124999999918,-1024,-280,832,3294
11.168750000000045,-896,-1382,498,3294
11.169374999999945,-1958,-2594,578,3294
11.170000000000073,-970,-2240,312,3294
11.170624999999973,-860,-1652,398,3294
11.1712500000001,610,-448,-42,3294
11.171875,846,530,-192,3294
11.172500000000127,1742,1912,-8,3294
11.173125000000027,1000,1284,82,3294
11.173749999999927,1088,1914,680,3294
11.174375000000055,28,-48,460,3294
11.174999999999955,362,-34,470,3294
11.175625000000082,-1472,-1768,396,3294
11.176249999999982,-1198,-2178,288,3294
11.17687500000011,-1122,-2900,178,3294
11.177500000000009,-1444,-2926,130,3294
11.178124999999909,-608,-1998,128,3294
11.178750000000036,550,-400,280,3294
11.179374999999936,1326,1158,0,3294
11.180000000000064,1000,1774,198,3297
11.180624999999964,1178,2520,346,3297
11.181250000000091,1110,2458,238,3297
11.181874999999991,254,2128,206,3297
11.182500000000118,-424,728,114,3297
11.183125000000018,-834,-480,-36,3297
11.183749999999918,-1594,-1280,414,3297
11.184375000000045,-2256,-2444,448,3297
11.184999999999945,-500,-1326,314,3297
11.185625000000073,-426,-866,136,3297
11.186249999999973,812,606,320,3297
11.1868750000001,640,576,388,3297
11.1875,1394,1944,424,3297
11.188125000000127,1332,2294,294,3297
11.188750000000027,1642,3206,546,3297
11.189374999999927,536,958,24,3297
11.190000000000055,-450,-56,298,3297
11.190624999999955,-1236,-1712,214,3297
11.191250000000082,-1524,-2688,70,3297
11.191874999999982,-1332,-2864,508,3297
11.19250000000011,-1260,-2896,374,3297
11.193125000000009,266,-1584,122,3297
11.193749999999909,-258,-1306,78,3297
11.194375000000036,1244,1100,206,3297
11.194999999999936,1264,1382,286,3297
11.195625000000064,1430,1976,128,3297
11.196249999999964,638,1494,128,3297
11.196875000000091,364,1574,624,3297
11.197499999999991,-748,-384,384,3297
11.198125000000118,-1138,-856,296,3297
11.198750000000018,-1352,-1494,396,3282
11.199374999999918,-1192,-2206,140,3282
11.200000000000045,-846,-1480,62,3282
11.200624999999945,-884,-892,38,3282
11.201250000000073,710,428,-174,3282
11.201874999999973,1446,1704,-34,3282
11.2025000000001,1366,2910,146,3282
11.203125,1170,2700,624,3282
11.203750000000127,1638,3322,480,3282
11.204375000000027,234,1664,466,3282
11.204999999999927,-248,836,728,3282
11.205625000000055,-782,-880,744,3282
11.206249999999955,-1296,-1874,222,3282
11.206875000000082,-1582,-2584,462,3282
11.207499999999982,-1120,-2478,-194,3282
11.20812500000011,-20,-766,268,3282
11.208750000000009,302,-494,-242,3282
11.209374999999909,1602,1138,-72,3282
11.210000000000036,896,584,276,3282
11.210624999999936,1130,1412,496,3282
11.211250000000064,908,1164,334,3282
11.211874999999964,626,890,332,3282
11.212500000000091,-554,-486,306,3282
11.213124999999991,-1006,-1168,574,3282
11.213750000000118,-1350,-2628,294,3282
11.214375000000018,-1948,-3478,88,3282
11.214999999999918,-922,-2092,246,3282
11.215625000000045,-422,-1510,150,3282
11.216249999999945,934,446,66,3296
11.216875000000073,658,978,228,3296
11.217499999999973,1412,2394,54,3296
11.2181250000001,1402,2746,40,3296
11.21875,1442,3790,138,3296
11.219375000000127,184,2000,156,3296
11.220000000000027,-460,490,164,3296
11.220624999999927,-1396,-874,274,3296
11.221250000000055,-1424,-1016,692,3296
11.221874999999955,-1116,-1880,502,3296
11.222500000000082,-1494,-2432,194,3296
11.223124999999982,-220,-826,602,3296
11.22375000000011,34,-598,420,3296
11.224375000000009,1222,914,130,3296
11.224999999999909,1600,2038,268,3296
11.225625000000036,1606,2214,-26,3296
11.226249999999936,722,1346,348,3296
11.226875000000064,948,1652,144,3296
11.227499999999964,-626,-452,562,3296
11.228125000000091,-582,-1296,348,3296
11.228749999999991,-1310,-2468,422,3296
11.229375000000118,-1420,-2970,320,3296
11.230000000000018,-962,-3232,72,3296
11.230624999999918,-852,-2510,-90,3296
11.231250000000045,430,-448,260,3296
11.231874999999945,1112,696,270,3296
11.232500000000073,1590,1838,-28,3296
11.233124999999973,1024,1932,194,3296
11.2337500000001,1000,2338,350,3296
11.234375,214,1294,384,3296
11.235000000000127,-228,1096,424,3283
11.235625000000027,-1110,-314,246,3283
11.236249999999927,-1232,-1206,234,3283
11.236875000000055,-1336,-1910,30,3283
11.237499999999955,-1766,-1964,124,3283
11.238125000000082,-252,-822,70,3283
11.238749999999982,234,-104,8,3283
11.23937500000011,1150,1408,192,3283
11.240000000000009,1072,1992,520,3283
11.240624999999909,1676,2738,396,3283
11.241250000000036,770,2122,680,3283
11.241874999999936,1044,2320,632,3283
11.242500000000064,-224,380,544,3283
11.243124999999964,-804,-738,378,3283
11.243750000000091,-1506,-2240,64,3283
11.244374999999991,-1834,-3044,192,3283
11.245000000000118,-980,-2546,88,3283
11.245625000000018,-772,-2034,334,3283
11.246249999999918,764,-606,162,3283
11.246875000000045,480,-416,136,3283
11.247499999999945,1066,1104,264,3283
11.248125000000073,1536,1728,94,3283
11.248749999999973,1552,2254,46,3283
11.2493750000001,88,848,380,3283
11.25,-90,354,578,3283
11.250625000000127,-1148,-1308,448,3283
11.251250000000027,-1290,-1640,256,3283
11.251874999999927,-1102,-1880,342,3283
11.252500000000055,-1344,-2514,214,3283
11.253124999999955,-394,-1248,78,3266
11.253750000000082,-312,-498,8,3266
11.254374999999982,1068,1284,-76,3266
11.25500000000011,1300,2104,-218,3266
11.255625000000009,1698,3866,200,3266
11.256249999999909,1102,2788,308,3266
11.256875000000036,868,2392,192,3266
11.257499999999936,-744,528,360,3266
11.258125000000064,-850,92,808,3266
11.258749999999964,-868,-1186,544,3266
11.259375000000091,-1812,-2346,510,3266
11.259999999999991,-1084,-2316,386,3266
11.260625000000118,-966,-1786,498,3266
11.261250000000018,516,-694,-72,3266
11.261874999999918,632,234,-108,3266
11.262500000000045,1692,1740,108,3266
11.263124999999945,1084,1236,-44,3266
11.263750000000073,1106,1876,670,3266
11.264374999999973,130,172,430,3266
11.2650000000001,414,276,482,3266
11.265625,-1276,-1590,338,3266
11.266250000000127,-1066,-2000,294,3266
11.266875000000027,-1174,-2900,136,3266
11.267499999999927,-1582,-3054,198,3266
11.268125000000055,-748,-2062,240,3266
11.268749999999955,394,-718,300,3266
11.269375000000082,1086,768,42,3266
11.269999999999982,808,1452,168,3281
11.27062500000011,1630,2794,134,3281
11.271250000000009,1326,2884,330,3281
11.271874999999909,628,2594,158,3281
11.272500000000036,-564,880,270,3281
11.273124999999936,-898,-410,90,3281
11.273750000000064,-1544,-1168,360,3281
11.274374999999964,-2200,-2382,256,3281
11.275000000000091,-638,-1308,350,3281
11.275624999999991,-622,-1046,86,3281
11.276250000000118,170,-380,342,3281
11.276875000000018,442,22,352,3281
11.277499999999918,1208,1592,568,3281
11.278125000000045,1304,2054,288,3281
11.278749999999945,1728,3278,690,3281
11.279375000000073,664,1070,-16,3281
11.279999999999973,-256,166,224,3281
11.2806250000001,-992,-1316,228,3281
11.28125,-1574,-2496,70,3281
11.281875000000127,-1252,-2724,536,3281
11.282500000000027,-1460,-2954,520,3281
11.283124999999927,162,-1932,50,3281
11.283750000000055,-138,-1494,-86,3281
11.284374999999955,1100,850,192,3281
11.285000000000082,1318,1320,198,3281
11.285624999999982,1500,2006,38,3281
11.28625000000011,724,1642,256,3281
11.286875000000009,684,1856,540,3281
11.287499999999909,-572,6,460,3281
11.288125000000036,-896,-488,338,3281
11.288749999999936,-1274,-1184,414,3266
11.289375000000064,-1692,-2486,264,3266
11.289999999999964,-1040,-1918,-22,3266
11.290625000000091,-1040,-1196,22,3266
11.291249999999991,388,16,-112,3266
11.291875000000118,1240,1402,0,3266
11.292500000000018,1296,2490,8,3266
11.293124999999918,1194,2554,618,3266
11.293750000000045,1724,3350,362,3266
11.294374999999945,554,2050,450,3266
11.295000000000073,-118,1064,710,3266
11.295624999999973,-518,-512,782,3266
11.2962500000001,-1094,-1516,278,3266
11.296875,-1848,-2824,502,3266
11.297500000000127,-1354,-2642,-108,3266
11.298125000000027,-442,-1718,202,3266
11.298749999999927,94,-1126,-254,3266
11.299375000000055,1128,260,6,3266
11.299999999999955,1024,588,342,3266
11.300625000000082,1280,1642,502,3266
11.301249999999982,846,1004,186,3266
11.30187500000011,1402,1724,196,3266
11.302500000000009,-384,48,316,3266
11.303124999999909,-886,-886,444,3266
11.303750000000036,-1034,-1900,302,3266
11.304374999999936,-1888,-3086,228,3266
11.305000000000064,-1200,-2352,342,3266
11.305624999999964,-550,-1638,214,3266
11.306250000000091,128,-740,136,3266
11.306874999999991,94,-20,128,3267
11.307500000000118,1232,1868,60,3267
11.308125000000018,1148,2176,-50,3267
11.308749999999918,1654,3796,228,3267
11.309375000000045,864,2924,264,3267
11.309999999999945,-212,1062,140,3267
11.310625000000073,-982,-16,390,3267
11.311249999999973,-1530,-846,704,3267
11.3118750000001,-1684,-2414,496,3267
11.3125,-1522,-2464,226,3267
11.313125000000127,-584,-1286,640,3267
11.313750000000027,-100,-932,326,3267
11.314374999999927,802,322,206,3267
11.315000000000055,1340,1376,240,3267
11.315624999999955,2008,2606,-154,3267
11.316250000000082,984,1664,426,3267
11.316874999999982,1020,1590,62,3267
11.31750000000011,-296,-32,448,3267
11.318125000000009,-488,-844,422,3267
11.318749999999909,-958,-1908,522,3267
11.319375000000036,-1544,-3004,318,3267
11.319999999999936,-1126,-3274,174,3267
11.320625000000064,-1054,-2736,-166,3267
11.321249999999964,100,-650,362,3267
11.321875000000091,804,164,314,3267
11.322499999999991,1724,1712,-188,3267
11.323125000000118,828,1580,196,3267
11.323750000000018,1686,3126,310,3267
11.324374999999918,496,1852,262,3267
11.325000000000045,-146,1374,418,3254
11.325624999999945,-716,116,192,3254
11.326250000000073,-1192,-1082,108,3254
11.326874999999973,-1642,-2006,296,3254
11.3275000000001,-1812,-1958,236,3254
11.328125,-564,-1342,58,3254
11.328750000000127,222,-362,18,3254
11.329375000000027,896,1198,280,3254
11.329999999999927,762,1388,358,3254
11.330625000000055,1702,2602,356,3254
11.331249999999955,760,1838,648,3254
11.331875000000082,1142,2184,444,3254
11.332499999999982,-130,532,640,3254
11.33312500000011,-652,-604,356,3254
11.333750000000009,-1220,-1904,-66,3254
11.334374999999909,-1478,-2352,258,3254
11.335000000000036,-1586,-3498,-74,3254
11.335624999999936,-760,-2152,320,3254
11.336250000000064,320,-1214,308,3254
11.336874999999964,544,-362,260,3254
11.337500000000091,1088,1120,302,3254
11.338124999999991,1220,1338,304,3254
11.338750000000118,1718,2304,-110,3254
11.339375000000018,178,1004,466,3254
11.339999999999918,-192,294,592,3254
11.340625000000045,-954,-1086,262,3254
11.341249999999945,-1548,-1920,294,3254
11.341875000000073,-1062,-1760,302,3254
11.342499999999973,-992,-2018,114,3254
11.3431250000001,-738,-1692,130,3251
11.34375,-298,-642,-62,3251
11.344375000000127,914,1030,-12,3251
11.345000000000027,1178,1914,-100,3251
11.345624999999927,1868,3984,134,3251
11.346250000000055,1258,2972,224,3251
11.346874999999955,606,2004,366,3251
11.347500000000082,-348,996,376,3251
11.348124999999982,-796,264,822,3251
11.34875000000011,-724,-956,568,3251
11.349375000000009,-1912,-2334,584,3251
11.349999999999909,-872,-2048,324,3251
11.350625000000036,-1078,-1942,438,3251
11.351249999999936,524,-642,-106,3251
11.351875000000064,642,278,-202,3251
11.352499999999964,1828,1950,20,3251
11.353125000000091,926,1102,-92,3251
11.353749999999991,1676,2564,538,3251
11.354375000000118,254,632,684,3251
11.355000000000018,304,-16,392,3251
11.355624999999918,-1134,-1412,448,3251
11.356250000000045,-1090,-1966,394,3251
11.356874999999945,-1142,-2728,176,3251
11.357500000000073,-1414,-2778,210,3251
11.358124999999973,-778,-2112,150,3251
11.3587500000001,526,-516,268,3251
11.359375,1172,830,-12,3251
11.360000000000127,636,1270,196,3251
11.360625000000027,1666,2972,176,3239
11.361249999999927,1336,2772,260,3239
11.361875000000055,616,2492,98,3239
11.362499999999955,-504,906,166,3239
11.363125000000082,-766,-98,50,3239
11.363749999999982,-1618,-1300,330,3239
11.36437500000011,-1972,-2124,344,3239
11.365000000000009,-780,-1490,424,3239
11.365624999999909,-510,-876,216,3239
11.366250000000036,326,-46,396,3239
11.366874999999936,778,624,392,3239
11.367500000000064,1350,1892,464,3239
11.368124999999964,1194,1984,230,3239
11.368750000000091,1784,3200,586,3239
11.369374999999991,604,1052,-24,3239
11.370000000000118,-314,126,272,3239
11.370625000000018,-1066,-1426,196,3239
11.371249999999918,-1610,-2680,0,3239
11.371875000000045,-1346,-2816,494,3239
11.372499999999945,-1212,-2698,428,3239
11.373125000000073,210,-1696,138,3239
11.373749999999973,-36,-1326,38,3239
11.3743750000001,1084,900,210,3239
11.375,1338,1306,254,3239
11.375625000000127,1802,2614,128,3239
11.376250000000027,656,1694,254,3239
11.376874999999927,458,1522,576,3239
11.377500000000055,-782,-400,400,3239
11.378124999999955,-958,-634,310,3239
11.378750000000082,-1208,-1276,316,3238
11.379374999999982,-1574,-2446,194,3238
11.38000000000011,-898,-1836,-62,3238
11.380625000000009,-840,-986,8,3238
11.381249999999909,604,486,-52,3238
11.381875000000036,1490,1788,-18,3238
11.382499999999936,1222,2706,136,3238
11.383125000000064,1122,2592,658,3238
11.383749999999964,1580,3220,414,3238
11.384375000000091,200,1660,452,3238
11.384999999999991,-464,550,810,3238
11.385625000000118,-686,-938,736,3238
11.386250000000018,-1288,-2018,178,3238
11.386874999999918,-1632,-2790,492,3238
11.387500000000045,-1056,-2440,-186,3238
11.388124999999945,92,-1034,104,3238
11.388750000000073,604,-230,-144,3238
11.389374999999973,1592,1226,-158,3238
11.3900000000001,1176,1112,270,3238
11.390625,1150,1708,628,3238
11.391250000000127,500,684,334,3238
11.391875000000027,778,934,260,3238
11.392499999999927,-936,-896,320,3238
11.393125000000055,-1160,-1694,466,3238
11.393749999999955,-1228,-2574,360,3238
11.394375000000082,-1882,-3360,110,3238
11.394999999999982,-622,-1892,214,3238
11.39562500000011,-78,-948,230,3238
11.396250000000009,936,688,10,3238
11.396874999999909,846,1364,132,3240
11.397500000000036,1306,2448,198,3240
11.398124999999936,924,2328,0,3240
11.398750000000064,1020,3202,228,3240
11.399374999999964,-8,1712,230,3240
11.400000000000091,-964,-266,140,3240
11.400624999999991,-1560,-1202,342,3240
11.401250000000118,-1830,-1768,706,3240
11.401875000000018,-1008,-1994,414,3240
11.402499999999918,-856,-1722,202,3240
11.403125000000045,420,150,576,3240
11.403749999999945,498,80,396,3240
11.404375000000073,1334,1382,230,3240
11.404999999999973,1598,2358,308,3240
11.4056250000001,1430,1996,-120,3240
11.40625,418,936,450,3240
11.406875000000127,140,356,114,3240
11.407500000000027,-1152,-1576,332,3240
11.408124999999927,-1140,-2122,274,3240
11.408750000000055,-1044,-2410,514,3240
11.409374999999955,-1408,-3184,212,3240
11.410000000000082,-234,-2280,126,3240
11.410624999999982,-336,-1700,-120,3240
11.41125000000011,854,758,364,3240
11.411875000000009,1360,1420,366,3240
11.412499999999909,1916,2618,-88,3240
11.413125000000036,566,1744,300,3240
11.413749999999936,904,2388,438,3240
11.414375000000064,-434,456,346,3240
11.414999999999964,-1080,-246,422,3227
11.415625000000091,-1250,-1096,218,3227
11.416249999999991,-1006,-1510,-70,3227
11.416875000000118,-858,-1480,58,3227
11.417500000000018,-1152,-1320,74,3227
11.418124999999918,570,222,-102,3227
11.418750000000045,1054,1240,52,3227
11.419374999999945,1684,2672,298,3227
11.420000000000073,1218,2502,494,3227
11.420624999999973,1212,2710,614,3227
11.4212500000001,174,1306,710,3227
11.421875,264,1020,592,3227
11.422500000000127,-1040,-1088,596,3227
11.423125000000027,-1268,-1732,358,3227
11.423749999999927,-1404,-2740,-104,3227
11.424375000000055,-1584,-2880,152,3227
11.424999999999955,-164,-1712,-126,3227
11.425625000000082,336,-652,162,3227
11.426249999999982,1566,1066,236,3227
11.42687500000011,878,660,222,3227
11.427500000000009,1048,1414,360,3227
11.428124999999909,920,1326,312,3227
11.428750000000036,646,1084,62,3227
11.429374999999936,-642,-310,464,3227
11.430000000000064,-904,-1122,702,3227
11.430624999999964,-1664,-2738,304,3227
11.431250000000091,-1472,-2476,176,3227
11.431874999999991,-568,-1416,336,3227
11.432500000000118,-378,-1406,8,3227
11.433125000000018,724,564,128,3225
11.433749999999918,556,1064,0,3225
11.434375000000045,1286,2282,-72,3225
11.434999999999945,1250,2680,-68,3225
11.435625000000073,1036,3660,284,3225
11.436249999999973,388,1968,262,3225
11.4368750000001,-516,390,332,3225
11.4375,-1676,-1430,380,3225
11.438125000000127,-1858,-1822,754,3225
11.438750000000027,-780,-1766,522,3225
11.439374999999927,-1436,-2370,410,3225
11.440000000000055,150,-886,278,3225
11.440624999999955,0,-334,446,3225
11.441250000000082,1532,1364,0,3225
11.441874999999982,1168,1514,-46,3225
11.44250000000011,1588,2294,266,3225
11.443125000000009,666,996,38,3225
11.443749999999909,208,756,646,3225
11.444375000000036,-606,-916,524,3225
11.444999999999936,-696,-1552,358,3225
11.445625000000064,-1664,-2770,218,3225
11.446249999999964,-1066,-2540,258,3225
11.446875000000091,-412,-2212,-68,3225
11.447499999999991,-702,-1858,166,3225
11.448125000000118,430,-418,256,3225
11.448750000000018,1350,1126,278,3225
11.449374999999918,1526,2134,168,3225
11.450000000000045,930,2116,306,3225
11.450624999999945,1038,2624,330,3227
11.451250000000073,316,1794,388,3227
11.451874999999973,-398,896,260,3227
11.4525000000001,-1346,-842,190,3227
11.453125,-1358,-1654,-64,3227
11.453750000000127,-1186,-1384,238,3227
11.454375000000027,-1586,-1940,186,3227
11.454999999999927,214,-482,196,3227
11.455625000000055,322,300,46,3227
11.456249999999955,1410,1860,350,3227
11.456875000000082,1490,2038,492,3227
11.457499999999982,1154,2248,528,3227
11.45812500000011,706,1746,430,3227
11.458750000000009,590,1784,742,3227
11.459374999999909,-216,-316,112,3227
11.460000000000036,-1182,-1410,208,3227
11.460624999999936,-1610,-2714,344,3227
11.461250000000064,-1614,-3308,-128,3227
11.461874999999964,-626,-2200,364,3227
11.462500000000091,-388,-1662,262,3227
11.463124999999991,1416,262,12,3227
11.463750000000118,914,530,64,3227
11.464375000000018,1618,2172,230,3227
11.464999999999918,1082,1610,226,3227
11.465625000000045,892,1626,246,3227
11.466249999999945,-88,600,348,3227
11.466875000000073,-520,-194,590,3227
11.467499999999973,-1386,-1794,432,3227
11.4681250000001,-1614,-1950,294,3227
11.46875,-1082,-1830,268,3226
11.469375000000127,-840,-2016,162,3226
11.470000000000027,46,-348,-28,3226
11.470624999999927,-128,220,-30,3226
11.471250000000055,1402,2082,-84,3226
11.471874999999955,1744,2830,2,3226
11.472500000000082,1046,2984,220,3226
11.473124999999982,584,2112,612,3226
11.47375000000011,682,2160,420,3226
11.474375000000009,-866,0,546,3226
11.474999999999909,-1230,-988,648,3226
11.475625000000036,-1130,-1996,700,3226
11.476249999999936,-1062,-2082,120,3226
11.476875000000064,-492,-1502,452,3226
11.477499999999964,-270,-1342,-214,3226
11.478125000000091,882,538,238,3226
11.478749999999991,880,662,48,3226
11.479375000000118,2054,2198,-104,3226
11.480000000000018,1156,1494,396,3226
11.480624999999918,560,1110,598,3226
11.481250000000045,-242,-416,334,3226
11.481874999999945,-700,-1264,198,3226
11.482500000000073,-1148,-1830,318,3226
11.483124999999973,-1126,-2010,412,3226
11.4837500000001,-1038,-2880,106,3226
11.484375,-1302,-2932,28,3226
11.485000000000127,82,-674,240,3226
11.485625000000027,634,208,242,3226
11.486249999999927,1766,2336,98,3240
11.486875000000055,1338,2684,262,3240
11.487499999999955,1030,2594,406,3240
11.488125000000082,448,1926,106,3240
11.488749999999982,-116,1794,372,3240
11.48937500000011,-1008,-114,218,3240
11.490000000000009,-1592,-1694,-6,3240
11.490624999999909,-1854,-2106,276,3240
11.491250000000036,-1378,-1562,538,3240
11.491874999999936,-384,-1100,378,3240
11.492500000000064,-38,-704,112,3240
11.493124999999964,1182,1458,444,3240
11.493750000000091,1040,1202,560,3240
11.494374999999991,1638,2274,206,3240
11.495000000000118,1052,2140,514,3240
11.495625000000018,814,1358,32,3240
11.496249999999918,-166,70,540,3240
11.496875000000045,-622,-924,124,3240
11.497499999999945,-1660,-2568,392,3240
11.498125000000073,-1404,-2880,196,3240
11.498749999999973,-912,-2620,408,3240
11.4993750000001,-446,-2060,144,3240
11.5,720,-896,-94,3240
11.500625000000127,316,-446,-106,3240
11.501250000000027,1548,2068,354,3240
11.501874999999927,1476,2026,324,3240
11.502500000000055,1332,2182,62,3240
11.503124999999955,114,1284,334,3240
11.503750000000082,-298,466,474,3240
11.504374999999982,-848,-752,328,3254
11.50500000000011,-1556,-1398,472,3254
11.505625000000009,-1594,-2076,226,3254
11.506249999999909,-844,-1614,20,3254
11.506875000000036,-128,-610,-34,3254
11.507499999999936,-350,-310,-16,3254
11.508125000000064,992,1422,-36,3254
11.508749999999964,1172,1988,140,3254
11.509375000000091,1848,3254,270,3254
11.509999999999991,1046,2626,502,3254
11.510625000000118,556,2006,578,3254
11.511250000000018,-592,380,748,3254
11.511874999999918,-714,-556,618,3254
11.512500000000045,-1598,-2340,468,3254
11.513124999999945,-1470,-2398,264,3254
11.513750000000073,-1172,-2820,-98,3254
11.514374999999973,-948,-2322,216,3254
11.5150000000001,332,-700,10,3254
11.515625,900,336,254,3254
11.516250000000127,1932,1858,204,3254
11.516875000000027,980,1122,270,3254
11.517499999999927,832,1278,460,3254
11.518125000000055,530,820,212,3254
11.518749999999955,-4,92,34,3254
11.519375000000082,-1004,-1002,556,3254
11.519999999999982,-1170,-1910,494,3254
11.52062500000011,-1476,-3032,204,3254
11.521250000000009,-1356,-2432,180,3254
11.521874999999909,-134,-1046,206,3254
11.522500000000036,92,-746,32,3254
11.523124999999936,1038,1326,68,3252
11.523750000000064,792,1628,120,3252
11.524374999999964,1438,2662,-46,3252
11.525000000000091,864,2514,-16,3252
11.525624999999991,606,3162,412,3252
11.526250000000118,38,1354,292,3252
11.526875000000018,-802,-208,326,3252
11.527499999999918,-1862,-1864,394,3252
11.528125000000045,-1984,-2252,586,3252
11.528749999999945,-684,-1758,388,3252
11.529375000000073,-1052,-1860,438,3252
11.529999999999973,502,-406,174,3252
11.5306250000001,284,128,406,3252
11.53125,1836,1896,16,3252
11.531875000000127,1210,1588,-52,3252
11.532500000000027,1436,2184,370,3252
11.533124999999927,412,806,146,3252
11.533750000000055,-86,336,666,3252
11.534374999999955,-782,-1406,468,3252
11.535000000000082,-796,-1770,350,3252
11.535624999999982,-1750,-2964,276,3252
11.53625000000011,-948,-2556,198,3252
11.536875000000009,-240,-2016,-12,3252
11.537499999999909,-446,-1586,76,3252
11.538125000000036,664,134,190,3252
11.538749999999936,1300,1376,344,3252
11.539375000000064,1740,2562,104,3252
11.539999999999964,910,2172,282,3252
11.540625000000091,896,2430,324,3254
11.541249999999991,-118,1342,422,3254
11.541875000000118,-888,328,350,3254
11.542500000000018,-1272,-1116,132,3254
11.543124999999918,-1498,-1936,-62,3254
11.543750000000045,-1296,-1600,334,3254
11.544374999999945,-1318,-1838,84,3254
11.545000000000073,446,-60,212,3254
11.545624999999973,488,668,128,3254
11.5462500000001,1608,2210,332,3254
11.546875,1220,1672,408,3254
11.547500000000127,962,1884,646,3254
11.548125000000027,596,1520,312,3254
11.548749999999927,384,1478,738,3254
11.549375000000055,-354,-570,102,3254
11.549999999999955,-1310,-1646,186,3254
11.550625000000082,-1630,-2734,362,3254
11.551249999999982,-1852,-3550,-88,3254
11.55187500000011,-516,-2030,346,3254
11.552500000000009,-188,-1502,230,3254
11.553124999999909,1394,370,110,3254
11.553750000000036,970,588,0,3254
11.554374999999936,1598,2190,252,3254
11.555000000000064,1064,1608,380,3254
11.555624999999964,948,1722,228,3254
11.556250000000091,-88,786,392,3254
11.556874999999991,-512,-286,578,3254
11.557500000000118,-1470,-1956,332,3254
11.558125000000018,-1514,-1940,200,3254
11.558749999999918,-1128,-1824,254,3253
11.559375000000045,-1044,-2272,138,3253
11.559999999999945,-50,-656,-44,3253
11.560625000000073,-204,70,-22,3253
11.561249999999973,1364,1910,-130,3253
11.5618750000001,1694,2760,74,3253
11.5625,1090,2916,92,3253
11.563125000000127,802,2376,618,3253
11.563750000000027,676,2256,524,3253
11.564374999999927,-706,188,510,3253
11.565000000000055,-1198,-840,674,3253
11.565624999999955,-988,-1640,798,3253
11.566250000000082,-1278,-2336,62,3253
11.566874999999982,-1042,-2386,466,3253
11.56750000000011,-548,-1866,-192,3253
11.568125000000009,836,134,70,3253
11.568749999999909,1126,704,-78,3253
11.569375000000036,1900,2022,0,3253
11.569999999999936,1174,1442,266,3253
11.570625000000064,774,1424,710,3253
11.571249999999964,122,12,236,3253
11.571875000000091,168,-64,262,3253
11.572499999999991,-978,-1332,338,3253
11.573125000000118,-1200,-1934,388,3253
11.573750000000018,-1142,-2684,182,3253
11.574374999999918,-1608,-3040,214,3253
11.575000000000045,-338,-1514,212,3253
11.575624999999945,170,-608,134,3253
11.576250000000073,1288,1294,66,3253
11.576874999999973,1036,1840,192,3253
11.5775000000001,1244,2596,316,3253
11.578125,688,2208,160,3253
11.578750000000127,764,2848,206,3253
11.579375000000027,-252,1264,152,3253
11.579999999999927,-1214,-606,142,3253
11.580625000000055,-1554,-1414,276,3253
11.581249999999955,-1820,-1914,572,3253
11.581875000000082,-1422,-2600,496,3253
11.582499999999982,-776,-1868,120,3253
11.58312500000011,302,82,666,3253
11.583750000000009,910,496,426,3253
11.584374999999909,1392,1542,94,3253
11.585000000000036,1514,2280,384,3253
11.585624999999936,1640,2526,-36,3253
11.586250000000064,542,1152,440,3253
11.586874999999964,154,268,158,3253
11.587500000000091,-1200,-1410,512,3253
11.588124999999991,-1032,-2034,256,3253
11.588750000000118,-1056,-2258,496,3253
11.589375000000018,-1184,-2796,170,3253
11.589999999999918,-152,-2246,-118,3253
11.590625000000045,-420,-1738,-72,3253
11.591249999999945,688,448,256,3253
11.591875000000073,1288,1262,300,3253
11.592499999999973,2012,2724,108,3253
11.5931250000001,704,1766,192,3253
11.59375,912,2278,444,3253
11.594375000000127,-250,716,448,3253
11.595000000000027,-1130,-110,436,3254
11.595624999999927,-1206,-792,316,3254
11.596250000000055,-1458,-1716,118,3254
11.596874999999955,-1316,-2186,-70,3254
11.597500000000082,-1330,-1676,128,3254
11.598124999999982,144,-182,-22,3254
11.59875000000011,984,934,-60,3254
11.599375000000009,1350,2022,210,3254
11.599999999999909,954,2004,472,3254
11.600625000000036,1892,3400,440,3254
11.601249999999936,486,1976,776,3254
11.601875000000064,642,1520,516,3254
11.602499999999964,-688,-448,546,3254
11.603125000000091,-984,-1366,418,3254
11.603749999999991,-1146,-2176,-36,3254
11.604375000000118,-1560,-2568,344,3254
11.605000000000018,-1040,-2880,62,3254
11.605624999999918,-178,-1492,196,3254
11.606250000000045,906,-196,138,3254
11.606874999999945,832,448,220,3254
11.607500000000073,1628,1922,164,3254
11.608124999999973,1212,1610,132,3254
11.6087500000001,1442,2112,80,3254
11.609375,-172,678,474,3254
11.610000000000127,-624,-460,598,3254
11.610625000000027,-1282,-1744,448,3254
11.611249999999927,-1772,-2462,274,3254
11.611875000000055,-874,-1874,258,3254
11.612499999999955,-718,-1814,206,3254
11.613125000000082,-376,-1122,128,3252
11.613749999999982,208,84,42,3252
11.61437500000011,1158,1532,-110,3252
11.615000000000009,1102,2058,-186,3252
11.615624999999909,1580,3920,270,3252
11.616250000000036,1006,2738,268,3252
11.616874999999936,350,1398,198,3252
11.617500000000064,-912,80,396,3252
11.618124999999964,-1280,-594,710,3252
11.618750000000091,-846,-1324,574,3252
11.619374999999991,-1596,-2222,488,3252
11.620000000000118,-730,-1892,288,3252
11.620625000000018,-694,-1570,342,3252
11.621249999999918,828,-40,64,3252
11.621875000000045,804,524,-184,3252
11.622499999999945,2124,2590,284,3252
11.623125000000073,918,1200,66,3252
11.623749999999973,1180,1980,508,3252
11.6243750000001,-62,46,470,3252
11.625,16,-264,488,3252
11.625625000000127,-1086,-1756,188,3252
11.626250000000027,-1408,-2354,316,3252
11.626874999999927,-1236,-3118,174,3252
11.627500000000055,-1406,-2864,146,3252
11.628124999999955,-466,-1610,250,3252
11.628750000000082,678,-322,234,3252
11.629374999999982,1116,964,0,3252
11.63000000000011,628,1256,208,3252
11.630625000000009,1442,2728,230,3241
11.631249999999909,1180,2680,358,3241
11.631875000000036,288,2112,276,3241
11.632499999999936,-550,640,244,3241
11.633125000000064,-744,-170,92,3241
11.633749999999964,-1580,-1250,276,3241
11.634375000000091,-1900,-1936,290,3241
11.634999999999991,-768,-1696,302,3241
11.635625000000118,-752,-1362,116,3241
11.636250000000018,524,24,192,3241
11.636874999999918,542,402,422,3241
11.637500000000045,1846,2494,498,3241
11.638124999999945,1472,2360,200,3241
11.638750000000073,1750,3136,670,3241
11.639374999999973,714,1290,108,3241
11.6400000000001,-286,168,242,3241
11.640625,-938,-1318,284,3241
11.641250000000127,-1366,-2266,70,3241
11.641875000000027,-1194,-2622,302,3241
11.642499999999927,-1070,-2198,512,3241
11.643125000000055,-50,-2064,172,3241
11.643749999999955,-188,-1676,-98,3241
11.644375000000082,880,722,270,3241
11.644999999999982,954,938,258,3241
11.64562500000011,1832,2358,-30,3241
11.646250000000009,1138,2408,280,3241
11.646874999999909,428,1596,548,3241
11.647500000000036,-524,-8,344,3241
11.648124999999936,-1072,-622,398,3241
11.648750000000064,-1576,-1602,414,3228
11.649374999999964,-1426,-2308,338,3228
11.650000000000091,-1446,-2336,184,3228
11.650624999999991,-1218,-1586,-52,3228
11.651250000000118,494,182,-66,3228
11.651875000000018,1036,1138,-26,3228
11.652499999999918,1550,2744,-14,3228
11.653125000000045,1224,2560,448,3228
11.653749999999945,1200,2564,498,3228
11.654375000000073,646,2000,406,3228
11.654999999999973,-294,948,740,3228
11.6556250000001,-400,-242,816,3228
11.65625,-996,-1472,124,3228
11.656875000000127,-1828,-2816,558,3228
11.657500000000027,-1224,-2550,-128,3228
11.658124999999927,-168,-986,326,3228
11.658750000000055,-12,-1028,-204,3228
11.659374999999955,1560,920,34,3228
11.660000000000082,974,540,226,3228
11.660624999999982,1338,1808,576,3228
11.66125000000011,1112,1450,230,3228
11.661875000000009,1044,1464,192,3228
11.662499999999909,-516,-204,360,3228
11.663125000000036,-940,-1026,420,3228
11.663749999999936,-1312,-2442,274,3228
11.664375000000064,-1762,-3168,256,3228
11.664999999999964,-1102,-2436,262,3228
11.665625000000091,-626,-1906,164,3228
11.666249999999991,508,-126,166,3228
11.666875000000118,196,278,172,3228
11.667500000000018,1542,2358,12,3228
11.668124999999918,1204,2534,118,3228
11.668750000000045,1088,2856,30,3228
11.669374999999945,324,1950,188,3228
11.670000000000073,-294,1036,224,3228
11.670624999999973,-1080,-290,308,3228
11.6712500000001,-1256,-764,588,3228
11.671875,-1640,-2298,566,3228
11.672500000000127,-1096,-2168,192,3228
11.673125000000027,-292,-718,584,3228
11.673749999999927,-14,-620,388,3228
11.674375000000055,1214,704,38,3228
11.674999999999955,1370,1718,368,3228
11.675625000000082,1958,2578,-78,3228
11.676249999999982,1080,1846,400,3228
11.67687500000011,542,1154,198,3228
11.677500000000009,-570,-410,458,3228
11.678124999999909,-840,-1572,312,3228
11.678750000000036,-996,-2026,420,3228
11.679374999999936,-1046,-2376,304,3228
11.680000000000064,-1158,-3222,126,3228
11.680624999999964,-774,-2640,-146,3228
11.681250000000091,226,-314,328,3228
11.681874999999991,1016,568,292,3228
11.682500000000118,1910,2276,6,3228
11.683125000000018,824,1708,158,3228
11.683749999999918,1038,2156,276,3228
11.684375000000045,392,1572,418,3228
11.684999999999945,-694,694,424,3229
11.685625000000073,-892,-162,296,3229
11.686249999999973,-1034,-1066,146,3229
11.6868750000001,-1716,-2340,112,3229
11.6875,-1932,-2376,146,3229
11.688125000000127,-62,-526,60,3229
11.688750000000027,294,-48,-146,3229
11.689374999999927,1486,2118,322,3229
11.690000000000055,1372,2400,400,3229
11.690624999999955,1802,3144,416,3229
11.691250000000082,698,2088,722,3229
11.691874999999982,882,2000,546,3229
11.69250000000011,-418,20,548,3229
11.693125000000009,-888,-808,544,3229
11.693749999999909,-1390,-2338,0,3229
11.694375000000036,-1576,-2552,240,3229
11.694999999999936,-890,-2508,22,3229
11.695625000000064,-82,-1326,262,3229
11.696249999999964,656,-470,76,3229
11.696875000000091,380,-114,332,3229
11.697499999999991,1656,1758,252,3229
11.698125000000118,1222,1512,204,3229
11.698750000000018,1384,1890,-20,3229
11.699374999999918,-182,632,618,3229
11.700000000000045,-414,-72,568,3229
11.700624999999945,-1206,-1618,328,3229
11.701250000000073,-1376,-1996,214,3229
11.701874999999973,-1488,-2624,288,3229
11.7025000000001,-838,-2000,190,3229
11.703125,-336,-1026,80,3226
11.703750000000127,-12,-64,52,3226
11.704375000000027,1094,1504,0,3226
11.704999999999927,1020,1840,-160,3226
11.705625000000055,1502,3582,222,3226
11.706249999999955,1216,3174,294,3226
11.706875000000082,334,1700,288,3226
11.707499999999982,-908,24,396,3226
11.70812500000011,-1082,-362,768,3226
11.708750000000009,-798,-1216,538,3226
11.709374999999909,-1410,-1888,464,3226
11.710000000000036,-1004,-2164,300,3226
11.710624999999936,-784,-1782,354,3226
11.711250000000064,640,-178,132,3226
11.711874999999964,802,466,-222,3226
11.712500000000091,2122,2646,134,3226
11.713124999999991,1408,1836,-34,3226
11.713750000000118,1116,2074,510,3226
11.714375000000018,-26,102,588,3226
11.714999999999918,-150,-524,512,3226
11.715625000000045,-1284,-1806,368,3226
11.716249999999945,-1308,-2364,402,3226
11.716875000000073,-1094,-2966,232,3226
11.717499999999973,-1208,-2628,72,3226
11.7181250000001,-266,-1202,156,3226
11.71875,642,-172,228,3226
11.719375000000127,1102,978,-64,3226
11.720000000000027,602,1264,188,3226
11.720624999999927,1190,2528,292,3228
11.721250000000055,880,2368,366,3228
11.721874999999955,118,1686,208,3228
11.722500000000082,-736,290,232,3228
11.723124999999982,-1028,-766,0,3228
11.72375000000011,-1654,-1600,282,3228
11.724375000000009,-1794,-2144,262,3228
11.724999999999909,-492,-1198,354,3228
11.725625000000036,-222,-658,60,3228
11.726249999999936,930,888,432,3228
11.726875000000064,840,820,294,3228
11.727499999999964,1920,2894,518,3228
11.728125000000091,1330,2352,224,3228
11.728749999999991,1376,2726,576,3228
11.729375000000118,288,664,98,3228
11.730000000000018,-766,-512,316,3228
11.730624999999918,-1094,-1714,226,3228
11.731250000000045,-1416,-2590,0,3228
11.731874999999945,-1220,-2736,378,3228
11.732500000000073,-800,-2014,416,3228
11.733124999999973,440,-1338,84,3228
11.7337500000001,192,-860,8,3228
11.734375,1104,1240,312,3228
11.735000000000127,968,1208,404,3228
11.735625000000027,1682,2370,62,3228
11.736249999999927,722,2000,324,3228
11.736875000000055,44,946,590,3228
11.737499999999955,-850,-712,280,3228
11.738125000000082,-1532,-1480,334,3228
11.738749999999982,-1726,-2094,496,3227
11.73937500000011,-1312,-2462,124,3227
11.740000000000009,-928,-1828,56,3227
11.740624999999909,-652,-812,-82,3227
11.741250000000036,882,902,-172,3227
11.741874999999936,1426,1898,-8,3227
11.742500000000064,1738,3596,210,3227
11.743124999999964,1118,2694,542,3227
11.743750000000091,920,2302,542,3227
11.744374999999991,112,1398,474,3227
11.745000000000118,-708,236,706,3227
11.745625000000018,-552,-790,708,3227
11.746249999999918,-1410,-2180,64,3227
11.746875000000045,-1326,-2622,450,3227
11.747499999999945,-912,-2210,-144,3227
11.748125000000073,456,-232,306,3227
11.748749999999973,574,-104,-190,3227
11.7493750000001,1926,1830,-6,3227
11.75,1014,976,212,3227
11.750625000000127,1464,2232,504,3227
11.751250000000027,482,792,398,3227
11.751874999999927,238,280,316,3227
11.752500000000055,-954,-1166,368,3227
11.753124999999955,-1250,-2018,478,3227
11.753750000000082,-1072,-2348,276,3227
11.754374999999982,-1408,-2720,96,3227
11.75500000000011,-586,-2014,164,3227
11.755625000000009,124,-818,64,3227
11.756249999999909,1094,1230,82,3227
11.756875000000036,886,1674,246,3227
11.757499999999936,1132,2314,188,3227
11.758125000000064,536,1954,182,3227
11.758749999999964,686,2620,190,3227
11.759375000000091,-420,970,178,3227
11.759999999999991,-1166,-852,164,3227
11.760625000000118,-1456,-1354,296,3227
11.761250000000018,-1644,-1626,652,3227
11.761874999999918,-1114,-2344,478,3227
11.762500000000045,-442,-1378,138,3227
11.763124999999945,510,432,574,3227
11.763750000000073,1180,960,336,3227
11.764374999999973,1444,1764,126,3227
11.7650000000001,1114,1998,400,3227
11.765625,1320,2248,92,3227
11.766250000000127,222,726,476,3227
11.766875000000027,-384,-430,106,3227
11.767499999999927,-1516,-2204,406,3227
11.768125000000055,-1216,-2490,116,3227
11.768749999999955,-822,-2316,390,3227
11.769375000000082,-598,-2242,206,3227
11.769999999999982,520,-1064,36,3227
11.77062500000011,256,-680,-54,3227
11.771250000000009,1106,1546,554,3227
11.771874999999909,1486,1902,314,3227
11.772500000000036,1512,2612,0,3227
11.773124999999936,150,1344,306,3227
11.773750000000064,36,916,304,3227
11.774374999999964,-1106,-836,450,3227
11.775000000000091,-1686,-1476,354,3228
11.775624999999991,-1216,-1654,158,3228
11.776250000000118,-722,-1468,60,3228
11.776875000000018,-238,-704,-100,3228
11.777499999999918,-380,-288,-14,3228
11.778125000000045,1314,1574,-64,3228
11.778749999999945,1502,2408,110,3228
11.779375000000073,1616,3250,456,3228
11.779999999999973,848,2344,680,3228
11.7806250000001,350,1566,582,3228
11.78125,-674,152,664,3228
11.781875000000127,-616,-524,564,3228
11.782500000000027,-1548,-2548,310,3228
11.783124999999927,-1360,-2194,366,3228
11.783750000000055,-744,-2242,-72,3228
11.784374999999955,-606,-1786,68,3228
11.785000000000082,776,-72,-106,3228
11.785624999999982,1128,864,246,3228
11.78625000000011,1874,1974,144,3228
11.786875000000009,832,1094,322,3228
11.787499999999909,514,968,610,3228
11.788125000000036,-154,-140,344,3228
11.788749999999936,-688,-1146,158,3228
11.789375000000064,-1272,-1744,620,3228
11.789999999999964,-1288,-2356,464,3228
11.790625000000091,-1068,-2884,70,3228
11.791249999999991,-912,-2190,-64,3228
11.791875000000118,464,-112,34,3228
11.792500000000018,854,698,182,3228
11.793124999999918,1474,2456,88,3225
11.793750000000045,920,2356,172,3225
11.794374999999945,1254,2904,102,3225
11.795000000000073,-132,1344,-20,3225
11.795624999999973,-658,1200,350,3225
11.7962500000001,-842,-266,380,3225
11.796875,-1650,-1744,328,3225
11.797500000000127,-1344,-1800,384,3225
11.798125000000027,-1404,-1612,728,3225
11.798749999999927,216,-738,354,3225
11.799375000000055,396,196,398,3225
11.799999999999955,1584,1788,218,3225
11.800625000000082,1094,1692,248,3225
11.801249999999982,1496,2424,314,3225
11.80187500000011,454,952,-58,3225
11.802500000000009,498,1008,320,3225
11.803124999999909,-768,-948,234,3225
11.803750000000036,-1182,-1664,482,3225
11.804374999999936,-1466,-3122,370,3225
11.805000000000064,-1422,-3124,252,3225
11.805624999999964,-976,-2604,388,3225
11.806250000000091,54,-1428,38,3225
11.806874999999991,1308,512,62,3225
11.807500000000118,800,776,248,3225
11.808125000000018,1028,1680,260,3225
11.808749999999918,1314,2238,410,3225
11.809375000000045,768,1984,154,3225
11.809999999999945,-372,496,332,3225
11.810625000000073,-910,-606,474,3225
11.811249999999973,-1648,-1762,322,3224
11.8118750000001,-2094,-2370,238,3224
11.8125,-622,-1224,-18,3224
11.813125000000127,-374,-944,-384,3224
11.813750000000027,758,1022,18,3224
11.814374999999927,660,1268,384,3224
11.815000000000055,1654,2394,200,3224
11.815624999999955,1302,2818,342,3224
11.816250000000082,1588,3764,832,3224
11.816874999999982,512,1430,534,3224
11.81750000000011,-502,254,614,3224
11.818125000000009,-1242,-1362,304,3224
11.818749999999909,-1298,-1538,476,3224
11.819375000000036,-816,-2136,38,3224
11.819999999999936,-872,-1952,-34,3224
11.820625000000064,182,-900,70,3224
11.821249999999964,-34,-878,-116,3224
11.821875000000091,1690,1504,224,3224
11.822499999999991,1146,1222,342,3224
11.823125000000118,1820,1920,330,3224
11.823750000000018,274,844,378,3224
11.824374999999918,64,358,472,3224
11.825000000000045,-944,-1410,524,3224
11.825624999999945,-1160,-1838,418,3224
11.826250000000073,-1818,-2898,192,3224
11.826874999999973,-1100,-2504,394,3224
11.8275000000001,-468,-1882,48,3224
11.828125,-504,-1092,6,3224
11.828750000000127,904,886,188,3222
11.829375000000027,1606,1988,110,3222
11.829999999999927,1596,3208,22,3222
11.830625000000055,982,2760,-10,3222
11.831249999999955,552,2048,-62,3222
11.831875000000082,-320,1198,402,3222
11.832499999999982,-1492,-440,554,3222
11.83312500000011,-888,-882,522,3222
11.833750000000009,-1398,-1632,464,3222
11.834374999999909,-1494,-2388,566,3222
11.835000000000036,-1030,-1882,380,3222
11.835624999999936,582,82,512,3222
11.836250000000064,880,778,-76,3222
11.836874999999964,2096,2880,338,3222
11.837500000000091,1298,1672,-34,3222
11.838124999999991,1036,1970,330,3222
11.838750000000118,312,832,234,3222
11.839375000000018,-142,0,178,3222
11.839999999999918,-1142,-1764,382,3222
11.840625000000045,-1652,-2688,480,3222
11.841249999999945,-994,-2876,322,3222
11.841875000000073,-1288,-2842,150,3222
11.842499999999973,-80,-1362,246,3222
11.8431250000001,606,-214,344,3222
11.84375,1316,1068,28,3222
11.844375000000127,942,1382,92,3222
11.845000000000027,1262,2408,416,3222
11.845624999999927,374,1078,136,3222
11.846250000000055,256,1438,320,3222
11.846874999999955,-758,270,408,3220
11.847500000000082,-1258,-1408,278,3220
11.848124999999982,-1382,-1678,168,3220
11.84875000000011,-1558,-1574,-10,3220
11.849375000000009,-808,-1834,-128,3220
11.849999999999909,178,-628,-24,3220
11.850625000000036,768,1280,136,3220
11.851249999999936,1134,2038,584,3220
11.851875000000064,2052,3318,518,3220
11.852499999999964,1378,2866,394,3220
11.853125000000091,966,2528,584,3220
11.853749999999991,268,1114,816,3220
11.854375000000118,-644,-546,110,3220
11.855000000000018,-1738,-2048,656,3220
11.855624999999918,-1692,-2828,-62,3220
11.856250000000045,-776,-1930,238,3220
11.856874999999945,-696,-2018,-250,3220
11.857500000000073,688,-486,26,3220
11.858124999999973,550,-386,42,3220
11.8587500000001,1176,1176,472,3220
11.859375,1520,1678,292,3220
11.860000000000127,1770,2320,192,3220
11.860625000000027,108,698,368,3220
11.861249999999927,-384,152,758,3220
11.861875000000055,-1052,-1600,308,3220
11.862499999999955,-1820,-2812,180,3220
11.863125000000082,-1456,-2518,236,3220
11.863749999999982,-1420,-2752,64,3220
11.86437500000011,-138,-1302,206,3220
11.865000000000009,-354,-672,236,3219
11.865624999999909,1106,1398,54,3219
11.866250000000036,1366,2234,100,3219
11.866874999999936,1396,3052,-120,3219
11.867500000000064,656,2230,-54,3219
11.868124999999964,422,2114,220,3219
11.868750000000091,-766,482,352,3219
11.869374999999991,-1118,-322,712,3219
11.870000000000118,-1384,-1780,786,3219
11.870625000000018,-1360,-2148,344,3219
11.871249999999918,-620,-1178,554,3219
11.871875000000045,-446,-1216,472,3219
11.872499999999945,766,-198,-72,3219
11.873125000000073,1250,1434,262,3219
11.873749999999973,1980,2358,-212,3219
11.8743750000001,1194,1912,286,3219
11.875,1344,2182,110,3219
11.875625000000127,-144,448,518,3219
11.876250000000027,-288,-706,334,3219
11.876874999999927,-834,-1568,476,3219
11.877500000000055,-1076,-2198,462,3219
11.878124999999955,-1218,-3296,94,3219
11.878750000000082,-1142,-3034,-52,3219
11.879374999999982,0,-712,558,3219
11.88000000000011,808,160,244,3219
11.880625000000009,1790,1866,-90,3219
11.881249999999909,834,1472,44,3219
11.881875000000036,1096,2162,192,3219
11.882499999999936,526,1762,414,3219
11.883125000000064,-438,1080,426,3219
11.883749999999964,-772,116,300,3219
11.884375000000091,-1070,-956,150,3219
11.884999999999991,-1648,-2168,0,3219
11.885625000000118,-1960,-2378,88,3219
11.886250000000018,-62,-414,190,3219
11.886874999999918,196,-152,0,3219
11.887500000000045,1432,1788,278,3219
11.888124999999945,1180,2162,654,3219
11.888750000000073,1806,3060,382,3219
11.889374999999973,862,2310,698,3219
11.8900000000001,822,1812,470,3219
11.890625,-414,-92,410,3219
11.891250000000127,-940,-906,404,3219
11.891875000000027,-994,-1748,-46,3219
11.892499999999927,-1414,-2380,146,3219
11.893125000000055,-834,-2534,100,3219
11.893749999999955,-72,-1264,230,3219
11.894375000000082,896,-264,26,3219
11.894999999999982,610,170,258,3219
11.89562500000011,1590,1986,434,3219
11.896250000000009,1148,1476,198,3219
11.896874999999909,1356,1874,210,3219
11.897500000000036,-322,448,618,3219
11.898124999999936,-828,-762,492,3219
11.898750000000064,-1216,-1812,384,3219
11.899374999999964,-1662,-2476,110,3219
11.900000000000091,-746,-1776,60,3219
11.900624999999991,-576,-1476,250,3219
11.901250000000118,-64,-674,16,3218
11.901875000000018,418,622,60,3218
11.902499999999918,1334,1972,0,3218
11.903125000000045,1002,2078,-194,3218
11.903749999999945,1332,3756,240,3218
11.904375000000073,690,2478,486,3218
11.904999999999973,-92,728,178,3218
11.9056250000001,-1378,-712,582,3218
11.90625,-1658,-1392,830,3218
11.906875000000127,-872,-1622,538,3218
11.907500000000027,-1434,-2230,412,3218
11.908124999999927,48,-964,162,3218
11.908750000000055,30,-500,178,3218
11.909374999999955,1394,1202,98,3218
11.910000000000082,1178,1382,-120,3218
11.910624999999982,1602,2136,168,3218
11.91125000000011,560,848,100,3218
11.911875000000009,570,1294,524,3218
11.912499999999909,-810,-1166,456,3218
11.913125000000036,-904,-1670,478,3218
11.913749999999936,-1482,-2684,404,3218
11.914375000000064,-940,-2582,230,3218
11.914999999999964,-306,-1940,154,3218
11.915625000000091,-560,-1640,284,3218
11.916249999999991,640,62,124,3218
11.916875000000118,1530,1682,384,3218
11.917500000000018,1660,2414,-94,3218
11.918124999999918,594,1898,220,3218
11.918750000000045,706,2290,380,3217
11.919374999999945,-280,916,330,3217
11.920000000000073,-888,78,332,3217
11.920624999999973,-1418,-1304,146,3217
11.9212500000001,-1262,-1880,-212,3217
11.921875,-1046,-1452,242,3217
11.922500000000127,-1046,-1306,312,3217
11.923125000000027,774,390,216,3217
11.923749999999927,704,1168,318,3217
11.924375000000055,1908,2978,448,3217
11.924999999999955,1318,2062,460,3217
11.925625000000082,748,1794,672,3217
11.926249999999982,156,1004,298,3217
11.92687500000011,-368,344,586,3217
11.927500000000009,-838,-1362,110,3217
11.928124999999909,-1568,-2310,62,3217
11.928750000000036,-1224,-2750,124,3217
11.929374999999936,-1340,-3120,-138,3217
11.930000000000064,118,-1148,310,3217
11.930624999999964,636,-228,330,3217
11.931250000000091,1822,976,118,3217
11.931874999999991,718,754,226,3217
11.932500000000118,1508,2494,478,3217
11.933125000000018,80,690,608,3217
11.933749999999918,-24,98,162,3217
11.934375000000045,-992,-770,404,3217
11.934999999999945,-1402,-1748,530,3217
11.935625000000073,-1052,-2026,94,3217
11.936249999999973,-1436,-2146,148,3217
11.9368750000001,-534,-1344,176,3219
11.9375,748,-30,76,3219
11.938125000000127,994,1376,-38,3219
11.938750000000027,534,1654,-76,3219
11.939374999999927,2032,3472,-218,3219
11.940000000000055,1052,2816,202,3219
11.940624999999955,322,2292,402,3219
11.941250000000082,-326,910,688,3219
11.941874999999982,-1100,-700,604,3219
11.94250000000011,-1530,-1760,580,3219
11.943125000000009,-1814,-2380,520,3219
11.943749999999909,-298,-1240,686,3219
11.944375000000036,-172,-984,-138,3219
11.944999999999936,740,226,282,3219
11.945625000000064,844,322,-176,3219
11.946249999999964,1342,1758,154,3219
11.946875000000091,1088,1538,-106,3219
11.947499999999991,1422,2244,270,3219
11.948125000000118,-72,-30,414,3219
11.948750000000018,-726,-856,648,3219
11.949374999999918,-1292,-2376,420,3219
11.950000000000045,-1740,-3446,142,3219
11.950624999999945,-1124,-2420,414,3219
11.951250000000073,-840,-2196,382,3219
11.951874999999973,684,-704,-86,3219
11.9525000000001,626,128,112,3219
11.953125,1328,1816,156,3219
11.953750000000127,1298,2028,136,3219
11.954375000000027,1258,2692,274,3232
11.954999999999927,282,1808,422,3232
11.955625000000055,-210,832,388,3232
11.956249999999955,-1290,-696,190,3232
11.956875000000082,-1464,-920,84,3232
11.957499999999982,-1138,-1570,10,3232
11.95812500000011,-1034,-1940,86,3232
11.958750000000009,-262,-440,176,3232
11.959374999999909,-62,196,560,3232
11.960000000000036,1504,1664,434,3232
11.960624999999936,1698,2360,204,3232
11.961250000000064,1510,3132,676,3232
11.961874999999964,1040,1976,684,3232
11.962500000000091,692,1486,198,3232
11.963124999999991,-972,-508,530,3232
11.963750000000118,-1040,-1434,46,3232
11.964375000000018,-1240,-2232,374,3232
11.964999999999918,-1382,-2826,-114,3232
11.965625000000045,-880,-2588,148,3232
11.966249999999945,-216,-1900,-46,3232
11.966875000000073,708,10,376,3232
11.967499999999973,1142,702,222,3232
11.9681250000001,2188,2362,30,3232
11.96875,770,1308,272,3232
11.969375000000127,384,1204,652,3232
11.970000000000027,-160,128,386,3232
11.970624999999927,-1050,-1004,384,3232
11.971250000000055,-1354,-1748,320,3232
11.971874999999955,-1390,-2328,112,3232
11.972500000000082,-1016,-2240,266,3232
11.973124999999982,-1328,-2186,124,3232
11.97375000000011,374,-56,-32,3232
11.974375000000009,888,944,-56,3232
11.974999999999909,1940,3380,-50,3232
11.975625000000036,1054,2504,-10,3232
11.976249999999936,1104,2828,228,3232
11.976875000000064,204,1768,250,3232
11.977499999999964,-224,1212,700,3232
11.978125000000091,-988,-736,720,3232
11.978749999999991,-1508,-1750,396,3232
11.979375000000118,-1076,-1306,766,3232
11.980000000000018,-1060,-1880,332,3232
11.980624999999918,-88,-1330,154,3232
11.981250000000045,742,252,220,3232
11.981874999999945,1452,1394,-186,3232
11.982500000000073,1046,1192,190,3232
11.983124999999973,1904,2586,-10,3232
11.9837500000001,744,1486,446,3232
11.984375,740,902,200,3232
11.985000000000127,-686,-864,558,3232
11.985625000000027,-1084,-1990,436,3232
11.986249999999927,-1560,-3164,290,3232
11.986875000000055,-1554,-3354,38,3232
11.987499999999955,-600,-1678,524,3232
11.988125000000082,92,-972,320,3232
11.988749999999982,960,174,-16,3232
11.98937500000011,996,978,-66,3232
11.990000000000009,1342,2340,194,3232
11.990624999999909,1008,2110,244,3232
11.991250000000036,552,2364,204,3236
11.991874999999936,-160,1348,316,3236
11.992500000000064,-534,112,168,3236
11.993124999999964,-1590,-1644,16,3236
11.993750000000091,-2232,-2180,274,3236
11.994374999999991,-790,-1284,274,3236
11.995000000000118,-476,-1230,-74,3236
11.995625000000018,554,390,298,3236
11.996249999999918,704,1142,554,3236
11.996875000000045,1750,2450,418,3236
11.997499999999945,1410,2624,596,3236
11.998125000000073,1748,3124,430,3236
11.998749999999973,370,1194,340,3236
11.9993750000001,58,744,540,3236
12.0,-1108,-1524,-54,3236
12.000625000000127,-1386,-1964,190,3236
12.001250000000027,-1286,-2812,128,3236
12.001874999999927,-1158,-2612,338,3236
12.002500000000055,-84,-1732,138,3236
12.003124999999955,-20,-1038,344,3236
12.003750000000082,1060,730,272,3236
12.004374999999982,1424,1364,254,3236
12.00500000000011,1804,2242,130,3236
12.005625000000009,404,1218,374,3236
12.006249999999909,390,1404,586,3236
12.006875000000036,-670,-362,450,3236
12.007499999999936,-884,-1024,56,3236
12.008125000000064,-1592,-2172,338,3236
12.008749999999964,-1468,-2550,232,3236
12.009375000000091,-906,-1924,102,3234
12.009999999999991,-738,-1162,144,3234
12.010625000000118,718,724,-34,3234
12.011250000000018,994,1362,-398,3234
12.011874999999918,1578,3264,124,3234
12.012500000000045,1536,3334,392,3234
12.013124999999945,890,2444,336,3234
12.013750000000073,-354,948,500,3234
12.014374999999973,-586,616,934,3234
12.0150000000001,-568,-744,520,3234
12.015625,-1550,-1844,598,3234
12.016250000000127,-1408,-2576,280,3234
12.016875000000027,-1312,-2320,268,3234
12.017499999999927,296,-884,24,3234
12.018125000000055,392,-140,-272,3234
12.018749999999955,2040,2174,-64,3234
12.019375000000082,1478,1728,42,3234
12.019999999999982,1466,2382,502,3234
12.02062500000011,426,772,550,3234
12.021250000000009,526,370,474,3234
12.021874999999909,-1032,-1244,386,3234
12.022500000000036,-1166,-1928,448,3234
12.023124999999936,-1400,-3060,426,3234
12.023750000000064,-1378,-2930,56,3234
12.024374999999964,-616,-1726,252,3234
12.025000000000091,220,-954,216,3234
12.025624999999991,950,530,-98,3234
12.026250000000118,586,1090,192,3234
12.026875000000018,1396,2690,246,3233
12.027499999999918,1160,2762,276,3233
12.028125000000045,294,2074,158,3233
12.028749999999945,-582,566,158,3233
12.029375000000073,-960,-414,-50,3233
12.029999999999973,-1606,-1298,448,3233
12.0306250000001,-1984,-2118,398,3233
12.03125,-664,-1542,416,3233
12.031875000000127,-516,-1056,222,3233
12.032500000000027,744,486,364,3233
12.033124999999927,768,722,354,3233
12.033750000000055,1860,2760,490,3233
12.034374999999955,1354,2318,96,3233
12.035000000000082,1602,2936,542,3233
12.035624999999982,374,898,148,3233
12.03625000000011,-598,-314,320,3233
12.036875000000009,-974,-1646,110,3233
12.037499999999909,-1440,-2484,22,3233
12.038125000000036,-1114,-2656,320,3233
12.038749999999936,-848,-2076,308,3233
12.039375000000064,400,-1344,144,3233
12.039999999999964,182,-866,18,3233
12.040625000000091,1176,1254,352,3233
12.041249999999991,1016,1200,454,3233
12.041875000000118,1488,2102,184,3233
12.042500000000018,718,1880,302,3233
12.043124999999918,-94,778,612,3233
12.043750000000045,-970,-804,292,3233
12.044374999999945,-1696,-1640,366,3246
12.045000000000073,-1684,-2210,384,3246
12.045624999999973,-1264,-2482,116,3246
12.0462500000001,-610,-1406,-50,3246
12.046875,-348,-334,-72,3246
12.047500000000127,1170,1216,-248,3246
12.048125000000027,1514,2246,126,3246
12.048749999999927,1726,3702,162,3246
12.049375000000055,1004,2696,662,3246
12.049999999999955,682,1920,586,3246
12.050625000000082,-460,558,492,3246
12.051249999999982,-1022,-414,792,3246
12.05187500000011,-654,-1238,698,3246
12.052500000000009,-1512,-2440,16,3246
12.053124999999909,-992,-2280,412,3246
12.053750000000036,-630,-1858,-264,3246
12.054374999999936,798,272,202,3246
12.055000000000064,1000,704,-160,3246
12.055624999999964,2124,2368,-64,3246
12.056250000000091,1014,1198,270,3246
12.056874999999991,784,1352,642,3246
12.057500000000118,178,6,284,3246
12.058125000000018,-154,-488,304,3246
12.058749999999918,-1444,-1940,536,3246
12.059375000000045,-1484,-2378,570,3246
12.059999999999945,-712,-2452,106,3246
12.060625000000073,-1106,-2500,128,3246
12.061249999999973,-220,-1250,168,3246
12.0618750000001,366,-242,106,3246
12.0625,1438,1866,26,3246
12.063125000000127,1036,2202,208,3243
12.063750000000027,1006,2476,158,3243
12.064374999999927,258,1584,160,3243
12.065000000000055,150,1880,202,3243
12.065624999999955,-960,102,166,3243
12.066250000000082,-1412,-1484,146,3243
12.066874999999982,-1574,-1834,224,3243
12.06750000000011,-1544,-1714,650,3243
12.068125000000009,-472,-1644,486,3243
12.068749999999909,184,-496,138,3243
12.069375000000036,1218,1694,604,3243
12.069999999999936,1526,1862,464,3243
12.070625000000064,1696,2374,66,3243
12.071249999999964,882,2164,582,3243
12.071875000000091,798,1538,60,3243
12.072499999999991,-242,14,314,3243
12.073125000000118,-736,-1270,-68,3243
12.073750000000018,-1716,-2900,362,3243
12.074374999999918,-1256,-2898,138,3243
12.075000000000045,-430,-1738,416,3243
12.075624999999945,-284,-1640,206,3243
12.076250000000073,1186,-128,-16,3243
12.076874999999973,588,-18,52,3243
12.0775000000001,1334,2196,538,3243
12.078125,1278,2038,334,3243
12.078750000000127,1136,2240,206,3243
12.079375000000027,-278,684,202,3243
12.079999999999927,-554,156,376,3243
12.080625000000055,-1368,-1518,452,3257
12.081249999999955,-1940,-2168,270,3257
12.081875000000082,-1212,-1904,152,3257
12.082499999999982,-430,-1162,82,3257
12.08312500000011,364,4,-278,3257
12.083750000000009,102,392,-122,3257
12.084374999999909,1634,2450,64,3257
12.085000000000036,1590,2850,92,3257
12.085624999999936,1614,3456,508,3257
12.086250000000064,482,2136,872,3257
12.086874999999964,102,984,486,3257
12.087500000000091,-944,-274,802,3257
12.088124999999991,-930,-1044,538,3257
12.088750000000118,-1704,-2896,262,3257
12.089375000000018,-1146,-2186,286,3257
12.089999999999918,-452,-1842,-248,3257
12.090625000000045,-206,-1278,-40,3257
12.091249999999945,1032,448,-12,3257
12.091875000000073,1198,1232,256,3257
12.092499999999973,1982,2280,192,3257
12.0931250000001,804,1088,358,3257
12.09375,332,720,642,3257
12.094375000000127,-400,-430,332,3257
12.095000000000027,-948,-1450,286,3257
12.095624999999927,-1282,-2020,502,3257
12.096250000000055,-1232,-2358,384,3257
12.096874999999955,-1000,-2708,198,3257
12.097500000000082,-880,-2094,-78,3257
12.098124999999982,542,110,128,3257
12.09875000000011,880,858,182,3257
12.099375000000009,1602,2702,4,3245
12.099999999999909,1018,2476,120,3245
12.100625000000036,1036,2614,40,3245
12.101249999999936,-156,1248,18,3245
12.101875000000064,-732,1142,456,3245
12.102499999999964,-868,-152,476,3245
12.103125000000091,-1566,-1902,158,3245
12.103749999999991,-1990,-2660,568,3245
12.104375000000118,-1386,-2008,560,3245
12.105000000000018,124,-730,360,3245
12.105624999999918,438,218,444,3245
12.106250000000045,1510,1666,150,3245
12.106874999999945,948,1506,312,3245
12.107500000000073,1492,2390,344,3245
12.108124999999973,514,974,-42,3245
12.1087500000001,560,960,238,3245
12.109375,-674,-828,306,3245
12.110000000000127,-1144,-1660,424,3245
12.110625000000027,-1318,-2926,284,3245
12.111249999999927,-1402,-2916,400,3245
12.111875000000055,-996,-2656,394,3245
12.112499999999955,52,-1448,104,3245
12.113125000000082,1176,264,86,3245
12.113749999999982,836,806,262,3245
12.11437500000011,1200,1848,326,3245
12.115000000000009,1228,2054,334,3245
12.115624999999909,914,2284,208,3245
12.116250000000036,-276,736,318,3245
12.116874999999936,-672,-262,292,3245
12.117500000000064,-1518,-1420,328,3242
12.118124999999964,-2006,-2098,200,3242
12.118750000000091,-656,-1272,-20,3242
12.119374999999991,-466,-1084,-308,3242
12.120000000000118,408,494,184,3242
12.120625000000018,432,858,294,3242
12.121249999999918,1528,2090,198,3242
12.121875000000045,1302,2606,386,3242
12.122499999999945,1834,3916,624,3242
12.123125000000073,812,1862,594,3242
12.123749999999973,-364,530,640,3242
12.1243750000001,-1108,-1064,374,3242
12.125,-1548,-1734,606,3242
12.125625000000127,-1074,-2392,50,3242
12.126250000000027,-1316,-2572,-114,3242
12.126874999999927,-212,-1496,80,3242
12.127500000000055,-338,-1460,-292,3242
12.128124999999955,1446,1000,156,3242
12.128750000000082,1202,1148,408,3242
12.129374999999982,1978,1966,294,3242
12.13000000000011,506,1046,338,3242
12.130625000000009,320,1034,610,3242
12.131249999999909,-714,-824,666,3242
12.131875000000036,-784,-1396,334,3242
12.132499999999936,-1792,-2418,312,3242
12.133125000000064,-1338,-2592,426,3242
12.133749999999964,-682,-2130,2,3242
12.134375000000091,-856,-1566,36,3242
12.134999999999991,382,-40,132,3243
12.135625000000118,1400,1360,68,3243
12.136250000000018,1536,2648,-122,3243
12.136874999999918,982,2698,46,3243
12.137500000000045,1398,3278,-58,3243
12.138124999999945,172,1962,270,3243
12.138750000000073,-854,604,564,3243
12.139374999999973,-808,-292,674,3243
12.1400000000001,-1220,-1298,502,3243
12.140625,-1520,-2312,544,3243
12.141250000000127,-1294,-2274,434,3243
12.141875000000027,354,-378,526,3243
12.142499999999927,556,230,-64,3243
12.143125000000055,1964,2368,278,3243
12.143749999999955,1250,1504,-102,3243
12.144375000000082,1270,2096,208,3243
12.144999999999982,784,1414,-36,3243
12.14562500000011,452,870,190,3243
12.146250000000009,-830,-1242,448,3243
12.146874999999909,-1444,-2124,656,3243
12.147500000000036,-1300,-3280,264,3243
12.148124999999936,-1672,-3690,200,3243
12.148750000000064,-602,-2030,432,3243
12.149374999999964,308,-832,306,3243
12.150000000000091,1050,338,-40,3243
12.150624999999991,760,870,184,3243
12.151250000000118,1650,2752,264,3243
12.151875000000018,806,1786,210,3243
12.152499999999918,610,1930,292,3256
12.153125000000045,-366,952,410,3256
12.153749999999945,-1000,-664,258,3256
12.154375000000073,-1304,-1264,92,3256
12.154999999999973,-1576,-1406,44,3256
12.1556250000001,-1028,-1902,-82,3256
12.15625,-324,-1136,6,3256
12.156875000000127,480,690,148,3256
12.157500000000027,694,1358,660,3256
12.158124999999927,2070,2840,412,3256
12.158750000000055,1498,2696,398,3256
12.159374999999955,1320,3044,726,3256
12.160000000000082,706,1734,740,3256
12.160624999999982,-398,40,186,3256
12.16125000000011,-1446,-1484,562,3256
12.161875000000009,-1682,-2536,-82,3256
12.162499999999909,-860,-1898,186,3256
12.163125000000036,-852,-2188,-302,3256
12.163749999999936,-288,-1872,110,3256
12.164375000000064,348,-1086,32,3256
12.164999999999964,976,732,386,3256
12.165625000000091,1332,1354,334,3256
12.166249999999991,1934,2432,198,3256
12.166875000000118,310,964,382,3256
12.167500000000018,-256,442,736,3256
12.168124999999918,-638,-880,442,3256
12.168750000000045,-1590,-2290,258,3256
12.169374999999945,-1498,-2322,192,3256
12.170000000000073,-1402,-2526,214,3256
12.170624999999973,-318,-1530,112,3256
12.1712500000001,-632,-1024,206,3255
12.171875,940,1034,-130,3255
12.172500000000127,1414,2068,-154,3255
12.173125000000027,1526,3054,-78,3255
12.173749999999927,864,2466,102,3255
12.174375000000055,588,2246,262,3255
12.174999999999955,-532,732,404,3255
12.175625000000082,-952,158,826,3255
12.176249999999982,-1328,-1520,800,3255
12.17687500000011,-1456,-2266,340,3255
12.177500000000009,-876,-1340,692,3255
12.178124999999909,-600,-1424,260,3255
12.178750000000036,512,-420,148,3255
12.179374999999936,1158,1042,184,3255
12.180000000000064,1814,2134,-170,3255
12.180624999999964,1194,1654,210,3255
12.181250000000091,1532,2270,-6,3255
12.181874999999991,52,768,422,3255
12.182500000000118,44,-192,286,3255
12.183125000000018,-684,-1216,452,3255
12.183749999999918,-1104,-2140,544,3255
12.184375000000045,-1428,-3382,286,3255
12.184999999999945,-1368,-3222,42,3255
12.185625000000073,-94,-1002,554,3255
12.186249999999973,620,-176,334,3255
12.1868750000001,1450,1276,-42,3255
12.1875,856,1316,8,3255
12.188125000000127,1168,2214,192,3255
12.188750000000027,590,1778,338,3255
12.189374999999927,-150,1396,250,3245
12.190000000000055,-544,494,148,3245
12.190624999999955,-856,-558,142,3245
12.191250000000082,-1732,-2190,0,3245
12.191874999999982,-2242,-2522,164,3245
12.19250000000011,-448,-1078,186,3245
12.193125000000009,44,-524,-14,3245
12.193749999999909,1106,1452,476,3245
12.194375000000036,1216,1866,484,3245
12.194999999999936,1824,2828,532,3245
12.195625000000064,1214,2504,608,3245
12.196249999999964,1260,2624,510,3245
12.196875000000091,-66,554,406,3245
12.197499999999991,-544,-232,470,3245
12.198125000000118,-1312,-2038,-114,3245
12.198750000000018,-1564,-2406,118,3245
12.199374999999918,-976,-2636,2,3245
12.200000000000045,-562,-1978,176,3245
12.200624999999945,436,-1012,96,3245
12.201250000000073,270,-434,298,3245
12.201874999999973,1488,1492,366,3245
12.2025000000001,1304,1544,360,3245
12.203125,1620,2110,118,3245
12.203750000000127,0,860,600,3245
12.204375000000027,-184,230,550,3245
12.204999999999927,-1056,-1338,330,3245
12.205625000000055,-1326,-1846,144,3245
12.206249999999955,-1590,-2554,296,3245
12.206875000000082,-1154,-2342,192,3245
12.207499999999982,-516,-1382,40,3244
12.20812500000011,-164,-394,-78,3244
12.208750000000009,980,1304,-76,3244
12.209374999999909,1118,1812,-292,3244
12.210000000000036,1484,3520,146,3244
12.210624999999936,1350,3270,404,3244
12.211250000000064,454,1870,380,3244
12.211874999999964,-822,258,584,3244
12.212500000000091,-1050,-246,904,3244
12.213124999999991,-748,-1132,564,3244
12.213750000000118,-1552,-2000,540,3244
12.214375000000018,-1228,-2298,336,3244
12.214999999999918,-936,-1916,290,3244
12.215625000000045,554,-244,80,3244
12.216249999999945,750,482,-286,3244
12.216875000000073,2170,2600,-98,3244
12.217499999999973,1468,1820,-142,3244
12.2181250000001,1152,2118,590,3244
12.21875,-122,6,622,3244
12.219375000000127,122,-438,384,3244
12.220000000000027,-1260,-1716,496,3244
12.220624999999927,-1374,-2376,492,3244
12.221250000000055,-1110,-3008,328,3244
12.221874999999955,-1144,-2632,128,3244
12.222500000000082,-302,-1290,152,3244
12.223124999999982,624,-276,174,3244
12.22375000000011,1162,1070,8,3244
12.224375000000009,704,1274,98,3244
12.224999999999909,1216,2714,390,3231
12.225625000000036,894,2386,270,3231
12.226249999999936,0,1532,20,3231
12.226875000000064,-758,166,130,3231
12.227499999999964,-1086,-832,-84,3231
12.228125000000091,-1580,-1632,262,3231
12.228749999999991,-1818,-2110,436,3231
12.229375000000118,-370,-1286,400,3231
12.230000000000018,-232,-610,224,3231
12.230624999999918,1142,1170,476,3231
12.231250000000045,1012,1154,440,3231
12.231874999999945,1796,2896,526,3231
12.232500000000073,1110,2218,188,3231
12.233124999999973,1328,2754,576,3231
12.2337500000001,44,464,100,3231
12.234375,-808,-684,200,3231
12.235000000000127,-1272,-2138,58,3231
12.235625000000027,-1698,-3014,-116,3231
12.236249999999927,-970,-2510,386,3231
12.236875000000055,-688,-1962,358,3231
12.237499999999955,794,-870,122,3231
12.238125000000082,498,-360,126,3231
12.238749999999982,1278,1604,398,3231
12.23937500000011,1026,1412,556,3231
12.240000000000009,1432,2182,192,3231
12.240624999999909,348,1472,288,3231
12.241250000000036,-386,388,642,3231
12.241874999999936,-1210,-1218,378,3231
12.242500000000064,-1670,-1984,194,3246
12.243124999999964,-1200,-1552,424,3246
12.243750000000091,-856,-1960,-18,3246
12.244374999999991,-84,-810,-262,3246
12.245000000000118,-220,14,0,3246
12.245625000000018,1164,1456,-214,3246
12.246249999999918,1728,2558,52,3246
12.246875000000045,1408,3566,390,3246
12.247499999999945,824,2572,674,3246
12.248125000000073,482,1834,634,3246
12.248749999999973,-898,-144,582,3246
12.2493750000001,-1418,-1092,694,3246
12.25,-758,-1580,684,3246
12.250625000000127,-1410,-2490,58,3246
12.251250000000027,-726,-2040,388,3246
12.251874999999927,-340,-1386,-182,3246
12.252500000000055,1170,772,94,3246
12.253124999999955,1216,1088,-244,3246
12.253750000000082,2034,2378,-110,3246
12.254374999999982,962,1362,356,3246
12.25500000000011,350,718,576,3246
12.255625000000009,-512,-834,398,3246
12.256249999999909,-952,-1526,530,3246
12.256875000000036,-1180,-2032,328,3246
12.257499999999936,-1154,-2240,512,3246
12.258125000000064,-688,-2518,208,3246
12.258749999999964,-656,-2168,-136,3246
12.259375000000091,410,46,322,3246
12.259999999999991,964,742,84,3246
12.260625000000118,1780,2904,40,3246
12.261250000000018,1284,3022,382,3247
12.261874999999918,672,2142,112,3247
12.262500000000045,-130,1296,130,3247
12.263124999999945,-972,574,388,3247
12.263750000000073,-1072,-792,16,3247
12.264374999999973,-1684,-2206,88,3247
12.2650000000001,-1212,-1800,284,3247
12.265625,-918,-1054,584,3247
12.266250000000127,498,26,430,3247
12.266875000000027,1122,1042,206,3247
12.267499999999927,1296,2208,596,3247
12.268125000000055,1294,1824,566,3247
12.268749999999955,1502,2520,248,3247
12.269375000000082,-44,956,576,3247
12.269999999999982,-144,136,58,3247
12.27062500000011,-952,-1300,368,3247
12.271250000000009,-1498,-2612,-188,3247
12.271874999999909,-1500,-3250,174,3247
12.272500000000036,-1092,-2912,58,3247
12.273124999999936,-98,-1412,360,3247
12.273750000000064,664,-320,306,3247
12.274374999999964,1608,1022,64,3247
12.275000000000091,1198,1280,0,3247
12.275624999999991,822,2108,806,3247
12.276250000000118,422,966,370,3247
12.276875000000018,260,714,212,3247
12.277499999999918,-758,-374,340,3247
12.278125000000045,-910,-1114,232,3247
12.278749999999945,-1314,-2192,300,3247
12.279375000000073,-1868,-2552,336,3246
12.279999999999973,-204,-888,-130,3246
12.2806250000001,448,124,-68,3246
12.28125,1334,1882,-46,3246
12.281875000000127,1344,2444,-108,3246
12.282500000000027,1334,2836,114,3246
12.283124999999927,854,2558,288,3246
12.283750000000055,432,2348,680,3246
12.284374999999955,-802,52,778,3246
12.285000000000082,-1306,-1188,538,3246
12.285624999999982,-1558,-2058,684,3246
12.28625000000011,-1308,-2084,596,3246
12.286875000000009,-520,-1768,232,3246
12.287499999999909,-66,-938,204,3246
12.288125000000036,998,534,-158,3246
12.288749999999936,826,748,-22,3246
12.289375000000064,1840,2152,-220,3246
12.289999999999964,988,1764,444,3246
12.290625000000091,880,1080,308,3246
12.291249999999991,-340,-474,412,3246
12.291875000000118,-920,-1344,748,3246
12.292500000000018,-1644,-3180,302,3246
12.293124999999918,-1488,-3088,-26,3246
12.293750000000045,-1140,-2552,574,3246
12.294374999999945,-322,-1710,232,3246
12.295000000000073,848,-208,-80,3246
12.295624999999973,614,446,102,3246
12.2962500000001,1294,2182,246,3246
12.296875,996,2036,364,3246
12.297500000000127,914,2640,236,3236
12.298125000000027,96,1796,46,3236
12.298749999999927,-462,462,102,3236
12.299375000000055,-1388,-1210,52,3236
12.299999999999955,-2084,-1848,146,3236
12.300625000000082,-818,-1220,290,3236
12.301249999999982,-630,-1276,112,3236
12.30187500000011,12,-396,280,3236
12.302500000000009,366,490,554,3236
12.303124999999909,1660,2146,422,3236
12.303750000000036,1342,2264,474,3236
12.304374999999936,1910,3266,436,3236
12.305000000000064,462,1420,512,3236
12.305624999999964,4,720,530,3236
12.306250000000091,-1088,-1402,60,3236
12.306874999999991,-1292,-1844,180,3236
12.307500000000118,-1202,-2592,2,3236
12.308125000000018,-1514,-2946,266,3236
12.308749999999918,-64,-1818,150,3236
12.309375000000045,-66,-1216,206,3236
12.309999999999945,960,554,366,3236
12.310625000000073,1480,1326,156,3236
12.311249999999973,1648,2060,14,3236
12.3118750000001,372,1238,622,3236
12.3125,506,1316,468,3236
12.313125000000127,-738,-426,482,3236
12.313750000000027,-1118,-1106,290,3236
12.314374999999927,-1420,-2084,248,3236
12.315000000000055,-1440,-2500,320,3236
12.315624999999955,-992,-2052,86,3234
12.316250000000082,-650,-1112,-140,3234
12.316874999999982,1052,836,-128,3234
12.31750000000011,1266,1820,-276,3234
12.318125000000009,1550,3422,138,3234
12.318749999999909,1468,3274,368,3234
12.319375000000036,730,2214,260,3234
12.319999999999936,-594,660,438,3234
12.320625000000064,-538,546,936,3234
12.321249999999964,-608,-814,566,3234
12.321875000000091,-1500,-1876,492,3234
12.322499999999991,-1096,-2204,388,3234
12.323125000000118,-994,-1984,320,3234
12.323750000000018,412,-456,156,3234
12.324374999999918,634,188,-234,3234
12.325000000000045,2100,2404,-18,3234
12.325624999999945,1426,1792,-132,3234
12.326250000000073,1308,2252,492,3234
12.326874999999973,150,254,366,3234
12.3275000000001,70,-106,556,3234
12.328125,-1072,-1496,402,3234
12.328750000000127,-1294,-2246,408,3234
12.329375000000027,-1132,-2992,258,3234
12.329999999999927,-1218,-2650,272,3234
12.330625000000055,-160,-1200,136,3234
12.331249999999955,638,-158,232,3234
12.331875000000082,1170,1152,50,3234
12.332499999999982,582,1228,164,3234
12.33312500000011,1342,2828,284,3233
12.333750000000009,826,2384,278,3233
12.334374999999909,42,1604,-24,3233
12.335000000000036,-842,126,256,3233
12.335624999999936,-1062,-884,-34,3233
12.336250000000064,-1644,-1754,190,3233
12.336874999999964,-1764,-2012,380,3233
12.337500000000091,-488,-1452,302,3233
12.338124999999991,90,-286,182,3233
12.338750000000118,1072,1236,480,3233
12.339375000000018,1278,1480,384,3233
12.339999999999918,1282,2316,674,3233
12.340625000000045,932,1776,282,3233
12.341249999999945,1270,2658,650,3233
12.341875000000073,166,492,128,3233
12.342499999999973,-808,-712,188,3233
12.3431250000001,-1386,-2376,-16,3233
12.34375,-1782,-3342,-192,3233
12.344375000000127,-880,-2474,432,3233
12.345000000000027,-484,-1786,298,3233
12.345624999999927,1258,-128,26,3233
12.346250000000055,784,168,128,3233
12.346874999999955,1370,1916,356,3233
12.347500000000082,1052,1588,534,3233
12.348124999999982,1298,2050,148,3233
12.34875000000011,0,912,324,3233
12.349375000000009,-450,38,606,3233
12.349999999999909,-1314,-1714,284,3233
12.350625000000036,-1532,-1856,274,3249
12.351249999999936,-1204,-1630,448,3249
12.351875000000064,-952,-2174,50,3249
12.352499999999964,14,-668,-248,3249
12.353125000000091,-220,150,8,3249
12.353749999999991,1372,1846,-248,3249
12.354375000000118,1676,2750,6,3249
12.355000000000018,986,2848,312,3249
12.355624999999918,654,2180,704,3249
12.356250000000045,512,1906,618,3249
12.356874999999945,-880,-114,606,3249
12.357500000000073,-1330,-1074,764,3249
12.358124999999973,-1002,-1846,716,3249
12.3587500000001,-1290,-2314,58,3249
12.359375,-738,-2128,340,3249
12.360000000000127,-332,-1416,-202,3249
12.360625000000027,1110,930,152,3249
12.361249999999927,1188,988,-312,3249
12.361875000000055,2116,2432,0,3249
12.362499999999955,1104,1504,362,3249
12.363125000000082,492,970,514,3249
12.363749999999982,-352,-576,362,3249
12.36437500000011,-654,-1258,444,3249
12.365000000000009,-1234,-1970,348,3249
12.365624999999909,-1242,-2194,542,3249
12.366250000000036,-832,-2644,202,3249
12.366874999999936,-946,-2476,28,3249
12.367500000000064,350,-364,216,3249
12.368124999999964,750,498,122,3249
12.368750000000091,1810,2720,104,3260
12.369374999999991,1326,2918,302,3260
12.370000000000118,886,2432,172,3260
12.370625000000018,32,1518,40,3260
12.371249999999918,-624,1036,334,3260
12.371875000000045,-1232,-720,124,3260
12.372499999999945,-1738,-2142,22,3260
12.373125000000073,-1462,-1998,332,3260
12.373749999999973,-1140,-1312,596,3260
12.3743750000001,58,-542,482,3260
12.375,574,180,184,3260
12.375625000000127,1456,2350,614,3260
12.376250000000027,1334,1798,498,3260
12.376874999999927,1618,2546,274,3260
12.377500000000055,296,1354,534,3260
12.378124999999955,128,576,104,3260
12.378750000000082,-698,-826,468,3260
12.379374999999982,-1368,-2264,-108,3260
12.38000000000011,-1590,-3090,194,3260
12.380625000000009,-1200,-2852,130,3260
12.381249999999909,-188,-1854,212,3260
12.381875000000036,582,-658,130,3260
12.382499999999936,1416,792,92,3260
12.383125000000064,1074,1032,88,3260
12.383749999999964,1008,2034,674,3260
12.384375000000091,738,1272,448,3260
12.384999999999991,722,1368,116,3260
12.385625000000118,-442,320,304,3260
12.386250000000018,-752,-642,312,3260
12.386874999999918,-1418,-2040,358,3260
12.387500000000045,-2112,-2708,280,3245
12.388124999999945,-604,-1270,12,3245
12.388750000000073,122,-454,-196,3245
12.389374999999973,914,1014,-80,3245
12.3900000000001,1084,1832,-128,3245
12.390625,1380,2664,34,3245
12.391250000000127,1308,2932,206,3245
12.391875000000027,826,2978,732,3245
12.392499999999927,-200,900,760,3245
12.393125000000055,-816,-352,618,3245
12.393749999999955,-1544,-1664,868,3245
12.394375000000082,-1338,-1998,430,3245
12.394999999999982,-822,-2102,280,3245
12.39562500000011,-610,-1668,234,3245
12.396250000000009,484,-360,-272,3245
12.396874999999909,344,60,74,3245
12.397500000000036,1728,1742,-196,3245
12.398124999999936,1288,1838,326,3245
12.398750000000064,1382,1684,212,3245
12.399374999999964,94,190,372,3245
12.400000000000091,-472,-440,704,3245
12.400624999999991,-1252,-2230,388,3245
12.401250000000118,-1354,-2584,66,3245
12.401875000000018,-1578,-2840,662,3245
12.402499999999918,-632,-2170,320,3245
12.403125000000045,64,-1338,-34,3245
12.403749999999945,118,-570,-16,3245
12.404375000000073,1192,1544,160,3245
12.404999999999973,1110,1718,236,3245
12.4056250000001,1320,2934,202,3246
12.40625,698,2574,118,3246
12.406875000000127,196,1474,56,3246
12.407500000000027,-1072,-320,36,3246
12.408124999999927,-1782,-896,264,3246
12.408750000000055,-970,-1114,252,3246
12.409374999999955,-1146,-1670,204,3246
12.410000000000082,-840,-1570,384,3246
12.410624999999982,-396,-704,610,3246
12.41125000000011,1308,1092,418,3246
12.411875000000009,1110,1636,444,3246
12.412499999999909,2128,3248,338,3246
12.413125000000036,1350,2340,438,3246
12.413749999999936,638,1704,418,3246
12.414375000000064,-502,-396,4,3246
12.414999999999964,-632,-766,192,3246
12.415625000000091,-1204,-2200,82,3246
12.416249999999991,-1640,-2798,290,3246
12.416875000000118,-784,-2790,244,3246
12.417500000000018,-598,-2168,126,3246
12.418124999999918,250,-564,336,3246
12.418750000000045,1258,746,330,3246
12.419374999999945,1738,1752,0,3246
12.420000000000073,644,1272,414,3246
12.420624999999973,1096,2282,614,3246
12.4212500000001,38,792,384,3246
12.421875,-420,116,244,3246
12.422500000000127,-1176,-1222,346,3246
12.423125000000027,-1484,-2134,314,3246
12.423749999999927,-1488,-2428,200,3243
12.424375000000055,-1354,-1916,-16,3243
12.424999999999955,186,-618,-214,3243
12.425625000000082,770,716,-388,3243
12.426249999999982,1350,2650,86,3243
12.42687500000011,1468,2898,284,3243
12.427500000000009,1276,2746,380,3243
12.428124999999909,178,1606,406,3243
12.428750000000036,442,2048,870,3243
12.429374999999936,-204,140,624,3243
12.430000000000064,-1380,-1460,536,3243
12.430624999999964,-1380,-2234,382,3243
12.431250000000091,-1600,-2432,392,3243
12.431874999999991,-156,-1458,80,3243
12.432500000000118,-28,-826,-168,3243
12.433125000000018,1464,1194,50,3243
12.433749999999918,1376,1140,-256,3243
12.434375000000045,1532,2214,364,3243
12.434999999999945,854,1362,468,3243
12.435625000000073,772,840,386,3243
12.436249999999973,-736,-704,356,3243
12.4368750000001,-954,-1280,688,3243
12.4375,-1496,-3018,340,3243
12.438125000000127,-1514,-2924,248,3243
12.438750000000027,-764,-2006,236,3243
12.439374999999927,-336,-1600,252,3243
12.440000000000055,1012,432,58,3243
12.440624999999955,466,774,158,3258
12.441250000000082,1288,2378,214,3258
12.441874999999982,1438,2830,258,3258
12.44250000000011,542,2224,34,3258
12.443125000000009,-418,840,60,3258
12.443749999999909,-484,258,0,3258
12.444375000000036,-1528,-1040,258,3258
12.444999999999936,-2006,-1978,324,3258
12.445625000000064,-820,-1602,506,3258
12.446249999999964,-770,-1392,218,3258
12.446875000000091,420,-26,408,3258
12.447499999999991,538,428,456,3258
12.448125000000118,1890,2434,480,3258
12.448750000000018,1264,2048,168,3258
12.449374999999918,1696,2990,674,3258
12.450000000000045,592,1212,114,3258
12.450624999999945,-420,2,266,3258
12.451250000000073,-1036,-1572,114,3258
12.451874999999973,-1588,-2642,-132,3258
12.4525000000001,-1092,-2600,320,3258
12.453125,-876,-2170,334,3258
12.453750000000127,222,-1700,166,3258
12.454375000000027,44,-1176,-12,3258
12.454999999999927,1052,1104,474,3258
12.455625000000055,1164,1270,402,3258
12.456249999999955,1692,2376,132,3258
12.456875000000082,768,2054,306,3258
12.457499999999982,-26,972,580,3258
12.45812500000011,-878,-626,384,3258
12.458750000000009,-1656,-1604,344,3258
12.459374999999909,-1290,-1498,408,3258
12.460000000000036,-1088,-2094,146,3258
12.460624999999936,-488,-1404,-178,3258
12.461250000000064,-560,-452,-52,3258
12.461874999999964,996,1062,-238,3258
12.462500000000091,1632,2164,-86,3258
12.463124999999991,1240,2958,194,3258
12.463750000000118,866,2522,764,3258
12.464375000000018,862,2310,570,3258
12.464999999999918,-466,472,586,3258
12.465625000000045,-1070,-534,702,3258
12.466249999999945,-872,-1422,810,3258
12.466875000000073,-1494,-2496,52,3258
12.467499999999973,-1098,-2316,564,3258
12.4681250000001,-640,-1872,-198,3258
12.46875,708,130,92,3258
12.469375000000127,926,456,-264,3258
12.470000000000027,1874,1928,-116,3258
12.470624999999927,1132,1310,196,3258
12.471250000000055,668,1268,656,3258
12.471874999999955,-20,-148,350,3258
12.472500000000082,-70,-462,314,3258
12.473124999999982,-1124,-1404,522,3258
12.47375000000011,-1114,-1856,560,3258
12.474375000000009,-996,-2702,166,3258
12.474999999999909,-1224,-2826,68,3258
12.475625000000036,46,-826,154,3258
12.476249999999936,534,76,154,3258
12.476875000000064,1598,2026,102,3270
12.477499999999964,1362,2578,304,3270
12.478125000000091,1042,2518,166,3270
12.478749999999991,318,1840,114,3270
12.479375000000118,-158,1594,130,3270
12.480000000000018,-1008,-110,136,3270
12.480624999999918,-1732,-1746,86,3270
12.481250000000045,-1856,-2204,292,3270
12.481874999999945,-1384,-1600,618,3270
12.482500000000073,-316,-946,556,3270
12.483124999999973,198,-372,206,3270
12.4837500000001,1282,1824,520,3270
12.484375,1190,1434,560,3270
12.485000000000127,1550,2182,198,3270
12.485625000000027,864,2062,540,3270
12.486249999999927,658,1250,52,3270
12.486875000000055,-356,-184,396,3270
12.487499999999955,-914,-1366,6,3270
12.488125000000082,-1736,-2818,326,3270
12.488749999999982,-1334,-3036,44,3270
12.48937500000011,-540,-2150,342,3270
12.490000000000009,-110,-1480,224,3270
12.490624999999909,1140,-228,-122,3270
12.491250000000036,522,36,134,3270
12.491874999999936,1634,2404,460,3270
12.492500000000064,1396,2092,372,3270
12.493124999999964,968,1816,186,3270
12.493750000000091,-242,628,276,3270
12.494374999999991,-712,-244,408,3270
12.495000000000118,-1152,-1222,474,3270
12.495625000000018,-1742,-1900,342,3270
12.496249999999918,-1454,-2240,76,3270
12.496875000000045,-584,-1300,-60,3270
12.497499999999945,366,-14,-310,3270
12.498125000000073,114,422,-24,3270
12.498749999999973,1280,2104,58,3270
12.4993750000001,1212,2254,64,3270
12.5,1606,3478,624,3270
12.500625000000127,702,2304,712,3270
12.501250000000027,104,1182,572,3270
12.501874999999927,-966,-338,794,3270
12.502500000000055,-1298,-1546,512,3270
12.503124999999955,-1540,-2688,422,3270
12.503750000000082,-1298,-2364,288,3270
12.504374999999982,-414,-1920,-150,3270
12.50500000000011,-244,-1270,76,3270
12.505625000000009,976,366,-64,3270
12.506249999999909,1342,1218,130,3270
12.506875000000036,1944,2270,116,3270
12.507499999999936,878,1180,346,3270
12.508125000000064,462,734,518,3270
12.508749999999964,-588,-808,336,3270
12.509375000000091,-698,-1160,136,3270
12.509999999999991,-1268,-1810,584,3270
12.510625000000118,-1416,-2620,408,3270
12.511250000000018,-890,-2752,150,3270
12.511874999999918,-906,-2100,2,3270
12.512500000000045,508,86,194,3270
12.513124999999945,930,748,156,3270
12.513750000000073,1536,2524,16,3258
12.514374999999973,998,2486,120,3258
12.5150000000001,1262,2928,40,3258
12.515625,-198,1302,-92,3258
12.516250000000127,-652,1356,522,3258
12.516875000000027,-774,-146,308,3258
12.517499999999927,-1714,-1894,176,3258
12.518125000000055,-1488,-1906,478,3258
12.518749999999955,-1360,-1760,560,3258
12.519375000000082,184,-654,320,3258
12.519999999999982,420,140,422,3258
12.52062500000011,1526,1608,192,3258
12.521250000000009,978,1502,436,3258
12.521874999999909,1534,2400,410,3258
12.522500000000036,628,1092,-48,3258
12.523124999999936,770,1304,352,3258
12.523750000000064,-558,-578,172,3258
12.524374999999964,-1076,-1438,426,3258
12.525000000000091,-1416,-2960,280,3258
12.525624999999991,-1592,-3096,374,3258
12.526250000000118,-1038,-2794,274,3258
12.526875000000018,-184,-1714,176,3258
12.527499999999918,1060,-110,0,3258
12.528125000000045,790,530,110,3258
12.528749999999945,1116,1798,372,3258
12.529375000000073,1292,2140,356,3258
12.529999999999973,1010,2344,204,3258
12.5306250000001,-108,930,410,3258
12.53125,-640,-74,314,3259
12.531875000000127,-1378,-1134,418,3259
12.532500000000027,-1908,-1954,172,3259
12.533124999999927,-858,-1354,56,3259
12.533750000000055,-496,-1186,-310,3259
12.534374999999955,250,222,96,3259
12.535000000000082,274,564,224,3259
12.535624999999982,1438,1932,162,3259
12.53625000000011,1202,2404,322,3259
12.536875000000009,1888,3862,544,3259
12.537499999999909,978,2028,490,3259
12.538125000000036,-102,954,696,3259
12.538749999999936,-994,-704,354,3259
12.539375000000064,-1462,-1462,736,3259
12.539999999999964,-1182,-2432,144,3259
12.540625000000091,-1450,-2548,2,3259
12.541249999999991,-210,-1626,86,3259
12.541875000000118,-504,-1718,-230,3259
12.542500000000018,1220,558,234,3259
12.543124999999918,1182,972,392,3259
12.543750000000045,1990,1898,158,3259
12.544374999999945,606,1166,264,3259
12.545000000000073,568,1368,528,3259
12.545624999999973,-576,-650,496,3259
12.5462500000001,-692,-1168,192,3259
12.546875,-1578,-2054,354,3259
12.547500000000127,-1332,-2510,414,3259
12.548125000000027,-800,-2230,100,3259
12.548749999999927,-1018,-1796,184,3275
12.549375000000055,110,-518,188,3275
12.549999999999955,1266,1052,150,3275
12.550625000000082,1464,2444,-54,3275
12.551249999999982,940,2550,8,3275
12.55187500000011,1468,3312,-84,3275
12.552500000000009,338,2296,320,3275
12.553124999999909,-348,1080,420,3275
12.553750000000036,-640,40,638,3275
12.554374999999936,-1234,-1156,454,3275
12.555000000000064,-1532,-2286,464,3275
12.555624999999964,-1460,-2308,448,3275
12.556250000000091,196,-682,490,3275
12.556874999999991,418,42,-56,3275
12.557500000000118,1900,2174,358,3275
12.558125000000018,1220,1312,-136,3275
12.558749999999918,1148,1962,324,3275
12.559375000000045,830,1368,96,3275
12.559999999999945,478,860,204,3275
12.560625000000073,-800,-1210,458,3275
12.561249999999973,-1280,-1966,608,3275
12.5618750000001,-1340,-3124,316,3275
12.5625,-1388,-3272,112,3275
12.563125000000127,-624,-2044,266,3275
12.563750000000027,256,-842,278,3275
12.564374999999927,1010,332,-94,3275
12.565000000000055,794,852,88,3275
12.565624999999955,1600,2542,244,3275
12.566250000000082,802,1786,254,3275
12.566874999999982,602,1936,340,3275
12.56750000000011,-388,864,470,3274
12.568125000000009,-1196,-860,354,3274
12.568749999999909,-1402,-1408,166,3274
12.569375000000036,-1724,-1620,78,3274
12.569999999999936,-740,-1526,-22,3274
12.570625000000064,-118,-968,-54,3274
12.571249999999964,528,752,40,3274
12.571875000000091,620,1404,662,3274
12.572499999999991,2112,2950,280,3274
12.573125000000118,1472,2688,310,3274
12.573750000000018,1206,2922,700,3274
12.574374999999918,584,1520,662,3274
12.575000000000045,-400,-98,234,3274
12.575624999999945,-1462,-1752,532,3274
12.576250000000073,-1594,-2568,-28,3274
12.576874999999973,-790,-1840,356,3274
12.5775000000001,-754,-2048,-144,3274
12.578125,6,-1512,32,3274
12.578750000000127,522,-610,116,3274
12.579375000000027,1112,960,336,3274
12.579999999999927,1328,1436,256,3274
12.580625000000055,1752,2330,238,3274
12.581249999999955,252,830,308,3274
12.581875000000082,-368,96,628,3274
12.582499999999982,-892,-1208,424,3274
12.58312500000011,-1728,-2596,192,3274
12.583750000000009,-1378,-2336,264,3274
12.584374999999909,-1206,-2452,176,3274
12.585000000000036,-10,-1146,88,3272
12.585624999999936,-112,-466,156,3272
12.586250000000064,1154,1604,42,3272
12.586874999999964,1478,2406,64,3272
12.587500000000091,1460,3164,-22,3272
12.588124999999991,650,2302,94,3272
12.588750000000118,128,1636,184,3272
12.589375000000018,-842,146,340,3272
12.589999999999918,-1318,-550,724,3272
12.590625000000045,-1348,-1872,656,3272
12.591249999999945,-1258,-2238,204,3272
12.591875000000073,-466,-874,706,3272
12.592499999999973,-220,-882,318,3272
12.5931250000001,1106,440,22,3272
12.59375,1244,1554,384,3272
12.594375000000127,1904,2406,-158,3272
12.595000000000027,1094,1824,264,3272
12.595624999999927,550,1098,146,3272
12.596250000000055,-596,-462,462,3272
12.596874999999955,-744,-1528,198,3272
12.597500000000082,-988,-2058,478,3272
12.598124999999982,-1082,-2378,476,3272
12.59875000000011,-930,-3116,70,3272
12.599375000000009,-674,-2508,-82,3272
12.599999999999909,362,-102,454,3272
12.600625000000036,1122,850,298,3272
12.601249999999936,1972,2552,-24,3272
12.601875000000064,826,1776,84,3272
12.602499999999964,768,1982,354,3272
12.603125000000091,-124,834,410,3272
12.603749999999991,-1108,-106,452,3276
12.604375000000118,-1134,-764,282,3276
12.605000000000018,-1230,-1522,64,3276
12.605624999999918,-1262,-2060,-48,3276
12.606250000000045,-1442,-1938,14,3276
12.606874999999945,318,8,-32,3276
12.607500000000073,896,936,24,3276
12.608124999999973,1664,2464,332,3276
12.6087500000001,974,2128,618,3276
12.609375,1600,3060,494,3276
12.610000000000127,210,1630,828,3276
12.610625000000027,98,738,518,3276
12.611249999999927,-914,-1096,474,3276
12.611875000000055,-1338,-1844,376,3276
12.612499999999955,-942,-2012,-152,3276
12.613125000000082,-1220,-2232,166,3276
12.613749999999982,-284,-1822,-34,3276
12.61437500000011,546,-372,180,3276
12.615000000000009,1464,824,70,3276
12.615624999999909,1126,1066,316,3276
12.616250000000036,1418,2132,422,3276
12.616874999999936,696,1166,304,3276
12.617500000000064,702,1020,236,3276
12.618124999999964,-862,-676,482,3276
12.618750000000091,-1100,-1644,470,3276
12.619374999999991,-1466,-2688,322,3276
12.620000000000118,-1630,-2880,70,3276
12.620625000000018,-258,-1266,192,3276
12.621249999999918,144,-528,202,3276
12.621875000000045,682,620,-6,3262
12.622499999999945,950,1762,46,3262
12.623125000000073,1280,2422,-48,3262
12.623749999999973,748,2208,-126,3262
12.6243750000001,236,2554,408,3262
12.625,-130,1152,414,3262
12.625625000000127,-990,-710,198,3262
12.626250000000027,-1914,-2062,512,3262
12.626874999999927,-1948,-2372,660,3262
12.627500000000055,-338,-1358,432,3262
12.628124999999955,-728,-1534,316,3262
12.628750000000082,1068,582,156,3262
12.629374999999982,626,712,396,3262
12.63000000000011,1958,2442,200,3262
12.630625000000009,974,1596,46,3262
12.631249999999909,974,1606,298,3262
12.631875000000036,-128,8,100,3262
12.632499999999936,-698,-734,544,3262
12.633125000000064,-1136,-2188,308,3262
12.633749999999964,-1194,-2492,382,3262
12.634375000000091,-1528,-3146,316,3262
12.634999999999991,-326,-1972,104,3262
12.635625000000118,692,-608,-56,3262
12.636250000000018,372,-50,268,3262
12.636874999999918,1454,1794,200,3262
12.637500000000045,1424,2214,448,3262
12.638124999999945,1476,2754,136,3262
12.638750000000073,116,1596,402,3262
12.639374999999973,-412,360,400,3249
12.6400000000001,-1216,-834,344,3249
12.640625,-1890,-1704,224,3249
12.641250000000127,-848,-1340,22,3249
12.641875000000027,-774,-1346,-268,3249
12.642499999999927,-316,-606,182,3249
12.643125000000055,-22,80,272,3249
12.643749999999955,1288,1564,78,3249
12.644375000000082,1224,2294,236,3249
12.644999999999982,1852,3860,600,3249
12.64562500000011,980,2048,484,3249
12.646250000000009,-116,870,732,3249
12.646874999999909,-1046,-804,412,3249
12.647500000000036,-1398,-1446,712,3249
12.648124999999936,-1118,-2432,154,3249
12.648750000000064,-1606,-2822,-28,3249
12.649374999999964,-292,-1828,118,3249
12.650000000000091,-492,-1642,-182,3249
12.650624999999991,1298,732,232,3249
12.651250000000118,1254,1120,250,3249
12.651875000000018,1884,1992,390,3249
12.652499999999918,448,976,224,3249
12.653125000000045,324,902,500,3249
12.653749999999945,-704,-1008,414,3249
12.654375000000073,-1004,-1586,234,3249
12.654999999999973,-1784,-2536,332,3249
12.6556250000001,-1160,-2522,468,3249
12.65625,-566,-2024,74,3249
12.656875000000127,-674,-1308,146,3264
12.657500000000027,752,576,202,3264
12.658124999999927,1474,1720,158,3264
12.658750000000055,1540,2974,-10,3264
12.659374999999955,748,2464,76,3264
12.660000000000082,678,2136,-106,3264
12.660624999999982,-258,1256,322,3264
12.66125000000011,-1528,-442,524,3264
12.661875000000009,-962,-956,450,3264
12.662499999999909,-1310,-1644,346,3264
12.663125000000036,-1102,-2088,408,3264
12.663749999999936,-756,-1570,348,3264
12.664375000000064,782,466,578,3264
12.664999999999964,974,940,-100,3264
12.665625000000091,2164,3126,548,3264
12.666249999999991,1226,1556,-40,3264
12.666875000000118,970,2026,320,3264
12.667500000000018,-276,-40,196,3264
12.668124999999918,-422,-686,100,3264
12.668750000000045,-1392,-2458,430,3264
12.669374999999945,-1396,-2712,456,3264
12.670000000000073,-578,-2598,208,3264
12.670624999999973,-860,-2440,-6,3264
12.6712500000001,374,-270,220,3264
12.671875,754,384,404,3264
12.672500000000127,1626,1748,-74,3264
12.673125000000027,1190,1970,146,3264
12.673749999999927,768,2026,510,3264
12.674375000000055,-292,378,312,3264
12.674999999999955,-398,256,418,3273
12.675625000000082,-1464,-1002,588,3273
12.676249999999982,-1292,-1964,244,3273
12.67687500000011,-1340,-2120,94,3273
12.677500000000009,-1328,-1550,-48,3273
12.678124999999909,546,64,-200,3273
12.678750000000036,1100,1144,-48,3273
12.679374999999936,1582,2878,138,3273
12.680000000000064,1248,2620,524,3273
12.680624999999964,1110,2506,582,3273
12.681250000000091,576,1832,418,3273
12.681874999999991,-638,444,796,3273
12.682500000000118,-536,-702,694,3273
12.683125000000018,-1342,-1914,136,3273
12.683749999999918,-1396,-2744,430,3273
12.684375000000045,-1016,-2316,-180,3273
12.684999999999945,370,-346,288,3273
12.685625000000073,600,-78,-254,3273
12.686249999999973,1972,1916,62,3273
12.6868750000001,1000,994,248,3273
12.6875,1048,1824,558,3273
12.688125000000127,312,464,410,3273
12.688750000000027,230,-14,210,3273
12.689374999999927,-1298,-1690,364,3273
12.690000000000055,-1382,-2270,462,3273
12.690624999999955,-946,-2418,162,3273
12.691250000000082,-1234,-2660,70,3273
12.691874999999982,-294,-1384,166,3273
12.69250000000011,336,-278,166,3273
12.693125000000009,1468,1880,132,3273
12.693749999999909,1104,2272,298,3257
12.694375000000036,1024,2450,218,3257
12.694999999999936,240,1726,186,3257
12.695625000000064,-64,1636,192,3257
12.696249999999964,-1048,-226,198,3257
12.696875000000091,-1544,-1744,90,3257
12.697499999999991,-1806,-2150,324,3257
12.698125000000118,-1540,-1962,534,3257
12.698750000000018,-66,-896,426,3257
12.699374999999918,386,-68,42,3257
12.700000000000045,1508,2264,546,3257
12.700624999999945,1304,1708,386,3257
12.701250000000073,1532,2328,202,3257
12.701874999999973,352,1438,608,3257
12.7025000000001,224,570,90,3257
12.703125,-614,-726,540,3257
12.703750000000127,-1306,-2062,76,3257
12.704375000000027,-1550,-3032,268,3257
12.704999999999927,-1206,-2884,72,3257
12.705625000000055,-276,-1958,330,3257
12.706249999999955,552,-624,166,3257
12.706875000000082,1356,736,56,3257
12.707499999999982,1052,980,36,3257
12.70812500000011,1016,1920,456,3257
12.708750000000009,660,1330,466,3257
12.709374999999909,456,1140,202,3257
12.710000000000036,-996,-538,262,3257
12.710624999999936,-1040,-1228,352,3257
12.711250000000064,-1420,-2174,328,3257
12.711874999999964,-1976,-2680,232,3261
12.712500000000091,-384,-1078,116,3261
12.713124999999991,264,-12,-26,3261
12.713750000000118,1224,1580,-184,3261
12.714375000000018,1256,2330,104,3261
12.714999999999918,1342,2738,52,3261
12.715625000000045,1034,2686,192,3261
12.716249999999945,498,2460,772,3261
12.716875000000073,-514,262,622,3261
12.717499999999973,-1198,-1010,402,3261
12.7181250000001,-1446,-1686,854,3261
12.71875,-1280,-2156,362,3261
12.719375000000127,-500,-1740,204,3261
12.720000000000027,-162,-1024,230,3261
12.720624999999927,962,378,-250,3261
12.721250000000055,706,652,180,3261
12.721874999999955,1894,2316,-6,3261
12.722500000000082,928,1662,374,3261
12.723124999999982,846,1168,344,3261
12.72375000000011,-468,-594,572,3261
12.724375000000009,-1010,-1690,532,3261
12.724999999999909,-1584,-3200,322,3261
12.725625000000036,-1550,-3242,-108,3261
12.726249999999936,-776,-1922,400,3261
12.726875000000064,30,-1058,354,3261
12.727499999999964,880,110,-120,3261
12.728125000000091,936,956,-34,3261
12.728749999999991,1408,2440,276,3261
12.729375000000118,962,2086,312,3261
12.730000000000018,638,2448,310,3248
12.730624999999918,-158,1382,374,3248
12.731250000000045,-528,82,26,3248
12.731874999999945,-1678,-1736,18,3248
12.732500000000073,-2222,-2130,336,3248
12.733124999999973,-678,-1294,48,3248
12.7337500000001,-314,-936,80,3248
12.734375,890,840,298,3248
12.735000000000127,844,1454,506,3248
12.735625000000027,1890,2762,330,3248
12.736249999999927,1186,2596,708,3248
12.736875000000055,1422,2704,470,3248
12.737499999999955,-8,694,492,3248
12.738125000000082,-480,-80,522,3248
12.738749999999982,-1316,-2066,-66,3248
12.73937500000011,-1530,-2350,250,3248
12.740000000000009,-1066,-2708,64,3248
12.740624999999909,-402,-1856,184,3248
12.741250000000036,570,-704,144,3248
12.741874999999936,420,-206,258,3248
12.742500000000064,1528,1650,280,3248
12.743124999999964,1228,1424,272,3248
12.743750000000091,1270,1758,86,3248
12.744374999999991,-166,570,454,3248
12.745000000000118,-690,-462,610,3248
12.745625000000018,-1232,-1804,322,3248
12.746249999999918,-1678,-2526,122,3248
12.746875000000045,-846,-1846,288,3248
12.747499999999945,-640,-1584,268,3248
12.748125000000073,-186,-946,34,3244
12.748749999999973,504,704,46,3244
12.7493750000001,1326,1972,-212,3244
12.75,1156,2364,-256,3244
12.750625000000127,1186,3774,344,3244
12.751250000000027,568,2254,346,3244
12.751874999999927,-388,488,352,3244
12.752500000000055,-1446,-994,540,3244
12.753124999999955,-1906,-1762,776,3244
12.753750000000082,-606,-1504,432,3244
12.754374999999982,-1494,-2286,430,3244
12.75500000000011,332,-632,132,3244
12.755625000000009,140,-100,356,3244
12.756249999999909,1678,1702,104,3244
12.756875000000036,1168,1492,-74,3244
12.757499999999936,1430,2192,314,3244
12.758125000000064,384,752,144,3244
12.758749999999964,-248,28,560,3244
12.759375000000091,-876,-1662,378,3244
12.759999999999991,-828,-1892,420,3244
12.760625000000118,-1856,-3312,328,3244
12.761250000000018,-806,-2418,230,3244
12.761874999999918,152,-1410,50,3244
12.762500000000045,90,-840,106,3244
12.763124999999945,1222,1168,226,3244
12.763750000000073,1568,1998,250,3244
12.764374999999973,1618,2856,128,3244
12.7650000000001,384,1772,398,3244
12.765625,-42,850,320,3247
12.766250000000127,-936,-148,422,3247
12.766875000000027,-1698,-1222,312,3247
12.767499999999927,-882,-1264,-112,3247
12.768125000000055,-908,-1450,-228,3247
12.768749999999955,-338,-640,222,3247
12.769375000000082,-190,-240,104,3247
12.769999999999982,1254,1512,300,3247
12.77062500000011,1264,2212,260,3247
12.771250000000009,1968,3840,502,3247
12.771874999999909,1122,2112,546,3247
12.772500000000036,-106,952,648,3247
12.773124999999936,-792,-480,378,3247
12.773750000000064,-1268,-1138,742,3247
12.774374999999964,-1112,-2346,78,3247
12.775000000000091,-1254,-2442,-34,3247
12.775624999999991,-294,-1580,174,3247
12.776250000000118,-516,-1648,-228,3247
12.776875000000018,1290,658,234,3247
12.777499999999918,1134,930,334,3247
12.778125000000045,1942,2010,278,3247
12.778749999999945,584,1108,238,3247
12.779375000000073,412,1084,520,3247
12.779999999999973,-764,-940,374,3247
12.7806250000001,-906,-1424,286,3247
12.78125,-1844,-2548,360,3247
12.781875000000127,-1246,-2622,368,3247
12.782500000000027,-716,-2258,96,3247
12.783124999999927,-742,-1382,146,3259
12.783750000000055,718,436,102,3259
12.784374999999955,1580,1852,208,3259
12.785000000000082,1640,3220,24,3259
12.785624999999982,614,2214,-46,3259
12.78625000000011,642,1982,-60,3259
12.786875000000009,-178,1458,452,3259
12.787499999999909,-1434,-348,374,3259
12.788125000000036,-960,-838,572,3259
12.788749999999936,-1320,-1662,370,3259
12.789375000000064,-1278,-2354,368,3259
12.789999999999964,-896,-1666,440,3259
12.790625000000091,740,400,512,3259
12.791249999999991,956,908,-44,3259
12.791875000000118,2176,3008,528,3259
12.792500000000018,1280,1658,0,3259
12.793124999999918,1012,2028,258,3259
12.793750000000045,-142,274,320,3259
12.794374999999945,-392,-616,68,3259
12.795000000000073,-1346,-2336,372,3259
12.795624999999973,-1376,-2686,496,3259
12.7962500000001,-794,-2638,300,3259
12.796875,-966,-2552,20,3259
12.797500000000127,422,-544,226,3259
12.798125000000027,792,234,190,3259
12.798749999999927,1642,1728,-14,3259
12.799375000000055,1220,2040,226,3259
12.799999999999955,820,2010,390,3259
12.800625000000082,-194,576,394,3259
12.801249999999982,-398,428,408,3259
12.80187500000011,-1384,-970,410,3242
12.802500000000009,-1332,-1932,346,3242
12.803124999999909,-1496,-2224,50,3242
12.803750000000036,-1372,-1618,-44,3242
12.804374999999936,476,-134,-90,3242
12.805000000000064,1022,1014,-34,3242
12.805624999999964,1674,2978,28,3242
12.806250000000091,1246,2710,590,3242
12.806874999999991,1232,2594,502,3242
12.807500000000118,600,1982,422,3242
12.808125000000018,-294,712,692,3242
12.808749999999918,-534,-566,798,3242
12.809375000000045,-1422,-2058,114,3242
12.809999999999945,-1472,-2598,590,3242
12.810625000000073,-1048,-2382,-146,3242
12.811249999999973,264,-500,160,3242
12.8118750000001,598,-70,-182,3242
12.8125,1942,1766,-106,3242
12.813125000000127,1096,1068,220,3242
12.813750000000027,984,1692,734,3242
12.814374999999927,334,344,314,3242
12.815000000000055,402,140,214,3242
12.815624999999955,-1326,-1512,442,3242
12.816250000000082,-1360,-2192,398,3242
12.816874999999982,-986,-2518,144,3242
12.81750000000011,-1278,-2780,68,3242
12.818125000000009,-306,-1410,108,3242
12.818749999999909,372,-238,240,3242
12.819375000000036,1424,1852,122,3244
12.819999999999936,1212,2320,228,3244
12.820625000000064,1092,2596,256,3244
12.821249999999964,322,1744,138,3244
12.821875000000091,-178,1578,212,3244
12.822499999999991,-1020,-164,220,3244
12.823125000000118,-1694,-1814,144,3244
12.823750000000018,-1790,-2198,268,3244
12.824374999999918,-1282,-1578,608,3244
12.825000000000045,-82,-788,448,3244
12.825624999999945,456,-34,0,3244
12.826250000000073,1436,2362,682,3244
12.826874999999973,1350,1744,390,3244
12.8275000000001,1368,2206,254,3244
12.828125,342,1292,558,3244
12.828750000000127,142,464,54,3244
12.829375000000027,-730,-856,532,3244
12.829999999999927,-1430,-2230,86,3244
12.830625000000055,-1482,-3052,240,3244
12.831249999999955,-1058,-2860,48,3244
12.831875000000082,-80,-1596,372,3244
12.832499999999982,712,-330,172,3244
12.83312500000011,1604,1052,-76,3244
12.833750000000009,1048,1152,162,3244
12.834374999999909,936,1940,472,3244
12.835000000000036,510,1170,390,3244
12.835624999999936,164,710,292,3244
12.836250000000064,-1024,-808,244,3244
12.836874999999964,-1086,-1432,316,3244
12.837500000000091,-1350,-2234,378,3244
12.838124999999991,-1810,-2558,222,3246
12.838750000000118,-158,-804,44,3246
12.839375000000018,480,344,0,3246
12.839999999999918,1350,2002,-166,3246
12.840625000000045,1396,2658,48,3246
12.841249999999945,1182,2660,78,3246
12.841875000000073,760,2396,230,3246
12.842499999999973,88,1960,776,3246
12.8431250000001,-816,-192,634,3246
12.84375,-1366,-1440,414,3246
12.844375000000127,-1366,-1808,798,3246
12.845000000000027,-1066,-2018,316,3246
12.845624999999927,-240,-1408,236,3246
12.846250000000055,384,-294,192,3246
12.846874999999955,1216,954,-136,3246
12.847500000000082,958,1012,192,3246
12.848124999999982,1752,2398,42,3246
12.84875000000011,638,1292,384,3246
12.849375000000009,402,520,270,3246
12.849999999999909,-760,-1186,570,3246
12.850625000000036,-1178,-2276,486,3246
12.851249999999936,-1570,-3406,272,3246
12.851875000000064,-1326,-3042,-76,3246
12.852499999999964,-506,-1658,342,3246
12.853125000000091,400,-616,298,3246
12.853749999999991,1244,844,-64,3246
12.854375000000118,1046,1478,64,3246
12.855000000000018,1352,2496,262,3246
12.855624999999918,620,1798,368,3246
12.856250000000045,378,2054,320,3245
12.856874999999945,-580,626,280,3245
12.857500000000073,-848,-434,126,3245
12.858124999999973,-1562,-1904,8,3245
12.8587500000001,-2018,-2224,188,3245
12.859375,-350,-880,112,3245
12.860000000000127,240,-246,-54,3245
12.860625000000027,1310,1710,296,3245
12.861249999999927,1290,2260,468,3245
12.861875000000055,1726,3008,448,3245
12.862499999999955,1080,2620,648,3245
12.863125000000082,832,2008,540,3245
12.863749999999982,-334,-38,454,3245
12.86437500000011,-1028,-1094,514,3245
12.865000000000009,-1376,-2496,0,3245
12.865624999999909,-1532,-2626,176,3245
12.866250000000036,-574,-2016,4,3245
12.866874999999936,256,-904,138,3245
12.867500000000064,1044,158,-42,3245
12.868124999999964,634,376,358,3245
12.868750000000091,1704,2166,400,3245
12.869374999999991,782,1216,324,3245
12.870000000000118,922,1186,56,3245
12.870625000000018,-672,-314,564,3245
12.871249999999918,-1204,-1446,580,3245
12.871875000000045,-1484,-2592,258,3245
12.872499999999945,-1596,-2758,32,3245
12.873125000000073,-364,-1312,290,3245
12.873749999999973,18,-724,192,3245
12.8743750000001,596,560,38,3243
12.875,1070,1822,12,3243
12.875625000000127,1294,2498,44,3243
12.876250000000027,722,2112,-120,3243
12.876874999999927,386,2680,320,3243
12.877500000000055,-92,1240,432,3243
12.878124999999955,-974,-662,182,3243
12.878750000000082,-1872,-1958,526,3243
12.879374999999982,-1906,-2338,658,3243
12.88000000000011,-262,-1268,354,3243
12.880625000000009,-474,-1034,394,3243
12.881249999999909,1310,964,136,3243
12.881875000000036,760,950,366,3243
12.882499999999936,1866,2502,298,3243
12.883125000000064,850,1526,-32,3243
12.883749999999964,786,1404,274,3243
12.884375000000091,-436,-370,204,3243
12.884999999999991,-878,-1138,508,3243
12.885625000000118,-1100,-2370,364,3243
12.886250000000018,-1184,-2592,436,3243
12.886874999999918,-1036,-2664,258,3243
12.887500000000045,62,-1332,110,3243
12.888124999999945,1122,224,-20,3243
12.888750000000073,624,514,112,3243
12.889374999999973,1604,2394,274,3243
12.8900000000001,1284,2298,412,3243
12.890625,1054,2300,136,3243
12.891250000000127,-500,664,488,3243
12.891875000000027,-964,-638,448,3243
12.892499999999927,-1490,-1628,342,3243
12.893125000000055,-1920,-2202,154,3243
12.893749999999955,-514,-1028,22,3243
12.894375000000082,-180,-622,-330,3243
12.894999999999982,768,958,84,3243
12.89562500000011,766,1376,292,3243
12.896250000000009,1454,2358,132,3243
12.896874999999909,1062,2492,262,3243
12.897500000000036,1126,3280,796,3243
12.898124999999936,384,1170,488,3243
12.898750000000064,-1034,-606,654,3243
12.899374999999964,-1392,-1912,310,3243
12.900000000000091,-1728,-2380,566,3243
12.900624999999991,-780,-2320,104,3243
12.901250000000118,-432,-1514,-128,3243
12.901875000000018,738,-106,56,3243
12.902499999999918,432,-76,-142,3243
12.903125000000045,2018,2426,368,3243
12.903749999999945,1046,1360,390,3243
12.904375000000073,1336,1560,460,3243
12.904999999999973,-422,-166,262,3243
12.9056250000001,-646,-836,432,3243
12.90625,-1348,-2328,464,3243
12.906875000000127,-1600,-2860,160,3243
12.907500000000027,-1460,-2984,216,3243
12.908124999999927,-234,-1662,336,3243
12.908750000000055,600,-286,22,3243
12.909374999999955,636,794,156,3256
12.910000000000082,1142,2110,280,3256
12.910624999999982,1536,2726,218,3256
12.91125000000011,878,2926,200,3256
12.911875000000009,-146,1310,56,3256
12.912499999999909,-528,138,-70,3256
12.913125000000036,-1468,-872,514,3256
12.913749999999936,-2180,-2344,326,3256
12.914375000000064,-706,-1460,388,3256
12.914999999999964,-654,-1162,238,3256
12.915625000000091,602,268,262,3256
12.916249999999991,588,526,398,3256
12.916875000000118,1496,2120,514,3256
12.917500000000018,1364,2230,140,3256
12.918124999999918,1588,3132,676,3256
12.918750000000045,324,674,100,3256
12.919374999999945,-634,-276,348,3256
12.920000000000073,-1392,-2060,272,3256
12.920624999999973,-1588,-2790,-124,3256
12.9212500000001,-1196,-2946,368,3256
12.921875,-552,-2166,298,3256
12.922500000000127,674,-634,220,3256
12.923125000000027,402,-272,60,3256
12.923749999999927,1234,1482,266,3256
12.924375000000055,862,1062,320,3256
12.924999999999955,1282,2012,204,3256
12.925625000000082,178,1190,256,3256
12.926249999999982,-436,4,508,3256
12.92687500000011,-1340,-1532,448,3256
12.927500000000009,-1776,-2164,256,3253
12.928124999999909,-1452,-2328,292,3253
12.928750000000036,-796,-1920,152,3253
12.929374999999936,-148,-624,-10,3253
12.930000000000064,224,532,-128,3253
12.930624999999964,1334,1966,-152,3253
12.931250000000091,1654,2850,228,3253
12.931874999999991,1172,3392,244,3253
12.932500000000118,496,2182,636,3253
12.933125000000018,-102,960,632,3253
12.933749999999918,-1256,-890,480,3253
12.934375000000045,-1540,-1544,600,3253
12.934999999999945,-666,-1586,646,3253
12.935625000000073,-1230,-2312,-52,3253
12.936249999999973,-80,-1128,412,3253
12.9368750000001,146,-796,-188,3253
12.9375,1514,1632,206,3253
12.938125000000127,1470,1734,0,3253
12.938750000000027,1888,2552,-20,3253
12.939374999999927,400,852,394,3253
12.940000000000055,-88,146,628,3253
12.940624999999955,-648,-1272,444,3253
12.941250000000082,-982,-1920,294,3253
12.941874999999982,-1736,-2974,410,3253
12.94250000000011,-1044,-2302,346,3253
12.943125000000009,-232,-1962,6,3253
12.943749999999909,-274,-1442,8,3253
12.944375000000036,848,656,192,3253
12.944999999999936,844,1068,132,3253
12.945625000000064,1778,3038,166,3253
12.946249999999964,1000,2742,366,3253
12.946875000000091,300,1670,346,3253
12.947499999999991,-680,476,234,3253
12.948125000000118,-1296,-288,254,3253
12.948750000000018,-1544,-1618,142,3253
12.949374999999918,-1686,-2368,170,3253
12.950000000000045,-1150,-1898,116,3253
12.950624999999945,-522,-752,536,3253
12.951250000000073,746,512,460,3253
12.951874999999973,1230,1356,78,3253
12.9525000000001,1776,3096,560,3253
12.953125,1188,2068,600,3253
12.953750000000127,1052,1804,164,3253
12.954375000000027,-458,446,744,3253
12.954999999999927,-464,-530,-30,3253
12.955625000000055,-924,-1454,338,3253
12.956249999999955,-1590,-2796,32,3253
12.956875000000082,-1196,-3068,134,3253
12.957499999999982,-816,-2508,108,3253
12.95812500000011,424,-686,484,3253
12.958750000000009,1032,268,124,3253
12.959374999999909,2054,2016,44,3253
12.960000000000036,960,1280,206,3253
12.960624999999936,768,1802,464,3253
12.961250000000064,274,824,286,3253
12.961874999999964,-140,118,266,3253
12.962500000000091,-1378,-1450,232,3253
12.963124999999991,-1384,-1934,330,3253
12.963750000000118,-1114,-2098,316,3254
12.964375000000018,-1578,-2246,246,3254
12.964999999999918,0,-688,58,3254
12.965625000000045,650,496,-66,3254
12.966249999999945,1560,2354,-174,3254
12.966875000000073,1248,2602,38,3254
12.967499999999973,932,2686,222,3254
12.9681250000001,516,1984,268,3254
12.96875,316,1802,668,3254
12.969375000000127,-1042,-306,780,3254
12.970000000000027,-1288,-1360,338,3254
12.970624999999927,-1722,-1980,854,3254
12.971250000000055,-1516,-2660,282,3254
12.971874999999955,-384,-1656,150,3254
12.972500000000082,228,-472,174,3254
12.973124999999982,1564,1276,-294,3254
12.97375000000011,910,1000,224,3254
12.974375000000009,1560,1978,90,3254
12.974999999999909,1024,1738,444,3254
12.975625000000036,880,1036,322,3254
12.976249999999936,-348,-516,556,3254
12.976875000000064,-978,-1618,540,3254
12.977499999999964,-1480,-3062,252,3254
12.978125000000091,-1452,-2976,26,3254
12.978749999999991,-674,-1874,336,3254
12.979375000000118,-320,-1612,192,3254
12.980000000000018,896,-8,-72,3254
12.980624999999918,432,352,8,3254
12.981250000000045,1728,2606,190,3254
12.981874999999945,1244,2482,326,3270
12.982500000000073,870,2866,248,3270
12.983124999999973,-60,1588,282,3270
12.9837500000001,-648,246,174,3270
12.984375,-1476,-1338,8,3270
12.985000000000127,-1814,-1538,380,3270
12.985625000000027,-1198,-1856,214,3270
12.986249999999927,-516,-1380,36,3270
12.986875000000055,268,24,384,3270
12.987499999999955,262,588,452,3270
12.988125000000082,1608,2036,320,3270
12.988749999999982,1010,1990,576,3270
12.98937500000011,1782,2948,308,3270
12.990000000000009,496,1536,550,3270
12.990624999999909,-114,448,488,3270
12.991250000000036,-1082,-1440,-12,3270
12.991874999999936,-1550,-2344,298,3270
12.992500000000064,-1478,-3184,88,3270
12.993124999999964,-1108,-2594,214,3270
12.993750000000091,-106,-2008,78,3270
12.994374999999991,-124,-1246,366,3270
12.995000000000118,812,364,310,3270
12.995625000000018,1280,1254,200,3270
12.996249999999918,1974,2590,96,3270
12.996875000000045,350,1144,412,3270
12.997499999999945,110,556,510,3270
12.998125000000073,-690,-448,404,3270
12.998749999999973,-1132,-1154,124,3270
12.9993750000001,-1066,-1486,358,3270
13.0,-1344,-2372,138,3270
13.000625000000127,-722,-1746,32,3268
13.001250000000027,-494,-752,128,3268
13.001874999999927,1014,1156,-152,3268
13.002500000000055,1256,1910,-278,3268
13.003124999999955,1766,3844,332,3268
13.003750000000082,1136,2824,300,3268
13.004374999999982,888,2470,246,3268
13.00500000000011,-822,370,520,3268
13.005625000000009,-770,18,736,3268
13.006249999999909,-936,-1386,536,3268
13.006875000000036,-1616,-2234,498,3268
13.007499999999936,-654,-1694,206,3268
13.008125000000064,-852,-1454,402,3268
13.008749999999964,534,-410,52,3268
13.009375000000091,536,102,-228,3268
13.009999999999991,1848,2046,134,3268
13.010625000000118,1160,1536,24,3268
13.011250000000018,968,1792,508,3268
13.011874999999918,-148,-134,418,3268
13.012500000000045,-366,-684,670,3268
13.013124999999945,-1550,-2272,386,3268
13.013750000000073,-1328,-2494,354,3268
13.014374999999973,-1164,-2984,294,3268
13.0150000000001,-1268,-3004,68,3268
13.015625,-128,-1090,194,3268
13.016250000000127,890,334,222,3268
13.016875000000027,1760,2182,-64,3268
13.017499999999927,762,1768,276,3268
13.018125000000055,928,2120,254,3270
13.018749999999955,832,2194,240,3270
13.019375000000082,-392,1338,426,3270
13.019999999999982,-772,0,64,3270
13.02062500000011,-1110,-1152,-110,3270
13.021250000000009,-1462,-1672,362,3270
13.021874999999909,-1496,-1852,282,3270
13.022500000000036,56,-560,280,3270
13.023124999999936,104,-38,216,3270
13.023750000000064,1542,2016,394,3270
13.024374999999964,1248,1584,326,3270
13.025000000000091,1578,2886,618,3270
13.025624999999991,802,1870,198,3270
13.026250000000118,700,2176,798,3270
13.026875000000018,-346,-408,124,3270
13.027499999999918,-1276,-1604,180,3270
13.028125000000045,-1144,-2242,158,3270
13.028749999999945,-1426,-2784,-62,3270
13.029375000000073,-896,-2780,332,3270
13.029999999999973,-150,-1428,364,3270
13.0306250000001,1280,96,30,3270
13.03125,668,398,148,3270
13.031875000000127,1382,1984,452,3270
13.032500000000027,590,1018,430,3270
13.033124999999927,1022,1602,62,3270
13.033750000000055,-238,658,324,3270
13.034374999999955,-810,-680,562,3270
13.035000000000082,-1448,-2048,250,3270
13.035624999999982,-1880,-2442,338,3270
13.03625000000011,-1288,-2292,298,3273
13.036875000000009,-394,-1630,108,3273
13.037499999999909,358,56,24,3273
13.038125000000036,484,982,-204,3273
13.038749999999936,1468,2406,-188,3273
13.039375000000064,1556,3002,232,3273
13.039999999999964,1060,3292,326,3273
13.040625000000091,396,1970,598,3273
13.041249999999991,-288,640,696,3273
13.041875000000118,-1310,-1004,524,3273
13.042500000000018,-1512,-1564,506,3273
13.043124999999918,-544,-1362,728,3273
13.043750000000045,-964,-2034,-174,3273
13.044374999999945,216,-682,332,3273
13.045000000000073,366,-464,-206,3273
13.045624999999973,1536,1824,224,3273
13.0462500000001,1406,1764,6,3273
13.046875,1984,2850,174,3273
13.047500000000127,334,638,394,3273
13.048125000000027,-134,232,702,3273
13.048749999999927,-678,-1202,486,3273
13.049375000000055,-994,-2040,152,3273
13.049999999999955,-1512,-2772,318,3273
13.050625000000082,-978,-2438,364,3273
13.051249999999982,-108,-1642,-48,3273
13.05187500000011,-140,-1096,2,3273
13.052500000000009,1032,952,172,3273
13.053124999999909,918,1276,196,3273
13.053750000000036,1616,2886,248,3273
13.054374999999936,776,2354,358,3257
13.055000000000064,74,1330,334,3257
13.055624999999964,-786,264,286,3257
13.056250000000091,-956,-92,126,3257
13.056874999999991,-1624,-1736,118,3257
13.057500000000118,-1472,-2220,144,3257
13.058125000000018,-846,-1390,120,3257
13.058749999999918,-472,-640,438,3257
13.059375000000045,1064,826,488,3257
13.059999999999945,1418,1656,20,3257
13.060625000000073,1668,3148,610,3257
13.061249999999973,1220,2054,578,3257
13.0618750000001,800,1566,248,3257
13.0625,-420,384,656,3257
13.063125000000127,-808,-948,72,3257
13.063750000000027,-988,-1582,422,3257
13.064374999999927,-1178,-2374,-32,3257
13.065000000000055,-1024,-2800,158,3257
13.065624999999955,-664,-2282,38,3257
13.066250000000082,622,-294,322,3257
13.066874999999982,1104,546,192,3257
13.06750000000011,2000,2034,90,3257
13.068125000000009,808,1130,72,3257
13.068749999999909,842,2032,574,3257
13.069375000000036,30,494,376,3257
13.069999999999936,-646,-586,298,3257
13.070625000000064,-1422,-1716,350,3257
13.071249999999964,-1396,-2226,190,3257
13.071875000000091,-932,-1848,334,3260
13.072499999999991,-1258,-1890,180,3260
13.073125000000118,180,-508,4,3260
13.073750000000018,896,882,62,3260
13.074374999999918,1614,2684,-194,3260
13.075000000000045,1172,2672,96,3260
13.075624999999945,796,2430,224,3260
13.076250000000073,266,1638,166,3260
13.076874999999973,-192,1312,704,3260
13.0775000000001,-1298,-906,774,3260
13.078125,-1482,-1856,252,3260
13.078750000000127,-1444,-1958,760,3260
13.079375000000027,-1220,-2338,328,3260
13.079999999999927,152,-1084,98,3260
13.080625000000055,590,192,262,3260
13.081249999999955,1842,1922,-186,3260
13.081875000000082,1058,1344,156,3260
13.082499999999982,1322,1808,130,3260
13.08312500000011,726,1394,554,3260
13.083750000000009,264,172,226,3260
13.084374999999909,-640,-1060,528,3260
13.085000000000036,-1252,-2212,576,3260
13.085624999999936,-1250,-3138,202,3260
13.086250000000064,-1152,-2848,-100,3260
13.086874999999964,-180,-1084,366,3260
13.087500000000091,302,-630,128,3260
13.088124999999991,1484,1216,-72,3260
13.088750000000118,794,1146,36,3260
13.089375000000018,1684,2970,176,3260
13.089999999999918,744,2146,456,3260
13.090625000000045,0,1560,324,3262
13.091249999999945,-732,364,340,3262
13.091875000000073,-990,-672,314,3262
13.092499999999973,-1404,-1682,-44,3262
13.0931250000001,-1726,-1782,152,3262
13.09375,-652,-1394,100,3262
13.094375000000127,136,-360,0,3262
13.095000000000027,1148,1372,224,3262
13.095624999999927,996,1870,586,3262
13.096250000000055,1688,2690,380,3262
13.096874999999955,712,2056,628,3262
13.097500000000082,908,2110,570,3262
13.098124999999982,-370,106,424,3262
13.09875000000011,-1018,-944,484,3262
13.099375000000009,-1568,-2584,-62,3262
13.099999999999909,-1804,-3120,166,3262
13.100625000000036,-720,-2330,136,3262
13.101249999999936,-290,-1412,278,3262
13.101875000000064,1196,126,110,3262
13.102499999999964,758,250,300,3262
13.103125000000091,1158,1428,396,3262
13.103749999999991,1188,1574,198,3262
13.104375000000118,986,1458,168,3262
13.105000000000018,-406,-10,402,3262
13.105624999999918,-810,-700,550,3262
13.106250000000045,-1484,-2344,316,3262
13.106874999999945,-1632,-2546,68,3262
13.107500000000073,-888,-2012,242,3262
13.108124999999973,-576,-1616,242,3262
13.1087500000001,454,-50,-88,3247
13.109375,422,884,126,3247
13.110000000000127,1816,2798,-18,3247
13.110625000000027,1208,2684,-228,3247
13.111249999999927,954,3298,290,3247
13.111875000000055,356,1972,486,3247
13.112499999999955,-664,86,310,3247
13.113125000000082,-1396,-1134,482,3247
13.113749999999982,-1664,-1586,704,3247
13.11437500000011,-630,-1544,448,3247
13.115000000000009,-862,-1432,358,3247
13.115624999999909,332,-456,128,3247
13.116250000000036,512,278,230,3247
13.116874999999936,1488,1698,184,3247
13.117500000000064,1080,1438,-142,3247
13.118124999999964,1718,2646,350,3247
13.118750000000091,506,1016,262,3247
13.119374999999991,-240,102,592,3247
13.120000000000118,-1280,-2054,446,3247
13.120625000000018,-1048,-2042,448,3247
13.121249999999918,-1198,-2348,302,3247
13.121875000000045,-810,-2370,130,3247
13.122499999999945,358,-1208,48,3247
13.123125000000073,4,-848,198,3247
13.123749999999973,904,860,104,3247
13.1243750000001,1634,2098,280,3247
13.125,1388,2392,110,3247
13.125625000000127,268,1424,250,3247
13.126250000000027,116,1302,476,3233
13.126874999999927,-910,-216,346,3233
13.127500000000055,-1410,-828,320,3233
13.128124999999955,-1050,-1274,162,3233
13.128750000000082,-1250,-2110,-304,3233
13.129374999999982,-570,-986,264,3233
13.13000000000011,-418,-394,308,3233
13.130625000000009,1348,1366,40,3233
13.131249999999909,1234,2108,236,3233
13.131875000000036,2136,3882,558,3233
13.132499999999936,1234,2238,456,3233
13.133125000000064,384,1616,652,3233
13.133749999999964,-552,24,340,3233
13.134375000000091,-672,-328,666,3233
13.134999999999991,-1416,-2442,166,3233
13.135625000000118,-1488,-2510,18,3233
13.136250000000018,-594,-2056,154,3233
13.136874999999918,-822,-2192,-144,3233
13.137500000000045,794,-44,330,3233
13.138124999999945,874,322,204,3233
13.138750000000073,2202,2114,306,3233
13.139374999999973,1076,1650,276,3233
13.1400000000001,824,1616,448,3233
13.140625,-476,-448,514,3233
13.141250000000127,-986,-1236,274,3233
13.141875000000027,-1230,-1656,158,3233
13.142499999999927,-1328,-2252,462,3233
13.143125000000055,-846,-2304,28,3233
13.143749999999955,-912,-1646,64,3233
13.144375000000082,230,-72,254,3236
13.144999999999982,1220,1022,50,3236
13.14562500000011,1522,2720,106,3236
13.146250000000009,632,2134,112,3236
13.146874999999909,1144,2550,-164,3236
13.147500000000036,40,1714,356,3236
13.148124999999936,-896,432,484,3236
13.148750000000064,-826,-546,546,3236
13.149374999999964,-1644,-1782,486,3236
13.150000000000091,-1526,-2394,430,3236
13.150624999999991,-1242,-2054,396,3236
13.151250000000118,382,-570,478,3236
13.151875000000018,766,422,-88,3236
13.152499999999918,1616,2032,358,3236
13.153125000000045,1514,1766,-70,3236
13.153749999999945,1136,2060,220,3236
13.154375000000073,380,804,180,3236
13.154999999999973,460,754,294,3236
13.1556250000001,-800,-1218,424,3236
13.15625,-1098,-1806,518,3236
13.156875000000127,-1234,-3072,362,3236
13.157500000000027,-1342,-3196,70,3236
13.158124999999927,-344,-1490,306,3236
13.158750000000055,338,-506,368,3236
13.159374999999955,1622,1254,-198,3236
13.160000000000082,1454,1892,30,3236
13.160624999999982,1272,2442,350,3236
13.16125000000011,662,1752,218,3236
13.161875000000009,154,1602,388,3245
13.162499999999909,-604,394,464,3245
13.163125000000036,-1182,-1268,310,3245
13.163749999999936,-1670,-2104,276,3245
13.164375000000064,-1532,-1590,76,3245
13.164999999999964,-320,-988,-136,3245
13.165625000000091,-112,-644,64,3245
13.166249999999991,1024,1530,58,3245
13.166875000000118,1070,1836,526,3245
13.167500000000018,1760,2944,476,3245
13.168124999999918,1186,2664,384,3245
13.168750000000045,506,1984,622,3245
13.169374999999945,0,444,800,3245
13.170000000000073,-742,-824,64,3245
13.170624999999973,-1758,-2326,488,3245
13.1712500000001,-1496,-2670,-46,3245
13.171875,-800,-2146,258,3245
13.172500000000127,-278,-1658,-168,3245
13.173125000000027,850,-208,42,3245
13.173749999999927,936,294,178,3245
13.174375000000055,1196,1542,550,3245
13.174999999999955,986,1126,296,3245
13.175625000000082,1462,1778,196,3245
13.176249999999982,-110,416,364,3245
13.17687500000011,-686,-496,614,3245
13.177500000000009,-1122,-2000,222,3245
13.178124999999909,-1872,-3136,190,3245
13.178750000000036,-1140,-2350,194,3245
13.179374999999936,-582,-1700,32,3245
13.180000000000064,344,-352,122,3245
13.180624999999964,472,500,192,3243
13.181250000000091,1328,2044,48,3243
13.181874999999991,1308,2590,102,3243
13.182500000000118,1336,3612,168,3243
13.183125000000018,420,2232,128,3243
13.183749999999918,-640,496,252,3243
13.184375000000045,-1452,-906,442,3243
13.184999999999945,-1448,-1088,704,3243
13.185625000000073,-1192,-1900,608,3243
13.186249999999973,-1180,-2294,76,3243
13.1868750000001,32,-200,606,3243
13.1875,276,-150,306,3243
13.188125000000127,1546,1498,18,3243
13.188750000000027,1540,2260,280,3243
13.189374999999927,1600,2362,-68,3243
13.190000000000055,534,1116,418,3243
13.190624999999955,330,730,258,3243
13.191250000000082,-1126,-1384,568,3243
13.191874999999982,-1034,-2122,218,3243
13.19250000000011,-1438,-2982,470,3243
13.193125000000009,-862,-2542,290,3243
13.193749999999909,-282,-2168,70,3243
13.194375000000036,-74,-1386,-24,3243
13.194999999999936,870,812,354,3243
13.195625000000064,976,950,278,3243
13.196249999999964,1632,2316,22,3243
13.196875000000091,514,1660,206,3243
13.197499999999991,246,1166,218,3243
13.198125000000118,-768,-104,440,3260
13.198750000000018,-1664,-1236,366,3260
13.199374999999918,-1132,-1346,142,3260
13.200000000000045,-886,-1342,174,3260
13.200624999999945,-810,-1538,14,3260
13.201250000000073,-604,-948,-58,3260
13.201874999999973,960,1194,50,3260
13.2025000000001,1428,2072,-18,3260
13.203125,1894,3654,458,3260
13.203750000000127,1282,2974,652,3260
13.204375000000027,782,2180,502,3260
13.204999999999927,-620,400,866,3260
13.205625000000055,-648,-424,454,3260
13.206249999999955,-1184,-1894,380,3260
13.206875000000082,-1482,-2408,300,3260
13.207499999999982,-568,-1740,-146,3260
13.20812500000011,-650,-1584,64,3260
13.208750000000009,796,-176,-64,3260
13.209374999999909,1238,952,250,3260
13.210000000000036,1700,1788,88,3260
13.210624999999936,888,1234,426,3260
13.211250000000064,904,1468,494,3260
13.211874999999964,-382,-222,446,3260
13.212500000000091,-348,-720,192,3260
13.213124999999991,-1694,-2188,644,3260
13.213750000000118,-1324,-2462,332,3260
13.214375000000018,-1048,-2582,212,3260
13.214999999999918,-940,-2292,-76,3260
13.215625000000045,518,-28,54,3260
13.216249999999945,806,798,262,3260
13.216875000000073,1388,2190,-76,3245
13.217499999999973,1386,2950,162,3245
13.2181250000001,972,2504,226,3245
13.21875,-166,1140,-48,3245
13.219375000000127,-814,982,472,3245
13.220000000000027,-780,-154,366,3245
13.220624999999927,-1346,-1590,104,3245
13.221250000000055,-1728,-2352,504,3245
13.221874999999955,-1412,-2072,576,3245
13.222500000000082,422,-362,358,3245
13.223124999999982,378,286,380,3245
13.22375000000011,1938,2322,218,3245
13.224375000000009,1068,1586,258,3245
13.224999999999909,1554,2588,414,3245
13.225625000000036,320,870,-44,3245
13.226249999999936,52,414,316,3245
13.226875000000064,-928,-1406,282,3245
13.227499999999964,-1388,-2074,464,3245
13.228125000000091,-1046,-2682,352,3245
13.228749999999991,-1020,-2538,284,3245
13.229375000000118,-490,-1810,258,3245
13.230000000000018,570,-538,142,3245
13.230624999999918,1554,1124,64,3245
13.231250000000045,894,1102,198,3245
13.231874999999945,1418,2506,366,3245
13.232500000000073,834,1894,386,3245
13.233124999999973,486,1456,118,3245
13.2337500000001,-934,-256,440,3245
13.234375,-1284,-1336,434,3245
13.235000000000127,-1598,-2116,202,3243
13.235625000000027,-1884,-2294,222,3243
13.236249999999927,-274,-880,-8,3243
13.236875000000055,182,-218,-436,3243
13.237499999999955,940,1428,98,3243
13.238125000000082,1076,1956,256,3243
13.238749999999982,1436,2504,174,3243
13.23937500000011,918,2280,424,3243
13.240000000000009,770,2802,866,3243
13.240624999999909,192,832,512,3243
13.241250000000036,-1240,-978,676,3243
13.241874999999936,-1586,-2262,262,3243
13.242500000000064,-1842,-2606,468,3243
13.243124999999964,-502,-1926,116,3243
13.243750000000091,-656,-1770,-256,3243
13.244374999999991,1120,394,46,3243
13.245000000000118,616,222,-56,3243
13.245625000000018,1930,2344,320,3243
13.246249999999918,968,1350,374,3243
13.246875000000045,1144,1374,488,3243
13.247499999999945,-510,-332,316,3243
13.248125000000073,-674,-980,520,3243
13.248749999999973,-1338,-2416,560,3243
13.2493750000001,-1514,-2820,142,3243
13.25,-1410,-2846,222,3243
13.250625000000127,-190,-1506,308,3243
13.251250000000027,564,-308,-112,3243
13.251874999999927,540,722,172,3258
13.252500000000055,1552,2558,172,3258
13.253124999999955,1624,2912,170,3258
13.253750000000082,1044,3176,224,3258
13.254374999999982,-130,1440,56,3258
13.25500000000011,-574,226,-82,3258
13.255625000000009,-1374,-692,520,3258
13.256249999999909,-2190,-2174,408,3258
13.256875000000036,-794,-1548,316,3258
13.257499999999936,-758,-1242,414,3258
13.258125000000064,206,-400,232,3258
13.258749999999964,302,70,518,3258
13.259375000000091,1430,1808,378,3258
13.259999999999991,1412,2308,82,3258
13.260625000000118,1800,3392,622,3258
13.261250000000018,672,1168,64,3258
13.261874999999918,-274,198,342,3258
13.262500000000045,-1300,-1714,352,3258
13.263124999999945,-1364,-2448,4,3258
13.263750000000073,-1268,-2966,336,3258
13.264374999999973,-806,-2382,360,3258
13.2650000000001,264,-1320,142,3258
13.265625,-118,-1038,28,3258
13.266250000000127,1484,1458,224,3258
13.266875000000027,1072,1284,380,3258
13.267499999999927,1446,2072,136,3258
13.268125000000055,586,1522,222,3258
13.268749999999955,-172,576,512,3258
13.269375000000082,-968,-878,344,3258
13.269999999999982,-1306,-1268,358,3258
13.27062500000011,-1644,-2230,306,3258
13.271250000000009,-950,-2080,196,3258
13.271874999999909,-524,-1170,58,3258
13.272500000000036,-300,-172,-118,3258
13.273124999999936,1488,1776,-192,3258
13.273750000000064,1722,2672,76,3258
13.274374999999964,1460,3576,200,3258
13.275000000000091,958,2624,632,3258
13.275624999999991,294,1508,576,3258
13.276250000000118,-724,82,438,3258
13.276875000000018,-1564,-1288,704,3258
13.277499999999918,-692,-1474,640,3258
13.278125000000045,-1236,-2162,-46,3258
13.278749999999945,-422,-1606,396,3258
13.279375000000073,-178,-1264,-200,3258
13.279999999999973,1176,972,192,3258
13.2806250000001,1280,1338,-60,3258
13.28125,2202,2734,30,3258
13.281875000000127,626,914,296,3258
13.282500000000027,588,1238,710,3258
13.283124999999927,-580,-896,448,3258
13.283750000000055,-768,-1576,312,3258
13.284374999999955,-1516,-2602,356,3258
13.285000000000082,-1294,-2504,452,3258
13.285624999999982,-382,-2106,-28,3258
13.28625000000011,-450,-1716,-30,3258
13.286875000000009,458,42,142,3258
13.287499999999909,748,766,150,3258
13.288125000000036,1666,2716,220,3269
13.288749999999936,844,2300,338,3269
13.289375000000064,292,1748,452,3269
13.289999999999964,-496,550,302,3269
13.290625000000091,-942,154,266,3269
13.291249999999991,-1560,-1468,150,3269
13.291875000000118,-1560,-2162,34,3269
13.292500000000018,-1160,-1742,204,3269
13.293124999999918,-722,-1098,468,3269
13.293750000000045,736,402,450,3269
13.294374999999945,1188,1264,28,3269
13.295000000000073,1740,3068,454,3269
13.295624999999973,1182,2090,700,3269
13.2962500000001,1104,1672,80,3269
13.296875,-284,736,690,3269
13.297500000000127,-450,-476,56,3269
13.298125000000027,-718,-1268,362,3269
13.298749999999927,-1464,-2700,8,3269
13.299375000000055,-1192,-2944,286,3269
13.299999999999955,-694,-2516,48,3269
13.300625000000082,510,-530,372,3269
13.301249999999982,1012,434,198,3269
13.30187500000011,2130,2002,0,3269
13.302500000000009,904,1266,140,3269
13.303124999999909,598,1666,548,3269
13.303750000000036,192,580,246,3269
13.304374999999936,-322,-192,244,3269
13.305000000000064,-1506,-1716,216,3269
13.305624999999964,-1466,-2144,316,3269
13.306250000000091,-1032,-2056,326,3269
13.306874999999991,-1534,-2222,240,3259
13.307500000000118,108,-418,96,3259
13.308125000000018,704,638,26,3259
13.308749999999918,1604,2608,-174,3259
13.309375000000045,1358,2920,94,3259
13.309999999999945,894,2538,172,3259
13.310625000000073,208,1752,302,3259
13.311249999999973,-302,1246,750,3259
13.3118750000001,-1306,-994,638,3259
13.3125,-1594,-2012,310,3259
13.313125000000127,-1390,-1944,678,3259
13.313750000000027,-886,-1824,280,3259
13.314374999999927,-20,-1044,146,3259
13.315000000000055,594,128,198,3259
13.315624999999955,1826,1810,-200,3259
13.316250000000082,1016,1314,324,3259
13.316874999999982,1598,2170,180,3259
13.31750000000011,272,896,514,3259
13.318125000000009,116,42,364,3259
13.318749999999909,-846,-1460,502,3259
13.319375000000036,-1372,-2552,454,3259
13.319999999999936,-1466,-3440,174,3259
13.320625000000064,-1254,-2940,0,3259
13.321249999999964,-326,-1596,292,3259
13.321875000000091,638,-256,156,3259
13.322499999999991,1360,1300,-94,3259
13.323125000000118,1054,1654,102,3259
13.323750000000018,1244,2470,290,3259
13.324374999999918,456,1650,448,3259
13.325000000000045,66,1628,350,3262
13.325624999999945,-896,170,290,3262
13.326250000000073,-914,-784,128,3262
13.326874999999973,-1268,-1766,42,3262
13.3275000000001,-1828,-2016,148,3262
13.328125,-114,-620,86,3262
13.328750000000127,432,108,32,3262
13.329375000000027,1346,1958,396,3262
13.329999999999927,1478,2522,384,3262
13.330625000000055,1646,2962,448,3262
13.331249999999955,848,2350,576,3262
13.331875000000082,492,1636,428,3262
13.332499999999982,-528,-304,462,3262
13.33312500000011,-1132,-1400,446,3262
13.333750000000009,-1358,-2608,0,3262
13.334374999999909,-1464,-2618,258,3262
13.335000000000036,-386,-1956,80,3262
13.335624999999936,412,-644,186,3262
13.336250000000064,1128,416,88,3262
13.336874999999964,680,470,302,3262
13.337500000000091,1660,2138,400,3262
13.338124999999991,710,1152,300,3262
13.338750000000118,820,1034,38,3262
13.339375000000018,-888,-498,590,3262
13.339999999999918,-1186,-1536,476,3262
13.340625000000045,-1604,-2776,230,3262
13.341249999999945,-1716,-2884,32,3262
13.341875000000073,-330,-1368,210,3262
13.342499999999973,114,-768,152,3262
13.3431250000001,690,598,-12,3246
13.34375,1126,1940,144,3246
13.344375000000127,1350,2538,80,3246
13.345000000000027,590,1876,-50,3246
13.345624999999927,372,2652,410,3246
13.346250000000055,-18,1280,366,3246
13.346874999999955,-958,-548,246,3246
13.347500000000082,-1878,-1962,496,3246
13.348124999999982,-1956,-2402,550,3246
13.34875000000011,-292,-1350,374,3246
13.349375000000009,-534,-1112,308,3246
13.349999999999909,1166,896,106,3246
13.350625000000036,720,894,368,3246
13.351249999999936,1658,2304,312,3246
13.351875000000064,952,1502,-76,3246
13.352499999999964,862,1528,394,3246
13.353125000000091,-316,-362,234,3246
13.353749999999991,-892,-984,520,3246
13.354375000000118,-1046,-2218,434,3246
13.355000000000018,-1220,-2604,362,3246
13.355624999999918,-1158,-2700,322,3246
13.356250000000045,28,-1430,198,3246
13.356874999999945,1004,66,0,3246
13.357500000000073,584,362,80,3246
13.358124999999973,1542,2224,256,3246
13.3587500000001,1244,2188,282,3246
13.359375,1098,2346,54,3246
13.360000000000127,-404,784,416,3246
13.360625000000027,-840,-546,328,3246
13.361249999999927,-1422,-1516,382,3243
13.361875000000055,-1962,-2194,232,3243
13.362499999999955,-584,-1118,130,3243
13.363125000000082,-248,-766,-290,3243
13.363749999999982,404,512,110,3243
13.36437500000011,1022,1584,254,3243
13.365000000000009,1426,2404,254,3243
13.365624999999909,1038,2350,306,3243
13.366250000000036,1384,3390,574,3243
13.366874999999936,486,1384,480,3243
13.367500000000064,-866,-258,718,3243
13.368124999999964,-1422,-1788,246,3243
13.368750000000091,-1832,-2350,580,3243
13.369374999999991,-912,-2458,122,3243
13.370000000000118,-844,-2082,-224,3243
13.370625000000018,596,-424,128,3243
13.371249999999918,296,-388,-92,3243
13.371875000000045,1906,2070,328,3243
13.372499999999945,1186,1474,534,3243
13.373125000000073,1460,1722,448,3243
13.373749999999973,-114,222,220,3243
13.3743750000001,-404,-364,556,3243
13.375,-1252,-2102,428,3243
13.375625000000127,-1394,-2520,68,3243
13.376250000000027,-1728,-3046,242,3243
13.376874999999927,-620,-2044,246,3243
13.377500000000055,312,-722,-52,3243
13.378124999999955,384,256,142,3260
13.378750000000082,1456,2194,142,3260
13.379374999999982,1752,2912,236,3260
13.38000000000011,1356,3376,184,3260
13.380625000000009,76,1688,98,3260
13.381249999999909,-324,702,-28,3260
13.381875000000036,-1242,-366,498,3260
13.382499999999936,-2138,-2018,398,3260
13.383125000000064,-858,-1600,406,3260
13.383749999999964,-918,-1496,368,3260
13.384375000000091,240,-486,140,3260
13.384999999999991,202,16,386,3260
13.385625000000118,1442,1868,480,3260
13.386250000000018,1500,2286,-82,3260
13.386874999999918,1934,3502,630,3260
13.387500000000045,606,1134,86,3260
13.388124999999945,-134,390,356,3260
13.388750000000073,-1198,-1618,386,3260
13.389374999999973,-1266,-2174,126,3260
13.3900000000001,-1286,-3020,358,3260
13.390625,-850,-2352,434,3260
13.391250000000127,228,-1460,124,3260
13.391875000000027,-48,-1008,0,3260
13.392499999999927,1254,1254,314,3260
13.393125000000055,934,1026,358,3260
13.393749999999955,1478,2036,32,3260
13.394375000000082,552,1556,230,3260
13.394999999999982,-238,586,484,3260
13.39562500000011,-1024,-972,266,3260
13.396250000000009,-1270,-1340,370,3260
13.396874999999909,-1708,-2292,346,3243
13.397500000000036,-948,-2068,216,3243
13.398124999999936,-512,-1226,70,3243
13.398750000000064,-318,-282,-142,3243
13.399374999999964,1278,1664,-92,3243
13.400000000000091,1608,2422,44,3243
13.400624999999991,1470,3572,172,3243
13.401250000000118,864,2594,670,3243
13.401875000000018,372,1560,566,3243
13.402499999999918,-626,246,392,3243
13.403125000000045,-1298,-738,730,3243
13.403749999999945,-460,-1054,648,3243
13.404375000000073,-1320,-2242,-64,3243
13.404999999999973,-512,-1708,398,3243
13.4056250000001,-218,-1304,-214,3243
13.40625,1230,988,218,3243
13.406875000000127,1192,1298,36,3243
13.407500000000027,2224,2786,60,3243
13.408124999999927,632,990,362,3243
13.408750000000055,402,1020,660,3243
13.409374999999955,-292,-562,298,3243
13.410000000000082,-680,-1290,330,3243
13.410624999999982,-1504,-2554,358,3243
13.41125000000011,-1316,-2566,374,3243
13.411875000000009,-390,-2134,-12,3243
13.412499999999909,-564,-1792,76,3243
13.413125000000036,378,-300,112,3243
13.413749999999936,670,528,84,3243
13.414375000000064,1630,2646,164,3243
13.414999999999964,1014,2496,300,3240
13.415625000000091,458,1908,356,3240
13.416249999999991,-376,800,304,3240
13.416875000000118,-564,636,216,3240
13.417500000000018,-1496,-1138,232,3240
13.418124999999918,-1540,-2044,48,3240
13.418750000000045,-1306,-1848,106,3240
13.419374999999945,-996,-1404,502,3240
13.420000000000073,566,-14,406,3240
13.420624999999973,1076,1048,64,3240
13.4212500000001,1772,2950,552,3240
13.421875,1280,2050,614,3240
13.422500000000127,1214,1808,132,3240
13.423125000000027,192,1320,678,3240
13.423749999999927,-10,218,98,3240
13.424375000000055,-730,-1032,368,3240
13.424999999999955,-1468,-2474,60,3240
13.425625000000082,-1374,-3032,290,3240
13.426249999999982,-928,-2706,-20,3240
13.42687500000011,172,-1098,312,3240
13.427500000000009,792,-128,114,3240
13.428124999999909,1886,1476,26,3240
13.428750000000036,868,1006,78,3240
13.429374999999936,1414,2730,536,3240
13.430000000000064,562,1358,360,3240
13.430624999999964,-18,502,270,3240
13.431250000000091,-1086,-872,296,3240
13.431874999999991,-1298,-1710,226,3240
13.432500000000118,-1202,-1956,312,3240
13.433125000000018,-1704,-2290,326,3228
13.433749999999918,-592,-1566,88,3228
13.434375000000045,358,-144,34,3228
13.434999999999945,1264,1784,-174,3228
13.435625000000073,1048,2142,0,3228
13.436249999999973,1198,2730,64,3228
13.4368750000001,652,2170,164,3228
13.4375,804,2488,616,3228
13.438125000000127,-666,370,748,3228
13.438750000000027,-1046,-854,422,3228
13.439374999999927,-1636,-1760,784,3228
13.440000000000055,-1688,-2566,484,3228
13.440624999999955,-576,-2112,28,3228
13.441250000000082,-78,-1016,176,3228
13.441874999999982,1168,600,-156,3228
13.44250000000011,760,578,126,3228
13.443125000000009,1516,1660,160,3228
13.443749999999909,1160,1850,472,3228
13.444375000000036,1018,1424,364,3228
13.444999999999936,-60,-102,364,3228
13.445625000000064,-734,-1098,536,3228
13.446249999999964,-1530,-2896,210,3228
13.446875000000091,-1472,-2880,24,3228
13.447499999999991,-988,-2268,426,3228
13.448125000000118,-728,-2172,186,3228
13.448750000000018,684,-508,52,3228
13.449374999999918,318,-62,-48,3228
13.450000000000045,1638,2312,142,3228
13.450624999999945,1344,2540,398,3242
13.451250000000073,1110,3028,178,3242
13.451874999999973,184,1834,326,3242
13.4525000000001,-124,1238,328,3242
13.453125,-1530,-1034,52,3242
13.453750000000127,-1800,-1300,320,3242
13.454375000000027,-1250,-1722,256,3242
13.454999999999927,-878,-1792,0,3242
13.455625000000055,-232,-650,304,3242
13.456249999999955,-74,-58,494,3242
13.456875000000082,1320,1236,268,3242
13.457499999999982,898,1568,512,3242
13.45812500000011,1928,2994,284,3242
13.458750000000009,836,1920,508,3242
13.459374999999909,278,1062,448,3242
13.460000000000036,-704,-808,-10,3242
13.460624999999936,-1102,-1548,404,3242
13.461250000000064,-1708,-3188,306,3242
13.461874999999964,-1456,-2822,328,3242
13.462500000000091,-778,-2892,226,3242
13.463124999999991,-314,-1854,134,3242
13.463750000000118,522,-150,272,3242
13.464375000000018,1200,782,24,3242
13.464999999999918,2024,2530,42,3242
13.465625000000045,674,1444,350,3242
13.466249999999945,548,1316,354,3242
13.466875000000073,-26,624,544,3242
13.467499999999973,-576,-346,170,3242
13.4681250000001,-1136,-1256,346,3242
13.46875,-1400,-2146,338,3242
13.469375000000127,-1188,-2278,78,3238
13.470000000000027,-1030,-1514,180,3238
13.470624999999927,452,220,20,3238
13.471250000000055,800,902,-332,3238
13.471874999999955,1718,3288,180,3238
13.472500000000082,1320,2820,284,3238
13.473124999999982,1340,2770,76,3238
13.47375000000011,-36,1538,454,3238
13.474375000000009,-26,1534,802,3238
13.474999999999909,-288,-128,472,3238
13.475625000000036,-1710,-1738,646,3238
13.476249999999936,-1294,-2260,264,3238
13.476875000000064,-1308,-1998,524,3238
13.477499999999964,-208,-1644,78,3238
13.478125000000091,226,-638,-122,3238
13.478749999999991,1372,1114,118,3238
13.479375000000118,898,886,-44,3238
13.480000000000018,1520,2198,448,3238
13.480624999999918,536,724,434,3238
13.481250000000045,896,986,516,3238
13.481874999999945,-908,-826,350,3238
13.482500000000073,-878,-1396,464,3238
13.483124999999973,-1390,-2740,364,3238
13.4837500000001,-1592,-3038,64,3238
13.484375,-1244,-2700,180,3238
13.485000000000127,-154,-1378,338,3238
13.485625000000027,754,38,0,3238
13.486249999999927,772,940,58,3238
13.486875000000055,1406,2482,216,3241
13.487499999999955,1492,2736,288,3241
13.488125000000082,992,2952,238,3241
13.488749999999982,-260,1330,246,3241
13.48937500000011,-546,228,2,3241
13.490000000000009,-1396,-756,378,3241
13.490624999999909,-2248,-2292,304,3241
13.491250000000036,-802,-1450,420,3241
13.491874999999936,-554,-1006,176,3241
13.492500000000064,-14,-540,320,3241
13.493124999999964,292,-198,222,3241
13.493750000000091,1256,1700,640,3241
13.494374999999991,1406,2060,82,3241
13.495000000000118,1802,3332,554,3241
13.495625000000018,812,1280,66,3241
13.496249999999918,-68,470,320,3241
13.496875000000045,-1094,-1442,284,3241
13.497499999999945,-1434,-2404,210,3241
13.498125000000073,-1394,-2946,414,3241
13.498749999999973,-1272,-2794,442,3241
13.4993750000001,-36,-1896,144,3241
13.5,-398,-1514,-44,3241
13.500625000000127,1048,754,122,3241
13.501250000000027,1142,1344,486,3241
13.501874999999927,1610,1906,-112,3241
13.502500000000055,754,1664,138,3241
13.503124999999955,436,1766,592,3241
13.503750000000082,-504,-46,334,3241
13.504374999999982,-874,-576,274,3255
13.50500000000011,-1362,-1356,480,3255
13.505625000000009,-1242,-2166,260,3255
13.506249999999909,-858,-1566,82,3255
13.506875000000036,-950,-958,62,3255
13.507499999999936,608,240,-216,3255
13.508125000000064,1394,1600,-66,3255
13.508749999999964,1336,2862,108,3255
13.509375000000091,1322,2840,644,3255
13.509999999999991,1694,3392,496,3255
13.510625000000118,242,1708,354,3255
13.511250000000018,-272,910,760,3255
13.511874999999918,-824,-904,808,3255
13.512500000000045,-1266,-1920,70,3255
13.513124999999945,-1564,-2674,444,3255
13.513750000000073,-1226,-2654,-116,3255
13.514374999999973,184,-714,236,3255
13.5150000000001,362,-394,-94,3255
13.515625,1720,1446,120,3255
13.516250000000127,1062,762,190,3255
13.516875000000027,1076,1502,526,3255
13.517499999999927,672,980,382,3255
13.518125000000055,508,658,248,3255
13.518749999999955,-756,-706,338,3255
13.519375000000082,-1156,-1474,574,3255
13.519999999999982,-1416,-2808,238,3255
13.52062500000011,-1876,-3580,62,3255
13.521250000000009,-824,-2032,304,3255
13.521874999999909,-220,-1318,22,3255
13.522500000000036,1216,1028,60,3255
13.523124999999936,932,1496,294,3240
13.523750000000064,1442,2572,70,3240
13.524374999999964,1286,2796,162,3240
13.525000000000091,844,3094,234,3240
13.525624999999991,-8,1482,88,3240
13.526250000000118,-786,-32,194,3240
13.526875000000018,-1666,-1348,296,3240
13.527499999999918,-1508,-1336,592,3240
13.528125000000045,-1000,-1802,516,3240
13.528749999999945,-1054,-2042,80,3240
13.529375000000073,36,-290,520,3240
13.529999999999973,424,-6,434,3240
13.5306250000001,1480,1448,64,3240
13.53125,1528,2288,330,3240
13.531875000000127,1506,2118,-10,3240
13.532500000000027,550,1008,430,3240
13.533124999999927,458,892,198,3240
13.533750000000055,-1036,-1126,554,3240
13.534374999999955,-1026,-1984,194,3240
13.535000000000082,-1280,-2594,440,3240
13.535624999999982,-1262,-2920,328,3240
13.53625000000011,-530,-2750,0,3240
13.536875000000009,-442,-1920,-116,3240
13.537499999999909,806,448,350,3240
13.538125000000036,1408,1268,244,3240
13.538749999999936,1724,2226,0,3240
13.539375000000064,914,1970,176,3240
13.539999999999964,546,1880,360,3240
13.540625000000091,-204,678,404,3258
13.541249999999991,-816,120,374,3258
13.541875000000118,-1456,-1200,352,3258
13.542500000000018,-1104,-1508,204,3258
13.543124999999918,-984,-1630,32,3258
13.543750000000045,-1380,-1570,96,3258
13.544374999999945,370,48,-6,3258
13.545000000000073,762,802,-72,3258
13.545624999999973,1510,2448,288,3258
13.5462500000001,1394,2646,474,3258
13.546875,1440,2774,442,3258
13.547500000000127,238,1662,748,3258
13.548125000000027,314,1196,530,3258
13.548749999999927,-854,-764,568,3258
13.549375000000055,-1200,-1600,410,3258
13.549999999999955,-1500,-2800,0,3258
13.550625000000082,-1712,-3086,192,3258
13.551249999999982,-464,-1996,-12,3258
13.55187500000011,128,-902,172,3258
13.552500000000009,1488,772,96,3258
13.553124999999909,786,522,292,3258
13.553750000000036,1072,1468,448,3258
13.554374999999936,1212,1558,224,3258
13.555000000000064,878,1440,118,3258
13.555624999999964,-448,-6,424,3258
13.556250000000091,-812,-858,508,3258
13.556874999999991,-1640,-2372,378,3258
13.557500000000118,-1464,-2400,78,3258
13.558125000000018,-730,-1768,212,3258
13.558749999999918,-476,-1462,186,3258
13.559375000000045,412,-136,40,3259
13.559999999999945,336,574,118,3259
13.560625000000073,1382,2084,78,3259
13.561249999999973,1418,2636,-252,3259
13.5618750000001,1370,3960,160,3259
13.5625,714,2484,312,3259
13.563125000000127,-106,1116,284,3259
13.563750000000027,-1396,-774,438,3259
13.564374999999927,-1598,-1360,702,3259
13.565000000000055,-934,-1838,430,3259
13.565624999999955,-1880,-2718,508,3259
13.566250000000082,-314,-1388,270,3259
13.566874999999982,-320,-790,350,3259
13.56750000000011,1228,768,56,3259
13.568125000000009,1152,1242,-102,3259
13.568749999999909,1724,2234,226,3259
13.569375000000036,806,1158,204,3259
13.569999999999936,588,1336,618,3259
13.570625000000064,-342,-532,514,3259
13.571249999999964,-252,-992,376,3259
13.571875000000091,-1754,-2490,362,3259
13.572499999999991,-1086,-2444,192,3259
13.573125000000118,-702,-2472,146,3259
13.573750000000018,-922,-2410,-88,3259
13.574374999999918,-42,-958,216,3259
13.575000000000045,1050,704,402,3259
13.575624999999945,1546,1884,-54,3259
13.576250000000073,956,1952,244,3259
13.576874999999973,1256,2900,406,3260
13.5775000000001,566,2052,346,3260
13.578125,-128,1378,310,3260
13.578750000000127,-1208,-376,326,3260
13.579375000000027,-1280,-1428,-124,3260
13.579999999999927,-1320,-1408,250,3260
13.580625000000055,-1664,-1938,338,3260
13.581249999999955,30,-776,142,3260
13.581875000000082,170,78,104,3260
13.582499999999982,1266,1624,256,3260
13.58312500000011,1488,1996,384,3260
13.583750000000009,1326,2288,522,3260
13.584374999999909,808,1800,274,3260
13.585000000000036,902,2252,644,3260
13.585624999999936,-130,-24,144,3260
13.586250000000064,-1074,-1162,278,3260
13.586874999999964,-1522,-2492,376,3260
13.587500000000091,-1802,-3432,94,3260
13.588124999999991,-852,-2450,392,3260
13.588750000000118,-476,-1744,280,3260
13.589375000000018,1288,-58,58,3260
13.589999999999918,848,322,-18,3260
13.590625000000045,1536,2072,234,3260
13.591249999999945,1304,1848,314,3260
13.591875000000073,894,1694,138,3260
13.592499999999973,-34,734,250,3260
13.5931250000001,-546,30,688,3260
13.59375,-1324,-1792,318,3260
13.594375000000127,-1512,-1908,200,3260
13.595000000000027,-1136,-1628,410,3247
13.595624999999927,-886,-2058,170,3247
13.596250000000055,8,-690,-14,3247
13.596874999999955,-218,178,178,3247
13.597500000000082,1350,1856,-160,3247
13.598124999999982,1806,2872,0,3247
13.59875000000011,988,2996,278,3247
13.599375000000009,764,2312,506,3247
13.599999999999909,434,1814,484,3247
13.600625000000036,-942,-212,360,3247
13.601249999999936,-1492,-1142,716,3247
13.601875000000064,-860,-1650,724,3247
13.602499999999964,-1306,-2444,62,3247
13.603125000000091,-800,-2186,384,3247
13.603749999999991,-320,-1500,-132,3247
13.604375000000118,1146,738,216,3247
13.605000000000018,1228,1062,-64,3247
13.605624999999918,1932,2268,70,3247
13.606250000000045,950,1286,368,3247
13.606874999999945,542,928,496,3247
13.607500000000073,-190,-390,386,3247
13.608124999999973,-294,-710,284,3247
13.6087500000001,-1188,-1834,264,3247
13.609375,-1360,-2244,472,3247
13.610000000000127,-776,-2510,48,3247
13.610625000000027,-1164,-2552,30,3247
13.611249999999927,110,-756,286,3247
13.611875000000055,514,64,96,3247
13.612499999999955,1620,2218,106,3247
13.613125000000082,1230,2522,300,3248
13.613749999999982,988,2462,314,3248
13.61437500000011,156,1696,340,3248
13.615000000000009,12,1730,336,3248
13.615624999999909,-972,-74,132,3248
13.616250000000036,-1552,-1640,128,3248
13.616874999999936,-1678,-1968,238,3248
13.617500000000064,-1584,-2048,404,3248
13.618124999999964,-248,-1086,408,3248
13.618750000000091,206,-372,32,3248
13.619374999999991,1328,1878,508,3248
13.620000000000118,1164,1462,534,3248
13.620625000000018,1502,2000,114,3248
13.621249999999918,1006,2150,520,3248
13.621875000000045,734,1424,170,3248
13.622499999999945,-256,-40,428,3248
13.623125000000073,-864,-1346,192,3248
13.623749999999973,-1768,-2926,496,3248
13.6243750000001,-1374,-2944,92,3248
13.625,-594,-2094,402,3248
13.625625000000127,-532,-2068,224,3248
13.626250000000027,1036,-436,-158,3248
13.626874999999927,476,-174,-64,3248
13.627500000000055,1376,2132,448,3248
13.628124999999955,1276,1944,204,3248
13.628750000000082,1166,2346,224,3248
13.629374999999982,-116,814,326,3248
13.63000000000011,-366,430,332,3248
13.630625000000009,-1330,-1278,456,3261
13.631249999999909,-1812,-1912,432,3261
13.631875000000036,-1312,-2014,234,3261
13.632499999999936,-592,-1356,222,3261
13.633125000000064,100,-274,-96,3261
13.633749999999964,-72,144,-102,3261
13.634375000000091,1464,2078,8,3261
13.634999999999991,1534,2626,72,3261
13.635625000000118,1616,3304,320,3261
13.636250000000018,736,2290,652,3261
13.636874999999918,170,1314,444,3261
13.637500000000045,-832,-80,724,3261
13.638124999999945,-918,-818,704,3261
13.638750000000073,-1598,-2708,326,3261
13.639374999999973,-1212,-2304,246,3261
13.6400000000001,-590,-2042,-52,3261
13.640625,-464,-1622,74,3261
13.641250000000127,1056,242,28,3261
13.641875000000027,1224,1134,344,3261
13.642499999999927,1912,1936,144,3261
13.643125000000055,918,1202,350,3261
13.643749999999955,448,832,576,3261
13.644375000000082,-186,-238,152,3261
13.644999999999982,-758,-1100,192,3261
13.64562500000011,-1272,-1792,436,3261
13.646250000000009,-1238,-2190,346,3261
13.646874999999909,-1554,-3136,320,3261
13.647500000000036,-1106,-2478,0,3261
13.648124999999936,326,-306,76,3261
13.648750000000064,794,568,194,3261
13.649374999999964,1552,2438,64,3249
13.650000000000091,1032,2400,244,3249
13.650624999999991,1016,2522,262,3249
13.651250000000118,320,1874,10,3249
13.651875000000018,-354,1670,390,3249
13.652499999999918,-654,254,442,3249
13.653125000000045,-1408,-1532,102,3249
13.653749999999945,-1790,-2418,308,3249
13.654375000000073,-1662,-2280,502,3249
13.654999999999973,58,-948,260,3249
13.6556250000001,-8,-412,326,3249
13.65625,1570,1456,114,3249
13.656875000000127,968,1332,352,3249
13.657500000000027,1940,2812,276,3249
13.658124999999927,774,1472,110,3249
13.658750000000055,332,920,470,3249
13.659374999999955,-474,-668,320,3249
13.660000000000082,-1016,-1448,564,3249
13.660624999999982,-1200,-2588,322,3249
13.66125000000011,-1256,-2684,350,3249
13.661875000000009,-1064,-2634,294,3249
13.662499999999909,158,-1434,-66,3249
13.663125000000036,1044,94,-126,3249
13.663749999999936,466,344,136,3249
13.664375000000064,1592,2168,144,3249
13.664999999999964,1280,2240,430,3249
13.665625000000091,1112,2342,134,3249
13.666249999999991,-208,970,334,3249
13.666875000000118,-690,-196,436,3249
13.667500000000018,-1434,-1408,376,3248
13.668124999999918,-1950,-1900,400,3248
13.668750000000045,-848,-1568,96,3248
13.669374999999945,-602,-1384,-292,3248
13.670000000000073,24,-90,242,3248
13.670624999999973,554,878,190,3248
13.6712500000001,1486,2030,0,3248
13.671875,1076,2242,228,3248
13.672500000000127,1852,3702,406,3248
13.673125000000027,934,2040,512,3248
13.673749999999927,-204,614,584,3248
13.674375000000055,-1096,-830,366,3248
13.674999999999955,-1520,-1690,654,3248
13.675625000000082,-978,-2270,96,3248
13.676249999999982,-1308,-2448,22,3248
13.67687500000011,-86,-1480,252,3248
13.677500000000009,-120,-1362,-92,3248
13.678124999999909,1232,856,312,3248
13.678750000000036,1324,1186,336,3248
13.679374999999936,2048,2150,332,3248
13.680000000000064,448,878,100,3248
13.680624999999964,576,1374,470,3248
13.681250000000091,-832,-994,434,3248
13.681874999999991,-1088,-1646,124,3248
13.682500000000118,-1426,-2118,226,3248
13.683125000000018,-1672,-2856,458,3248
13.683749999999918,-570,-1928,60,3248
13.684375000000045,-726,-1422,98,3247
13.684999999999945,480,224,196,3247
13.685625000000073,1608,1836,264,3247
13.686249999999973,1328,2598,152,3247
13.6868750000001,492,2102,178,3247
13.6875,1186,2910,-34,3247
13.688125000000127,-104,1550,294,3247
13.688750000000027,-1098,106,434,3247
13.689374999999927,-1092,-936,470,3247
13.690000000000055,-1560,-1956,332,3247
13.690624999999955,-1438,-2360,332,3247
13.691250000000082,-1092,-2020,258,3247
13.691874999999982,440,-312,600,3247
13.69250000000011,808,518,-60,3247
13.693125000000009,1720,2308,436,3247
13.693749999999909,1644,1964,18,3247
13.694375000000036,988,1854,294,3247
13.694999999999936,170,524,240,3247
13.695625000000064,-88,46,304,3247
13.696249999999964,-948,-1538,442,3247
13.696875000000091,-1258,-2048,608,3247
13.697499999999991,-1220,-3150,294,3247
13.698125000000118,-1344,-3382,-110,3247
13.698750000000018,-248,-1378,206,3247
13.699374999999918,354,-394,258,3247
13.700000000000045,1656,1344,-184,3247
13.700624999999945,1526,2014,50,3247
13.701250000000073,1204,2432,422,3247
13.701874999999973,604,1618,194,3247
13.7025000000001,218,1648,478,3247
13.703125,-682,276,536,3245
13.703750000000127,-1288,-1290,458,3245
13.704375000000027,-1714,-2120,332,3245
13.704999999999927,-1542,-1674,26,3245
13.705625000000055,-420,-1108,-88,3245
13.706249999999955,-68,-588,0,3245
13.706875000000082,1024,1554,46,3245
13.707499999999982,1034,1772,420,3245
13.70812500000011,1576,2702,438,3245
13.708750000000009,1462,2770,192,3245
13.709374999999909,518,2186,750,3245
13.710000000000036,214,722,670,3245
13.710624999999936,-518,-380,202,3245
13.711250000000064,-1730,-2228,534,3245
13.711874999999964,-1456,-2522,14,3245
13.712500000000091,-692,-1962,436,3245
13.713124999999991,-642,-2074,-64,3245
13.713750000000118,544,-684,108,3245
13.714375000000018,570,-294,92,3245
13.714999999999918,1206,1248,410,3245
13.715625000000045,1080,1040,222,3245
13.716249999999945,1530,1780,96,3245
13.716875000000073,-10,548,318,3245
13.717499999999973,-640,-428,498,3245
13.7181250000001,-1024,-1536,330,3245
13.71875,-1408,-2344,222,3245
13.719375000000127,-1366,-2360,270,3245
13.720000000000027,-742,-1774,104,3245
13.720624999999927,12,-890,110,3257
13.721250000000055,-50,-300,186,3257
13.721874999999955,1086,1612,134,3257
13.722500000000082,1080,1922,174,3257
13.723124999999982,1556,3434,122,3257
13.72375000000011,798,2776,200,3257
13.724375000000009,-122,1216,210,3257
13.724999999999909,-946,72,230,3257
13.725625000000036,-1416,-850,648,3257
13.726249999999936,-1626,-2316,540,3257
13.726875000000064,-1386,-2398,54,3257
13.727499999999964,-922,-1620,628,3257
13.728125000000091,-206,-1220,312,3257
13.728749999999991,908,300,114,3257
13.729375000000118,1258,1410,222,3257
13.730000000000018,2062,2688,-32,3257
13.730624999999918,1004,1612,424,3257
13.731250000000045,798,1252,214,3257
13.731874999999945,-468,-260,590,3257
13.732500000000073,-604,-1170,166,3257
13.733124999999973,-1084,-2062,402,3257
13.7337500000001,-1412,-2882,370,3257
13.734375,-908,-3060,134,3257
13.735000000000127,-746,-2496,-256,3257
13.735625000000027,256,-122,424,3257
13.736249999999927,1066,622,192,3257
13.736875000000055,1906,2232,-114,3257
13.737499999999955,778,1578,194,3257
13.738125000000082,1312,2746,228,3257
13.738749999999982,162,1326,378,3271
13.73937500000011,-716,656,516,3271
13.740000000000009,-1088,-484,328,3271
13.740624999999909,-1402,-1482,320,3271
13.741250000000036,-1380,-1984,114,3271
13.741874999999936,-1526,-1782,60,3271
13.742500000000064,122,-368,0,3271
13.743124999999964,814,702,16,3271
13.743750000000091,1246,1882,150,3271
13.744374999999991,984,2062,466,3271
13.745000000000118,1736,2930,392,3271
13.745625000000018,514,1774,622,3271
13.746249999999918,650,1582,434,3271
13.746875000000045,-642,-448,502,3271
13.747499999999945,-1114,-1396,422,3271
13.748125000000073,-1320,-2426,22,3271
13.748749999999973,-1462,-2668,276,3271
13.7493750000001,-978,-2876,114,3271
13.75,-62,-1238,394,3271
13.750625000000127,1152,32,0,3271
13.751250000000027,940,584,256,3271
13.751874999999927,1112,1492,474,3271
13.752500000000055,992,1272,150,3271
13.753124999999955,1000,1548,80,3271
13.753750000000082,-416,86,460,3271
13.754374999999982,-830,-818,472,3271
13.75500000000011,-1490,-2236,316,3271
13.755625000000009,-1662,-2732,46,3271
13.756249999999909,-760,-1792,142,3271
13.756875000000036,-408,-1400,194,3271
13.757499999999936,388,-104,130,3271
13.758125000000064,616,928,186,3271
13.758749999999964,1316,2122,106,3271
13.759375000000091,1088,2352,-144,3271
13.759999999999991,1080,3674,316,3271
13.760625000000118,612,2260,304,3271
13.761250000000018,-514,452,242,3271
13.761874999999918,-1496,-1084,410,3271
13.762500000000045,-1882,-1666,782,3271
13.763124999999945,-698,-1714,398,3271
13.763750000000073,-1498,-2384,312,3271
13.764374999999973,130,-898,192,3271
13.7650000000001,56,-328,230,3271
13.765625,1498,1378,48,3271
13.766250000000127,1224,1542,-8,3271
13.766875000000027,1644,2224,256,3271
13.767499999999927,568,904,248,3271
13.768125000000055,150,840,716,3271
13.768749999999955,-606,-1044,464,3271
13.769375000000082,-714,-1676,390,3271
13.769999999999982,-1816,-2810,446,3271
13.77062500000011,-928,-2550,104,3271
13.771250000000009,-288,-2026,50,3271
13.771874999999909,-524,-1680,0,3271
13.772500000000036,634,176,102,3271
13.773124999999936,1344,1394,302,3271
13.773750000000064,1716,2512,-10,3271
13.774374999999964,884,2144,170,3271
13.775000000000091,758,2300,464,3258
13.775624999999991,-188,964,412,3258
13.776250000000118,-894,194,392,3258
13.776875000000018,-1418,-1296,256,3258
13.777499999999918,-1372,-1892,-192,3258
13.778125000000045,-1236,-1578,286,3258
13.778749999999945,-1092,-1490,286,3258
13.779375000000073,704,222,138,3258
13.779999999999973,748,1096,158,3258
13.7806250000001,1854,2990,398,3258
13.78125,1280,2036,326,3258
13.781875000000127,808,1882,592,3258
13.782500000000027,266,1116,252,3258
13.783124999999927,-216,598,604,3258
13.783750000000055,-798,-1282,150,3258
13.784374999999955,-1664,-2278,224,3258
13.785000000000082,-1278,-2818,266,3258
13.785624999999982,-1412,-3200,-14,3258
13.78625000000011,6,-1318,378,3258
13.786875000000009,560,-480,186,3258
13.787499999999909,1604,840,164,3258
13.788125000000036,662,702,176,3258
13.788749999999936,1588,2414,404,3258
13.789375000000064,306,780,392,3258
13.789999999999964,-14,344,246,3258
13.790625000000091,-890,-662,232,3258
13.791249999999991,-1316,-1530,608,3258
13.791875000000118,-1030,-2038,200,3258
13.792500000000018,-1432,-2206,20,3258
13.793124999999918,-570,-1316,304,3260
13.793750000000045,602,-180,120,3260
13.794374999999945,858,1168,20,3260
13.795000000000073,450,1536,166,3260
13.795624999999973,1960,3288,-224,3260
13.7962500000001,1250,2932,210,3260
13.796875,278,2318,448,3260
13.797500000000127,-218,958,620,3260
13.798125000000027,-700,-220,446,3260
13.798749999999927,-1778,-1902,454,3260
13.799375000000055,-1870,-2322,558,3260
13.799999999999955,-776,-2090,530,3260
13.800625000000082,-370,-1326,-74,3260
13.801249999999982,656,62,346,3260
13.80187500000011,1124,590,-234,3260
13.802500000000009,1546,1988,276,3260
13.803124999999909,1094,1388,96,3260
13.803750000000036,1600,2326,262,3260
13.804374999999936,102,344,392,3260
13.805000000000064,-520,-538,642,3260
13.805624999999964,-1210,-2348,384,3260
13.806250000000091,-1708,-3332,132,3260
13.806874999999991,-1226,-2574,232,3260
13.807500000000118,-800,-2036,400,3260
13.808125000000018,544,-834,-118,3260
13.808749999999918,562,-138,-16,3260
13.809375000000045,1208,1610,274,3260
13.809999999999945,1370,1924,48,3260
13.810625000000073,1602,3306,248,3260
13.811249999999973,426,2052,460,3259
13.8118750000001,-196,882,474,3259
13.8125,-1298,-672,362,3259
13.813125000000127,-1332,-708,230,3259
13.813750000000027,-1092,-1374,0,3259
13.814374999999927,-1384,-2218,12,3259
13.815000000000055,-434,-952,68,3259
13.815624999999955,-128,-138,448,3259
13.816250000000082,1160,1318,376,3259
13.816874999999982,1800,2330,134,3259
13.81750000000011,1168,2796,690,3259
13.818125000000009,1094,1874,646,3259
13.818749999999909,1056,1960,154,3259
13.819375000000036,-840,-272,486,3259
13.819999999999936,-780,-1020,132,3259
13.820625000000064,-1290,-2104,500,3259
13.821249999999964,-1554,-2990,28,3259
13.821875000000091,-1028,-2892,318,3259
13.822499999999991,-494,-2154,70,3259
13.823125000000118,642,-228,290,3259
13.823750000000018,972,492,242,3259
13.824374999999918,2048,1876,-144,3259
13.825000000000045,1138,1620,112,3259
13.825624999999945,472,1602,598,3259
13.826250000000073,-118,346,316,3259
13.826874999999973,-668,-612,384,3259
13.8275000000001,-1208,-1494,300,3259
13.828125,-1180,-1850,168,3259
13.828750000000127,-1168,-2298,326,3259
13.829375000000027,-1426,-2240,260,3245
13.829999999999927,204,-272,102,3245
13.830625000000055,828,872,104,3245
13.831249999999955,1528,2508,-64,3245
13.831875000000082,1426,2904,-56,3245
13.832499999999982,1018,2642,192,3245
13.83312500000011,542,2204,238,3245
13.833750000000009,-172,1480,634,3245
13.834374999999909,-908,-436,620,3245
13.835000000000036,-1360,-1576,354,3245
13.835624999999936,-1600,-2078,744,3245
13.836250000000064,-1076,-1958,378,3245
13.836874999999964,-152,-1348,158,3245
13.837500000000091,372,-362,132,3245
13.838124999999991,1294,1102,-98,3245
13.838750000000118,944,998,280,3245
13.839375000000018,1686,2180,146,3245
13.839999999999918,742,1430,558,3245
13.840625000000045,396,608,274,3245
13.841249999999945,-532,-864,426,3245
13.841875000000073,-1070,-1882,472,3245
13.842499999999973,-1530,-3192,200,3245
13.8431250000001,-1350,-3006,-106,3245
13.84375,-712,-2010,424,3245
13.844375000000127,10,-1138,220,3245
13.845000000000027,1206,564,-56,3245
13.845624999999927,696,834,86,3245
13.846250000000055,1496,2414,146,3245
13.846874999999955,852,1966,336,3245
13.847500000000082,384,1964,284,3250
13.848124999999982,-382,1030,352,3250
13.84875000000011,-780,-130,336,3250
13.849375000000009,-1424,-1490,82,3250
13.849999999999909,-2014,-1850,204,3250
13.850625000000036,-712,-1268,142,3250
13.851249999999936,-264,-896,-82,3250
13.851875000000064,462,380,184,3250
13.852499999999964,768,1204,420,3250
13.853125000000091,1724,2516,398,3250
13.853749999999991,1102,2344,570,3250
13.854375000000118,1406,2800,480,3250
13.855000000000018,272,1058,508,3250
13.855624999999918,-462,-52,522,3250
13.856250000000045,-1378,-1980,162,3250
13.856874999999945,-1444,-2328,262,3250
13.857500000000073,-1152,-2672,150,3250
13.858124999999973,-1092,-2464,284,3250
13.8587500000001,450,-1154,38,3250
13.859375,320,-618,146,3250
13.860000000000127,1088,1060,336,3250
13.860625000000027,1404,1536,142,3250
13.861249999999927,1478,1924,-16,3250
13.861875000000055,16,770,484,3250
13.862499999999955,-156,584,638,3250
13.863125000000082,-1172,-1334,418,3250
13.863749999999982,-1376,-1864,128,3250
13.86437500000011,-1260,-2216,248,3250
13.865000000000009,-1078,-2298,240,3250
13.865624999999909,-274,-1292,86,3235
13.866250000000036,-190,-308,146,3235
13.866874999999936,1434,1768,18,3235
13.867500000000064,1396,2368,-236,3235
13.868124999999964,1388,3550,86,3235
13.868750000000091,962,2758,286,3235
13.869374999999991,46,1400,336,3235
13.870000000000118,-898,-198,282,3235
13.870625000000018,-1080,-368,848,3235
13.871249999999918,-696,-1266,482,3235
13.871875000000045,-1294,-1800,452,3235
13.872499999999945,-482,-1586,226,3235
13.873125000000073,-320,-962,288,3235
13.873749999999973,1090,604,60,3235
13.8743750000001,976,1006,-98,3235
13.875,2054,2806,282,3235
13.875625000000127,1178,1758,228,3235
13.876250000000027,534,1294,674,3235
13.876874999999927,-594,-756,494,3235
13.877500000000055,-514,-1398,350,3235
13.878124999999955,-1536,-2384,304,3235
13.878750000000082,-1168,-2634,102,3235
13.879374999999982,-568,-2444,94,3235
13.88000000000011,-606,-1888,128,3235
13.880625000000009,350,-190,84,3235
13.881249999999909,1478,1398,330,3235
13.881875000000036,1470,2046,96,3235
13.882499999999936,560,1648,230,3235
13.883125000000064,734,2224,506,3221
13.883749999999964,-258,880,458,3221
13.884375000000091,-1008,-70,270,3221
13.884999999999991,-1128,-920,258,3221
13.885625000000118,-1568,-2076,-204,3221
13.886250000000018,-1100,-1564,134,3221
13.886874999999918,-980,-1256,286,3221
13.887500000000045,782,304,36,3221
13.888124999999945,1100,1410,76,3221
13.888750000000073,1624,2816,512,3221
13.889374999999973,1324,2176,466,3221
13.8900000000001,722,1974,656,3221
13.890625,50,822,290,3221
13.891250000000127,-40,662,610,3221
13.891875000000027,-690,-1156,176,3221
13.892499999999927,-1262,-1856,172,3221
13.893125000000055,-1196,-2624,200,3221
13.893749999999955,-1280,-2788,0,3221
13.894375000000082,232,-960,344,3221
13.894999999999982,666,-108,204,3221
13.89562500000011,2034,1672,134,3221
13.896250000000009,1244,1574,138,3221
13.896874999999909,1250,2032,284,3221
13.897500000000036,196,704,414,3221
13.898124999999936,-428,-4,430,3221
13.898750000000064,-1012,-1050,222,3221
13.899374999999964,-1322,-1942,602,3221
13.900000000000091,-1332,-2764,192,3221
13.900624999999991,-1334,-2240,34,3236
13.901250000000118,-228,-836,338,3236
13.901875000000018,628,-32,64,3236
13.902499999999918,1152,1876,88,3236
13.903125000000045,536,1710,168,3236
13.903749999999945,1472,2880,-232,3236
13.904375000000073,596,2390,276,3236
13.904999999999973,-310,1342,436,3236
13.9056250000001,-452,170,472,3236
13.90625,-1244,-1044,396,3236
13.906875000000127,-1720,-2100,486,3236
13.907500000000027,-1608,-2244,460,3236
13.908124999999927,-196,-1344,594,3236
13.908750000000055,326,-324,10,3236
13.909374999999955,1196,1134,314,3236
13.910000000000082,1334,1246,-114,3236
13.910624999999982,1326,2112,360,3236
13.91125000000011,744,1184,150,3236
13.911875000000009,1048,1510,186,3236
13.912499999999909,-704,-730,522,3236
13.913125000000036,-1070,-1640,542,3236
13.913749999999936,-1292,-2874,314,3236
13.914375000000064,-1758,-3518,114,3236
13.914999999999964,-642,-2048,186,3236
13.915625000000091,-150,-1152,400,3236
13.916249999999991,938,-10,-84,3236
13.916875000000118,1072,904,-46,3236
13.917500000000018,1374,2324,424,3236
13.918124999999918,922,1810,146,3236
13.918750000000045,866,2456,274,3236
13.919374999999945,-246,1322,612,3232
13.920000000000073,-930,-530,326,3232
13.920624999999973,-1754,-1602,384,3232
13.9212500000001,-1984,-1898,334,3232
13.921875,-792,-1504,-144,3232
13.922500000000127,-566,-1340,-94,3232
13.923125000000027,606,718,74,3232
13.923749999999927,686,1092,342,3232
13.924375000000055,1508,2344,406,3232
13.924999999999955,1770,3046,344,3232
13.925625000000082,978,2486,646,3232
13.926249999999982,490,1194,792,3232
13.92687500000011,-74,264,232,3232
13.927500000000009,-1658,-1882,526,3232
13.928124999999909,-1464,-2314,0,3232
13.928750000000036,-910,-2112,342,3232
13.929374999999936,-1088,-2650,-150,3232
13.930000000000064,194,-1292,184,3232
13.930624999999964,322,-776,78,3232
13.931250000000091,1472,1384,350,3232
13.931874999999991,1394,1506,278,3232
13.932500000000118,1834,2102,24,3232
13.933125000000018,226,882,262,3232
13.933749999999918,-454,60,640,3232
13.934375000000045,-930,-1244,342,3232
13.934999999999945,-1344,-2126,274,3232
13.935625000000073,-1398,-2336,246,3232
13.936249999999973,-1004,-2088,114,3232
13.9368750000001,-150,-1242,140,3232
13.9375,-248,-562,264,3230
13.938125000000127,1010,1466,132,3230
13.938750000000027,1138,1906,42,3230
13.939374999999927,1748,3608,34,3230
13.940000000000055,1004,3054,38,3230
13.940624999999955,-190,1254,144,3230
13.941250000000082,-708,326,328,3230
13.941874999999982,-1476,-788,616,3230
13.94250000000011,-1800,-2448,688,3230
13.943125000000009,-1494,-2558,190,3230
13.943749999999909,-608,-1196,664,3230
13.944375000000036,-200,-918,428,3230
13.944999999999936,936,472,64,3230
13.945625000000064,1352,1550,172,3230
13.946249999999964,1894,2568,-22,3230
13.946875000000091,866,1514,386,3230
13.947499999999991,752,1198,194,3230
13.948125000000118,-758,-618,640,3230
13.948750000000018,-752,-1508,146,3230
13.949374999999918,-1120,-2298,334,3230
13.950000000000045,-1568,-3092,456,3230
13.950624999999945,-668,-2880,0,3230
13.951250000000073,-630,-2102,-156,3230
13.951874999999973,630,200,394,3230
13.9525000000001,1294,1112,266,3230
13.953125,1772,2414,70,3230
13.953750000000127,762,1872,294,3230
13.954375000000027,740,2092,272,3230
13.954999999999927,-280,646,374,3230
13.955625000000055,-996,-152,482,3235
13.956249999999955,-1484,-1376,232,3235
13.956875000000082,-1118,-1536,96,3235
13.957499999999982,-534,-1046,-22,3235
13.95812500000011,-1030,-1104,28,3235
13.958750000000009,532,440,38,3235
13.959374999999909,1086,1286,-80,3235
13.960000000000036,1664,2990,306,3235
13.960624999999936,1358,2918,630,3235
13.961250000000064,998,2432,472,3235
13.961874999999964,-242,988,776,3235
13.962500000000091,-552,-40,578,3235
13.963124999999991,-1404,-1952,524,3235
13.963750000000118,-1532,-2530,224,3235
13.964375000000018,-1068,-2590,36,3235
13.964999999999918,-950,-2176,206,3235
13.965625000000045,284,-896,-38,3235
13.966249999999945,816,264,222,3235
13.966875000000073,1804,1776,60,3235
13.967499999999973,984,1126,150,3235
13.9681250000001,926,1382,516,3235
13.96875,-114,32,258,3235
13.969375000000127,-232,-484,36,3235
13.970000000000027,-1282,-1444,710,3235
13.970624999999927,-1534,-2484,524,3235
13.971250000000055,-1206,-2980,282,3235
13.971874999999955,-1170,-2428,62,3235
13.972500000000082,396,-416,-26,3235
13.973124999999982,824,504,122,3235
13.97375000000011,1430,2276,12,3233
13.974375000000009,896,2182,192,3233
13.974999999999909,1586,3328,188,3233
13.975625000000036,58,1728,64,3233
13.976249999999936,-522,1330,228,3233
13.976875000000064,-860,-186,374,3233
13.977499999999964,-1464,-1752,120,3233
13.978125000000091,-1410,-1950,206,3233
13.978749999999991,-1446,-1764,636,3233
13.979375000000118,192,-758,322,3233
13.980000000000018,182,16,492,3233
13.980624999999918,1598,1824,306,3233
13.981250000000045,1412,2036,396,3233
13.981874999999945,1468,2280,298,3233
13.982500000000073,448,1070,72,3233
13.983124999999973,70,576,468,3233
13.9837500000001,-1112,-1440,258,3233
13.984375,-1476,-2128,552,3233
13.985000000000127,-1480,-3370,214,3233
13.985625000000027,-1118,-2784,184,3233
13.986249999999927,-378,-1576,252,3233
13.986875000000055,480,-686,6,3233
13.987499999999955,1798,1436,-108,3233
13.988125000000082,770,1096,356,3233
13.988749999999982,1038,1978,392,3233
13.98937500000011,786,1872,472,3233
13.990000000000009,178,1052,234,3233
13.990624999999909,-800,-484,208,3233
13.991250000000036,-1386,-1538,438,3233
13.991874999999936,-1580,-2286,408,3229
13.992500000000064,-1626,-2128,176,3229
13.993124999999964,-82,-700,170,3229
13.993750000000091,370,80,-376,3229
13.994374999999991,1374,2240,-194,3229
13.995000000000118,1244,2358,176,3229
13.995625000000018,1912,3538,140,3229
13.996249999999918,610,2250,196,3229
13.996875000000045,616,2348,806,3229
13.997499999999945,-322,102,620,3229
13.998125000000073,-1522,-1440,716,3229
13.998749999999973,-1216,-1934,414,3229
13.9993750000001,-1632,-2334,450,3229
14.0,-322,-1792,88,3229
14.000625000000127,-128,-904,-108,3229
14.001250000000027,1286,802,62,3229
14.001874999999927,1234,1002,-20,3229
14.002500000000055,1454,2106,498,3229
14.003124999999955,716,1110,376,3229
14.003750000000082,836,912,352,3229
14.004374999999982,-956,-832,398,3229
14.00500000000011,-1068,-1614,248,3229
14.005625000000009,-1634,-3094,382,3229
14.006249999999909,-1458,-2956,162,3229
14.006875000000036,-796,-1956,176,3229
14.007499999999936,46,-1032,352,3229
14.008125000000064,1258,856,-12,3229
14.008749999999964,664,1034,88,3229
14.009375000000091,1168,2356,384,3232
14.009999999999991,1384,2828,310,3232
14.010625000000118,288,2032,246,3232
14.011250000000018,-504,626,292,3232
14.011874999999918,-974,-640,-136,3232
14.012500000000045,-1684,-1576,180,3232
14.013124999999945,-1898,-2020,384,3232
14.013750000000073,-368,-1210,218,3232
14.014374999999973,-282,-794,88,3232
14.0150000000001,1046,1080,358,3232
14.015625,846,1134,484,3232
14.016250000000127,2050,3020,504,3232
14.016875000000027,1074,2056,230,3232
14.017499999999927,1152,2398,616,3232
14.018125000000055,-140,30,76,3232
14.018749999999955,-990,-1082,396,3232
14.019375000000082,-1276,-2252,272,3232
14.019999999999982,-1664,-2914,96,3232
14.02062500000011,-768,-2398,356,3232
14.021250000000009,-364,-1594,224,3232
14.021874999999909,1004,-334,64,3232
14.022500000000036,828,256,-78,3232
14.023124999999936,1352,1832,202,3232
14.023750000000064,816,1312,424,3232
14.024374999999964,710,1496,328,3232
14.025000000000091,-200,572,350,3232
14.025624999999991,-836,-564,712,3232
14.026250000000118,-1512,-2096,370,3232
14.026875000000018,-1938,-2678,144,3245
14.027499999999918,-954,-1710,302,3245
14.028125000000045,-308,-1320,120,3245
14.028749999999945,554,394,-40,3245
14.029375000000073,208,818,36,3245
14.029999999999973,1394,2246,-200,3245
14.0306250000001,1776,3150,-20,3245
14.03125,618,2646,354,3245
14.031875000000127,302,1696,484,3245
14.032500000000027,-464,454,540,3245
14.033124999999927,-1574,-1524,494,3245
14.033750000000055,-1856,-2060,670,3245
14.034374999999955,-680,-1736,732,3245
14.035000000000082,-798,-1936,-32,3245
14.035624999999982,424,-450,320,3245
14.03625000000011,528,-150,-202,3245
14.036875000000009,1934,2284,258,3245
14.037499999999909,1384,1856,126,3245
14.038125000000036,1650,2284,100,3245
14.038749999999936,16,320,480,3245
14.039375000000064,-514,-640,540,3245
14.039999999999964,-1052,-2066,280,3245
14.040625000000091,-1494,-2802,166,3245
14.041249999999991,-1134,-2456,192,3245
14.041875000000118,-784,-1910,354,3245
14.042500000000018,352,-1144,-6,3245
14.043124999999918,376,-344,64,3245
14.043750000000045,1176,1584,344,3245
14.044374999999945,1112,1616,146,3245
14.045000000000073,1528,3030,194,3245
14.045624999999973,480,2368,514,3229
14.0462500000001,-328,572,384,3229
14.046875,-1316,-736,272,3229
14.047500000000127,-1886,-1390,340,3229
14.048125000000027,-1052,-1562,-84,3229
14.048749999999927,-1092,-2040,-196,3229
14.049375000000055,-48,-346,64,3229
14.049999999999955,234,378,382,3229
14.050625000000082,1386,1798,364,3229
14.051249999999982,1748,2652,226,3229
14.05187500000011,1264,2702,626,3229
14.052500000000009,754,1606,882,3229
14.053124999999909,426,980,180,3229
14.053750000000036,-1338,-1152,698,3229
14.054374999999936,-1240,-1936,24,3229
14.055000000000064,-1216,-2306,416,3229
14.055624999999964,-1224,-2852,-158,3229
14.056250000000091,-320,-2010,164,3229
14.056874999999991,146,-1230,4,3229
14.057500000000118,966,668,278,3229
14.058125000000018,1254,1042,202,3229
14.058749999999918,2040,2158,-18,3229
14.059375000000045,502,1256,188,3229
14.059999999999945,-192,582,638,3229
14.060625000000073,-786,-936,402,3229
14.061249999999973,-1410,-2110,314,3229
14.0618750000001,-1362,-2228,336,3229
14.0625,-878,-1894,104,3229
14.063125000000127,-434,-1522,194,3229
14.063750000000027,-420,-836,354,3231
14.064374999999927,974,1198,136,3231
14.065000000000055,1240,1910,86,3231
14.065624999999955,1758,3886,126,3231
14.066250000000082,1006,3096,0,3231
14.066874999999982,24,1486,4,3231
14.06750000000011,-768,470,384,3231
14.068125000000009,-1122,-362,592,3231
14.068749999999909,-1260,-1692,520,3231
14.069375000000036,-1444,-2294,310,3231
14.069999999999936,-528,-1104,658,3231
14.070625000000064,-120,-808,458,3231
14.071249999999964,1178,758,120,3231
14.071875000000091,1532,1924,270,3231
14.072499999999991,1674,2284,2,3231
14.073125000000118,694,1336,428,3231
14.073750000000018,828,1486,224,3231
14.074374999999918,-838,-798,594,3231
14.075000000000045,-818,-1738,230,3231
14.075624999999945,-1408,-2820,274,3231
14.076250000000073,-1302,-2944,312,3231
14.076874999999973,-380,-2464,-42,3231
14.0775000000001,-254,-1652,-182,3231
14.078125,820,742,434,3231
14.078750000000127,1206,1204,300,3231
14.079375000000027,1792,2478,54,3231
14.079999999999927,606,1712,310,3231
14.080625000000055,278,1172,256,3231
14.081249999999955,-716,-130,464,3231
14.081875000000082,-1660,-1200,496,3233
14.082499999999982,-1132,-1342,140,3233
14.08312500000011,-918,-1346,128,3233
14.083750000000009,-704,-1468,0,3233
14.084374999999909,-368,-552,-48,3233
14.085000000000036,1058,1324,-84,3233
14.085624999999936,1550,2296,-84,3233
14.086250000000064,1830,3694,320,3233
14.086874999999964,918,2450,540,3233
14.087500000000091,448,1752,582,3233
14.088124999999991,-888,-108,870,3233
14.088750000000118,-860,-848,510,3233
14.089375000000018,-1188,-2088,448,3233
14.089999999999918,-1370,-2522,272,3233
14.090625000000045,-252,-1368,-36,3233
14.091249999999945,-290,-1080,192,3233
14.091875000000073,1168,534,-98,3233
14.092499999999973,1438,1462,356,3233
14.0931250000001,1790,2044,94,3233
14.09375,716,1136,340,3233
14.094375000000127,402,760,494,3233
14.095000000000027,-888,-1160,276,3233
14.095624999999927,-888,-1770,-34,3233
14.096250000000055,-1618,-2502,668,3233
14.096874999999955,-1156,-2554,416,3233
14.097500000000082,-614,-2302,116,3233
14.098124999999982,-204,-1284,86,3233
14.09875000000011,1066,976,38,3233
14.099375000000009,1124,1596,264,3233
14.099999999999909,1548,3146,130,3231
14.100625000000036,764,2488,214,3231
14.101249999999936,364,1680,220,3231
14.101875000000064,-988,-64,144,3231
14.102499999999964,-1748,-784,298,3231
14.103125000000091,-1032,-1102,168,3231
14.103749999999991,-1294,-2034,-6,3231
14.104375000000118,-566,-1262,220,3231
14.105000000000018,-358,-616,434,3231
14.105624999999918,1206,1090,388,3231
14.106250000000045,1082,1670,568,3231
14.106874999999945,2028,3056,406,3231
14.107500000000073,844,1632,418,3231
14.108124999999973,774,1834,550,3231
14.1087500000001,-616,-502,76,3231
14.109375,-1008,-1274,292,3231
14.110000000000127,-1456,-2790,176,3231
14.110625000000027,-1236,-2598,366,3231
14.111249999999927,-358,-2176,172,3231
14.111875000000055,-214,-1470,132,3231
14.112499999999955,870,306,178,3231
14.113125000000082,1286,1012,94,3231
14.113749999999982,2074,2408,-64,3231
14.11437500000011,808,1798,498,3231
14.115000000000009,110,952,556,3231
14.115624999999909,-674,-380,434,3231
14.116250000000036,-1232,-1408,270,3231
14.116874999999936,-1116,-1766,280,3231
14.117500000000064,-1128,-2006,310,3231
14.118124999999964,-1168,-2218,178,3230
14.118750000000091,-406,-810,98,3230
14.119374999999991,848,978,-24,3230
14.120000000000118,1198,1914,-226,3230
14.120625000000018,1714,3830,46,3230
14.121249999999918,996,2816,226,3230
14.121875000000045,302,1712,318,3230
14.122499999999945,-912,-76,328,3230
14.123125000000073,-1380,-640,942,3230
14.123749999999973,-780,-1498,524,3230
14.1243750000001,-2022,-2788,544,3230
14.125,-536,-1718,342,3230
14.125625000000127,-506,-1072,266,3230
14.126250000000027,1202,588,28,3230
14.126874999999927,1126,1138,-92,3230
14.127500000000055,1704,2286,150,3230
14.128124999999955,812,1240,110,3230
14.128750000000082,396,1042,656,3230
14.129374999999982,-620,-1010,414,3230
14.13000000000011,-362,-1402,276,3230
14.130625000000009,-2060,-3046,356,3230
14.131249999999909,-1062,-2546,128,3230
14.131875000000036,-442,-2228,164,3230
14.132499999999936,-260,-1588,146,3230
14.133125000000064,804,494,184,3230
14.133749999999964,1392,1576,370,3230
14.134375000000091,1796,2836,106,3230
14.134999999999991,550,1714,218,3230
14.135625000000118,190,1392,466,3246
14.136250000000018,-438,576,468,3246
14.136874999999918,-1472,-830,166,3246
14.137500000000045,-1102,-1106,184,3246
14.138124999999945,-1184,-1790,-184,3246
14.138750000000073,-568,-1090,42,3246
14.139374999999973,-460,-518,200,3246
14.1400000000001,1150,1228,128,3246
14.140625,1226,2026,70,3246
14.141250000000127,2094,3782,596,3246
14.141875000000027,1148,2140,576,3246
14.142499999999927,544,1894,714,3246
14.143125000000055,-600,0,520,3246
14.143749999999955,-998,-798,626,3246
14.144375000000082,-1268,-2364,152,3246
14.144999999999982,-1388,-2506,42,3246
14.14562500000011,-340,-1690,36,3246
14.146250000000009,-440,-1672,-186,3246
14.146874999999909,896,410,366,3246
14.147500000000036,832,546,208,3246
14.148124999999936,2112,1998,166,3246
14.148750000000064,824,1512,294,3246
14.149374999999964,518,1152,354,3246
14.150000000000091,-844,-918,496,3246
14.150624999999991,-1438,-1964,506,3246
14.151250000000118,-1384,-2248,270,3246
14.151875000000018,-1180,-2446,464,3246
14.152499999999918,-368,-1840,100,3246
14.153125000000045,-536,-1118,54,3259
14.153749999999945,548,632,214,3259
14.154375000000073,1604,1924,94,3259
14.154999999999973,1456,3038,16,3259
14.1556250000001,422,2118,180,3259
14.15625,630,2018,-42,3259
14.156875000000127,-644,630,160,3259
14.157500000000027,-1490,-606,396,3259
14.158124999999927,-998,-1190,444,3259
14.158750000000055,-1632,-2218,250,3259
14.159374999999955,-984,-1882,462,3259
14.160000000000082,-596,-1292,566,3259
14.160624999999982,1190,860,542,3259
14.16125000000011,1262,1480,144,3259
14.161875000000009,1932,2836,502,3259
14.162499999999909,1196,1750,6,3259
14.163125000000036,406,1258,342,3259
14.163749999999936,-476,-422,166,3259
14.164375000000064,-912,-1476,42,3259
14.164999999999964,-1230,-2328,408,3259
14.165625000000091,-1038,-2164,338,3259
14.166249999999991,-622,-2746,190,3259
14.166875000000118,-582,-2346,-92,3259
14.167500000000018,712,208,174,3259
14.168124999999918,1000,944,462,3259
14.168750000000045,1908,2426,104,3259
14.169374999999945,1186,2286,238,3259
14.170000000000073,434,1678,664,3259
14.170624999999973,-478,24,384,3259
14.1712500000001,-1160,-844,290,3255
14.171875,-1334,-1238,524,3255
14.172500000000127,-1560,-2404,282,3255
14.173125000000027,-800,-1698,-50,3255
14.173749999999927,-764,-750,56,3255
14.174375000000055,798,832,-266,3255
14.174999999999955,1662,2146,-156,3255
14.175625000000082,1234,2922,114,3255
14.176249999999982,1002,2568,538,3255
14.17687500000011,1114,2778,574,3255
14.177500000000009,-436,664,632,3255
14.178124999999909,-942,-530,658,3255
14.178750000000036,-1130,-1612,990,3255
14.179374999999936,-1156,-2280,30,3255
14.180000000000064,-766,-1964,324,3255
14.180624999999964,-252,-1370,-152,3255
14.181250000000091,874,634,226,3255
14.181874999999991,928,730,-218,3255
14.182500000000118,2122,2510,106,3255
14.183125000000018,914,1088,320,3255
14.183749999999918,472,792,478,3255
14.184375000000045,-488,-744,350,3255
14.184999999999945,-1018,-1844,188,3255
14.185625000000073,-1442,-2324,226,3255
14.186249999999973,-1326,-2378,590,3255
14.1868750000001,-344,-2160,70,3255
14.1875,-430,-1922,-20,3255
14.188125000000127,696,300,278,3255
14.188750000000027,1122,1090,66,3255
14.189374999999927,1912,3162,186,3255
14.190000000000055,736,2406,544,3255
14.190624999999955,496,1890,288,3255
14.191250000000082,-786,362,218,3255
14.191874999999982,-1048,34,326,3255
14.19250000000011,-1190,-1228,-46,3255
14.193125000000009,-1474,-2242,-130,3255
14.193749999999909,-772,-978,126,3255
14.194375000000036,-486,-454,416,3255
14.194999999999936,1126,918,448,3255
14.195625000000064,1564,1910,200,3255
14.196249999999964,1530,3030,704,3255
14.196875000000091,1270,2176,726,3255
14.197499999999991,1006,1908,248,3255
14.198125000000118,-764,-166,536,3255
14.198750000000018,-922,-1216,100,3255
14.199374999999918,-770,-1460,418,3255
14.200000000000045,-1216,-2432,-102,3255
14.200624999999945,-1014,-2698,282,3255
14.201250000000073,-76,-1668,50,3255
14.201874999999973,858,202,172,3255
14.2025000000001,1238,992,150,3255
14.203125,2110,2478,0,3255
14.203750000000127,604,1152,110,3255
14.204375000000027,262,1010,656,3255
14.204999999999927,-564,-534,492,3255
14.205625000000055,-1386,-1834,288,3255
14.206249999999955,-1436,-2094,380,3255
14.206875000000082,-1472,-2632,160,3255
14.207499999999982,-494,-1748,142,3255
14.20812500000011,-640,-1088,274,3255
14.208750000000009,896,992,-54,3255
14.209374999999909,1334,2048,66,3255
14.210000000000036,1464,3124,84,3255
14.210624999999936,754,2402,94,3255
14.211250000000064,304,1800,18,3255
14.211874999999964,-576,628,274,3255
14.212500000000091,-1158,-246,608,3255
14.213124999999991,-1600,-2044,698,3255
14.213750000000118,-1286,-2214,262,3255
14.214375000000018,-640,-1242,666,3255
14.214999999999918,-182,-944,390,3255
14.215625000000045,1232,704,108,3255
14.216249999999945,1364,1678,210,3255
14.216875000000073,1934,2672,14,3255
14.217499999999973,920,1490,376,3255
14.2181250000001,492,854,84,3255
14.21875,-762,-648,592,3255
14.219375000000127,-1084,-1940,244,3255
14.220000000000027,-980,-2276,306,3255
14.220624999999927,-868,-2336,312,3255
14.221250000000055,-344,-2206,56,3255
14.221874999999955,-268,-1724,-210,3255
14.222500000000082,698,760,568,3255
14.223124999999982,1472,1494,280,3255
14.22375000000011,1836,2664,48,3255
14.224375000000009,462,1546,320,3255
14.224999999999909,500,1784,274,3255
14.225625000000036,-708,-68,408,3255
14.226249999999936,-1418,-972,384,3255
14.226875000000064,-1330,-1542,228,3255
14.227499999999964,-958,-1546,134,3255
14.228125000000091,-404,-898,-6,3255
14.228749999999991,-590,-612,-72,3255
14.229375000000118,1082,1284,-58,3255
14.230000000000018,1276,1940,28,3255
14.230624999999918,1578,3112,280,3255
14.231250000000045,950,2562,722,3255
14.231874999999945,382,1626,612,3255
14.232500000000073,-832,32,824,3255
14.233124999999973,-1094,-1154,476,3255
14.2337500000001,-1570,-2570,532,3255
14.234375,-1292,-2508,128,3255
14.235000000000127,-288,-1722,-228,3255
14.235625000000027,-56,-960,192,3255
14.236249999999927,964,400,-164,3255
14.236875000000055,1408,1520,344,3255
14.237499999999955,1748,2130,324,3255
14.238125000000082,600,886,274,3255
14.238749999999982,146,438,586,3255
14.23937500000011,-914,-1466,320,3255
14.240000000000009,-1138,-2026,26,3255
14.240624999999909,-1374,-2296,602,3255
14.241250000000036,-1246,-2670,416,3255
14.241874999999936,-144,-1792,38,3255
14.242500000000064,-258,-1078,56,3255
14.243124999999964,1322,1350,24,3255
14.243750000000091,1472,2012,136,3255
14.244374999999991,1322,2854,180,3254
14.245000000000118,646,2394,166,3254
14.245625000000018,48,1314,330,3254
14.246249999999918,-888,-156,120,3254
14.246875000000045,-1430,-584,168,3254
14.247499999999945,-1444,-1736,192,3254
14.248125000000073,-1204,-1882,136,3254
14.248749999999973,-412,-1098,240,3254
14.2493750000001,-274,-472,490,3254
14.25,1446,1568,514,3254
14.250625000000127,1064,1746,502,3254
14.251250000000027,1976,3158,440,3254
14.251874999999927,1030,2110,500,3254
14.252500000000055,244,1132,384,3254
14.253124999999955,-892,-982,4,3254
14.253750000000082,-1326,-1772,296,3254
14.254374999999982,-1234,-2634,56,3254
14.25500000000011,-1450,-2818,348,3254
14.255625000000009,-184,-2052,228,3254
14.256249999999909,-30,-1292,28,3254
14.256875000000036,874,556,352,3254
14.257499999999936,1436,1378,190,3254
14.258125000000064,1632,1976,-38,3254
14.258749999999964,158,922,524,3254
14.259375000000091,252,1086,620,3254
14.259999999999991,-872,-806,448,3254
14.260625000000118,-1146,-1372,238,3254
14.261250000000018,-1434,-2318,256,3254
14.261874999999918,-1112,-2220,200,3254
14.262500000000045,-404,-1118,88,3255
14.263124999999945,-104,-238,-22,3255
14.263750000000073,998,1504,56,3255
14.264374999999973,1132,1996,-192,3255
14.2650000000001,1528,3644,28,3255
14.265625,1188,3228,434,3255
14.266250000000127,146,1310,232,3255
14.266875000000027,-1096,-336,434,3255
14.267499999999927,-1558,-1096,814,3255
14.268125000000055,-846,-1500,598,3255
14.268749999999955,-1382,-2180,382,3255
14.269375000000082,-128,-1068,286,3255
14.269999999999982,2,-550,270,3255
14.27062500000011,1310,1038,38,3255
14.271250000000009,1182,1464,-118,3255
14.271874999999909,1948,2864,208,3255
14.272500000000036,612,1054,94,3255
14.273124999999936,380,1008,672,3255
14.273750000000064,-924,-1460,374,3255
14.274374999999964,-1018,-1962,274,3255
14.275000000000091,-1568,-2820,418,3255
14.275624999999991,-760,-2402,216,3255
14.276250000000118,76,-1598,-34,3255
14.276875000000018,-340,-1122,402,3255
14.277499999999918,1052,768,54,3255
14.278125000000045,1496,1968,436,3255
14.278749999999945,1680,2684,104,3255
14.279375000000073,458,1746,224,3255
14.279999999999973,112,1380,392,3242
14.2806250000001,-894,-54,384,3242
14.28125,-1548,-1138,182,3242
14.281875000000127,-1146,-1494,176,3242
14.282500000000027,-1034,-1770,-198,3242
14.283124999999927,-584,-960,16,3242
14.283750000000055,-14,0,208,3242
14.284374999999955,1334,1624,158,3242
14.285000000000082,1124,2068,212,3242
14.285624999999982,1998,3846,568,3242
14.28625000000011,1094,2112,604,3242
14.286875000000009,-60,856,656,3242
14.287499999999909,-882,-496,450,3242
14.288125000000036,-1432,-1496,700,3242
14.288749999999936,-1104,-2396,86,3242
14.289375000000064,-1658,-2864,-16,3242
14.289999999999964,-128,-1608,82,3242
14.290625000000091,-258,-1424,-254,3242
14.291249999999991,1456,1098,320,3242
14.291875000000118,1208,1252,334,3242
14.292500000000018,1864,1952,236,3242
14.293124999999918,320,876,314,3242
14.293750000000045,40,464,466,3242
14.294374999999945,-960,-1388,504,3242
14.295000000000073,-1174,-2100,300,3242
14.295624999999973,-1820,-2890,236,3242
14.2962500000001,-1060,-2368,468,3242
14.296875,-198,-1550,60,3242
14.297500000000127,-136,-708,6,3242
14.298125000000027,1144,1442,214,3242
14.298749999999927,1794,2492,210,3242
14.299375000000055,1494,3284,28,3242
14.299999999999955,386,2200,208,3242
14.300625000000082,154,1414,-66,3242
14.301249999999982,-892,290,268,3242
14.30187500000011,-1820,-1420,382,3242
14.302500000000009,-1064,-1420,434,3242
14.303124999999909,-1162,-1688,198,3242
14.303750000000036,-246,-1036,436,3242
14.304374999999936,-36,-598,400,3242
14.305000000000064,1266,1420,598,3242
14.305624999999964,1386,1924,44,3242
14.306250000000091,2034,3434,520,3242
14.306874999999991,830,1286,14,3242
14.307500000000118,140,1010,400,3242
14.308125000000018,-956,-1202,226,3242
14.308749999999918,-1138,-1964,170,3242
14.309375000000045,-1574,-3224,436,3242
14.309999999999945,-1026,-2534,342,3242
14.310625000000073,176,-1672,38,3242
14.311249999999973,-66,-1254,-40,3242
14.3118750000001,1008,1070,252,3242
14.3125,930,1120,424,3242
14.313125000000127,1760,2278,70,3242
14.313750000000027,758,1860,238,3242
14.314374999999927,-80,838,608,3242
14.315000000000055,-1020,-878,398,3242
14.315624999999955,-1652,-1860,274,3242
14.316250000000082,-1664,-2234,426,3228
14.316874999999982,-1088,-2256,198,3228
14.31750000000011,-284,-1032,-52,3228
14.318125000000009,-412,-216,-8,3228
14.318749999999909,1170,1560,-208,3228
14.319375000000036,1670,2552,-46,3228
14.319999999999936,1280,3534,280,3228
14.320625000000064,758,2442,614,3228
14.321249999999964,128,1302,524,3228
14.321875000000091,-1174,-636,540,3228
14.322499999999991,-1574,-1426,678,3228
14.323125000000118,-638,-1516,686,3228
14.323750000000018,-1250,-2338,-48,3228
14.324374999999918,-92,-1266,306,3228
14.325000000000045,170,-764,-228,3228
14.325624999999945,1678,1784,198,3228
14.326250000000073,1354,1606,56,3228
14.326874999999973,1910,2554,128,3228
14.3275000000001,470,908,378,3228
14.328125,-162,-34,510,3228
14.328750000000127,-916,-1662,314,3228
14.329375000000027,-1482,-2636,244,3228
14.329999999999927,-1240,-2392,330,3228
14.330625000000055,-764,-2136,226,3228
14.331249999999955,-68,-1548,160,3228
14.331875000000082,282,-746,0,3228
14.332499999999982,1050,1352,308,3228
14.33312500000011,1168,1610,152,3228
14.333750000000009,1602,3190,186,3242
14.334374999999909,598,2486,434,3242
14.335000000000036,-232,868,356,3242
14.335624999999936,-1328,-602,306,3242
14.336250000000064,-1396,-756,232,3242
14.336874999999964,-1012,-1360,48,3242
14.337500000000091,-1108,-2016,-56,3242
14.338124999999991,48,-238,64,3242
14.338750000000118,212,466,434,3242
14.339375000000018,1528,2112,396,3242
14.339999999999918,1554,2452,232,3242
14.340625000000045,1138,2682,686,3242
14.341249999999945,722,1466,672,3242
14.341875000000073,280,1002,316,3242
14.342499999999973,-1316,-1230,616,3242
14.3431250000001,-1212,-1994,-14,3242
14.34375,-1320,-2542,410,3242
14.344375000000127,-1032,-2578,-106,3242
14.345000000000027,-104,-1644,30,3242
14.345624999999927,368,-704,98,3242
14.346250000000055,1158,1000,354,3242
14.346874999999955,1212,1130,164,3242
14.347500000000082,1856,2274,190,3242
14.348124999999982,330,864,210,3242
14.34875000000011,-358,180,560,3242
14.349375000000009,-896,-1308,490,3242
14.349999999999909,-1766,-2726,192,3242
14.350625000000036,-1424,-2434,292,3242
14.351249999999936,-1028,-2178,202,3242
14.351875000000064,218,-844,-32,3242
14.352499999999964,76,-146,216,3242
14.353125000000091,1206,1694,144,3242
14.353749999999991,1468,2370,-20,3242
14.354375000000118,1550,3782,186,3242
14.355000000000018,474,2352,128,3242
14.355624999999918,-102,1136,68,3242
14.356250000000045,-1284,-482,374,3242
14.356874999999945,-1438,-938,676,3242
14.357500000000073,-1344,-2040,528,3242
14.358124999999973,-958,-1930,232,3242
14.3587500000001,-114,-414,574,3242
14.359375,198,-324,440,3242
14.360000000000127,1682,1356,22,3242
14.360625000000027,1348,1964,336,3242
14.361249999999927,1874,2638,-34,3242
14.361875000000055,640,1504,418,3242
14.362499999999955,30,278,136,3242
14.363125000000082,-1134,-1380,554,3242
14.363749999999982,-1302,-2476,326,3242
14.36437500000011,-954,-2372,338,3242
14.365000000000009,-800,-2196,300,3242
14.365624999999909,-94,-2146,-26,3242
14.366250000000036,-154,-1484,-126,3242
14.366874999999936,686,800,430,3242
14.367500000000064,1370,1684,324,3242
14.368124999999964,1776,2826,70,3242
14.368750000000091,434,1576,178,3242
14.369374999999991,-8,930,448,3242
14.370000000000118,-900,-562,446,3242
14.370625000000018,-1962,-1736,452,3242
14.371249999999918,-1240,-1592,226,3242
14.371875000000045,-1016,-1808,-34,3242
14.372499999999945,-32,-640,-72,3242
14.373125000000073,-86,-86,-72,3242
14.373749999999973,1288,1908,-56,3242
14.3743750000001,1750,2838,142,3242
14.375,1568,3068,422,3242
14.375625000000127,504,1884,654,3242
14.376250000000027,238,1406,540,3242
14.376874999999927,-842,-64,810,3242
14.377500000000055,-1018,-1068,470,3242
14.378124999999955,-1280,-2422,320,3242
14.378750000000082,-914,-2140,198,3242
14.379374999999982,-118,-1402,-154,3242
14.38000000000011,-120,-838,188,3242
14.380625000000009,1528,1008,-26,3242
14.381249999999909,1386,1662,410,3242
14.381875000000036,1984,2306,184,3242
14.382499999999936,870,1180,204,3242
14.383125000000064,10,160,520,3242
14.383749999999964,-932,-1454,288,3242
14.384375000000091,-1432,-2432,120,3242
14.384999999999991,-1262,-2316,468,3242
14.385625000000118,-850,-2112,348,3242
14.386250000000018,-568,-2214,136,3242
14.386874999999918,-320,-1332,0,3242
14.387500000000045,990,1004,92,3242
14.388124999999945,1318,1872,214,3242
14.388750000000073,1502,3302,228,3242
14.389374999999973,626,2392,214,3242
14.3900000000001,212,1542,216,3242
14.390625,-1164,-288,152,3242
14.391250000000127,-2008,-1142,310,3242
14.391875000000027,-1024,-1280,230,3242
14.392499999999927,-1378,-2288,-10,3242
14.393125000000055,-526,-1214,340,3242
14.393749999999955,-198,-350,414,3242
14.394375000000082,1578,1638,382,3242
14.394999999999982,1112,1926,504,3242
14.39562500000011,1710,2692,364,3242
14.396250000000009,742,1602,466,3242
14.396874999999909,356,1206,384,3242
14.397500000000036,-560,-554,88,3242
14.398124999999936,-1090,-1474,384,3242
14.398750000000064,-1536,-2990,194,3242
14.399374999999964,-1230,-2562,370,3242
14.400000000000091,-326,-2120,154,3242
14.400624999999991,-96,-1390,130,3242
14.401250000000118,1072,526,238,3242
14.401875000000018,1384,1238,152,3242
14.402499999999918,2166,2590,-146,3242
14.403125000000045,448,1502,544,3242
14.403749999999945,174,880,486,3242
14.404375000000073,-686,-398,476,3242
14.404999999999973,-1318,-1542,208,3242
14.4056250000001,-1128,-1756,328,3242
14.40625,-1152,-2090,276,3242
14.406875000000127,-984,-2032,134,3242
14.407500000000027,-306,-664,84,3242
14.408124999999927,890,1052,-10,3242
14.408750000000055,1288,2046,-204,3242
14.409374999999955,1634,3870,78,3242
14.410000000000082,1064,2860,348,3242
14.410624999999982,324,1542,236,3242
14.41125000000011,-906,108,458,3242
14.411875000000009,-1380,-636,780,3242
14.412499999999909,-894,-1440,598,3242
14.413125000000036,-1990,-2806,474,3242
14.413749999999936,-460,-1622,282,3242
14.414375000000064,-480,-1060,386,3242
14.414999999999964,1168,534,4,3242
14.415625000000091,1140,1180,-80,3242
14.416249999999991,1586,2174,246,3242
14.416875000000118,774,1116,30,3242
14.417500000000018,386,1028,618,3242
14.418124999999918,-622,-950,490,3242
14.418750000000045,-528,-1420,384,3242
14.419374999999945,-2040,-3074,380,3242
14.420000000000073,-1076,-2530,282,3242
14.420624999999973,-404,-2302,20,3242
14.4212500000001,-478,-1752,104,3242
14.421875,806,388,180,3242
14.422500000000127,1440,1596,314,3242
14.423125000000027,1782,2780,2,3242
14.423749999999927,782,2180,292,3242
14.424375000000055,256,1488,358,3242
14.424999999999955,-510,526,494,3242
14.425625000000082,-1412,-748,288,3242
14.426249999999982,-1024,-1066,202,3242
14.42687500000011,-1024,-1542,-158,3242
14.427500000000009,-666,-1088,34,3242
14.428124999999909,-404,-606,120,3242
14.428750000000036,1016,1112,134,3242
14.429374999999936,1216,1944,148,3242
14.430000000000064,2072,3716,522,3242
14.430624999999964,1230,2242,428,3242
14.431250000000091,428,1768,786,3242
14.431874999999991,-640,-94,424,3242
14.432500000000118,-900,-770,624,3242
14.433125000000018,-1276,-2368,114,3242
14.433749999999918,-1418,-2570,0,3242
14.434375000000045,-402,-1796,84,3242
14.434999999999945,-616,-1824,-88,3242
14.435625000000073,966,302,334,3242
14.436249999999973,910,686,374,3242
14.4368750000001,2046,1906,112,3242
14.4375,710,1326,252,3242
14.438125000000127,496,1104,466,3242
14.438750000000027,-786,-1002,402,3242
14.439374999999927,-1094,-1692,256,3242
14.440000000000055,-1832,-2564,346,3242
14.440624999999955,-1304,-2586,414,3242
14.441250000000082,-752,-2312,144,3242
14.441874999999982,-586,-1400,88,3242
14.44250000000011,586,604,238,3228
14.443125000000009,1572,1916,206,3228
14.443749999999909,1618,3250,20,3228
14.444375000000036,474,2112,108,3228
14.444999999999936,496,1802,-62,3228
14.445625000000064,-326,1120,288,3228
14.446249999999964,-1314,-452,414,3228
14.446875000000091,-936,-1002,526,3228
14.447499999999991,-1490,-1946,274,3228
14.448125000000118,-850,-1790,410,3228
14.448750000000018,-576,-1252,350,3228
14.449374999999918,1154,978,518,3228
14.450000000000045,1222,1480,60,3228
14.450624999999945,2190,3268,368,3228
14.451250000000073,1078,1608,64,3228
14.451874999999973,542,1568,434,3228
14.4525000000001,-562,-406,320,3228
14.453125,-662,-1172,154,3228
14.453750000000127,-1682,-3010,448,3228
14.454375000000027,-1252,-2642,354,3228
14.454999999999927,-362,-2266,46,3228
14.455625000000055,-532,-1910,-12,3228
14.456249999999955,718,316,278,3228
14.456875000000082,952,664,256,3228
14.457499999999982,1776,2274,128,3228
14.45812500000011,1088,2088,142,3228
14.458750000000009,348,1586,626,3228
14.459374999999909,-610,-192,332,3228
14.460000000000036,-1316,-1024,304,3228
14.460624999999936,-1720,-1788,586,3228
14.461250000000064,-1418,-2456,238,3228
14.461874999999964,-906,-1768,28,3228
14.462500000000091,-692,-656,114,3228
14.463124999999991,1006,934,-248,3228
14.463750000000118,1518,2008,-136,3228
14.464375000000018,1590,3752,266,3228
14.464999999999918,1114,2808,512,3228
14.465625000000045,704,1960,404,3228
14.466249999999945,-488,530,542,3228
14.466875000000073,-1128,-516,762,3228
14.467499999999973,-720,-1404,716,3228
14.4681250000001,-1468,-2468,88,3228
14.46875,-832,-2218,374,3228
14.469375000000127,-448,-1656,-144,3228
14.470000000000027,1148,784,278,3228
14.470624999999927,1216,1122,-92,3228
14.471250000000055,2176,2710,56,3228
14.471874999999955,778,1162,332,3228
14.472500000000082,268,668,548,3228
14.473124999999982,-298,-708,294,3228
14.47375000000011,-672,-1366,210,3228
14.474375000000009,-1614,-2536,288,3228
14.474999999999909,-1164,-2312,372,3228
14.475625000000036,-452,-2172,136,3228
14.476249999999936,-370,-1648,-36,3228
14.476875000000064,654,326,262,3228
14.477499999999964,802,864,178,3228
14.478125000000091,1742,2734,68,3228
14.478749999999991,1160,2914,490,3215
14.479375000000118,444,1874,396,3215
14.480000000000018,-552,608,198,3215
14.480624999999918,-1298,-76,420,3215
14.481250000000045,-1614,-1622,94,3215
14.481874999999945,-1738,-2534,-114,3215
14.482500000000073,-1090,-1636,242,3215
14.483124999999973,-554,-832,362,3215
14.4837500000001,682,632,398,3215
14.484375,1338,1646,198,3215
14.485000000000127,1496,2724,550,3215
14.485625000000027,1122,1948,760,3215
14.486249999999927,1066,1828,256,3215
14.486875000000055,-748,-152,532,3215
14.487499999999955,-762,-994,104,3215
14.488125000000082,-1108,-1780,476,3215
14.488749999999982,-1600,-3026,-172,3215
14.48937500000011,-920,-2728,280,3215
14.490000000000009,-462,-2044,108,3215
14.490624999999909,560,-366,218,3215
14.491250000000036,1024,490,226,3215
14.491874999999936,1992,1888,0,3215
14.492500000000064,850,1486,152,3215
14.493124999999964,242,1280,624,3215
14.493750000000091,-352,-194,406,3215
14.494374999999991,-708,-934,288,3215
14.495000000000118,-1270,-1630,292,3215
14.495625000000018,-946,-1730,164,3215
14.496249999999918,-738,-1876,186,3215
14.496875000000045,-940,-1486,342,3215
14.497499999999945,668,532,-14,3215
14.498125000000073,1058,1396,28,3215
14.498749999999973,1788,3372,62,3215
14.4993750000001,1382,3292,-38,3215
14.5,472,2030,66,3215
14.500625000000127,-336,1114,320,3215
14.501250000000027,-1084,80,696,3215
14.501874999999927,-1294,-1412,644,3215
14.502500000000055,-1380,-2146,302,3215
14.503124999999955,-904,-1582,676,3215
14.503750000000082,-552,-1300,452,3215
14.504374999999982,720,54,120,3215
14.50500000000011,1356,1360,152,3215
14.505625000000009,1632,2008,-74,3215
14.506249999999909,868,1420,394,3215
14.506875000000036,1122,1792,110,3215
14.507499999999936,-496,-168,568,3215
14.508125000000064,-538,-1224,290,3215
14.508749999999964,-1346,-2520,300,3215
14.509375000000091,-1482,-3048,388,3215
14.509999999999991,-848,-3128,46,3215
14.510625000000118,-700,-2246,-108,3215
14.511250000000018,456,118,480,3215
14.511874999999918,1048,748,250,3215
14.512500000000045,1714,2154,24,3215
14.513124999999945,1054,2156,200,3215
14.513750000000073,680,1792,196,3215
14.514374999999973,-488,282,444,3215
14.5150000000001,-1314,-532,472,3214
14.515625,-1094,-1078,122,3214
14.516250000000127,-1008,-1350,138,3214
14.516875000000027,-1034,-1650,132,3214
14.517499999999927,-928,-1268,-98,3214
14.518125000000055,834,802,-92,3214
14.518749999999955,1264,1764,-8,3214
14.519375000000082,1866,3520,346,3214
14.519999999999982,1344,2994,600,3214
14.52062500000011,922,2338,488,3214
14.521250000000009,-630,490,888,3214
14.521874999999909,-538,-298,620,3214
14.522500000000036,-1194,-1926,416,3214
14.523124999999936,-1484,-2480,330,3214
14.523750000000064,-388,-1562,-90,3214
14.524374999999964,-494,-1432,64,3214
14.525000000000091,954,24,-108,3214
14.525624999999991,1278,1152,304,3214
14.526250000000118,1778,1922,166,3214
14.526875000000018,752,1148,324,3214
14.527499999999918,548,1002,556,3214
14.528125000000045,-688,-846,320,3214
14.528749999999945,-688,-1394,0,3214
14.529375000000073,-1422,-1932,674,3214
14.529999999999973,-1072,-2174,426,3214
14.5306250000001,-572,-2184,80,3214
14.53125,-368,-1448,20,3214
14.531875000000127,986,830,54,3214
14.532500000000027,1162,1526,262,3214
14.533124999999927,1524,3094,138,3213
14.533750000000055,732,2452,186,3213
14.534374999999955,356,1580,200,3213
14.535000000000082,-922,28,126,3213
14.535624999999982,-1752,-780,290,3213
14.53625000000011,-1060,-1102,264,3213
14.536875000000009,-1258,-2038,18,3213
14.537499999999909,-510,-1202,230,3213
14.538125000000036,-252,-486,480,3213
14.538749999999936,1494,1452,344,3213
14.539375000000064,1248,1994,502,3213
14.539999999999964,1752,2834,450,3213
14.540625000000091,752,1482,402,3213
14.541249999999991,290,1244,536,3213
14.541875000000118,-676,-804,66,3213
14.542500000000018,-1252,-1584,304,3213
14.543124999999918,-1502,-3062,76,3213
14.543750000000045,-1022,-2476,302,3213
14.544374999999945,-188,-1866,186,3213
14.545000000000073,156,-1030,74,3213
14.545624999999973,1074,920,302,3213
14.5462500000001,1388,1406,204,3213
14.546875,2046,2504,-14,3213
14.547500000000127,334,1288,480,3213
14.548125000000027,-200,348,546,3213
14.548749999999927,-1014,-1054,406,3213
14.549375000000055,-1532,-2048,172,3213
14.549999999999955,-958,-1868,196,3213
14.550625000000082,-940,-1792,326,3213
14.551249999999982,-260,-1088,68,3213
14.55187500000011,148,148,56,3213
14.552500000000009,1144,1678,44,3213
14.553124999999909,1352,2392,-192,3213
14.553750000000036,1374,3848,100,3213
14.554374999999936,686,2464,310,3213
14.555000000000064,-270,874,286,3213
14.555624999999964,-1494,-1082,398,3213
14.556250000000091,-1878,-1722,910,3213
14.556874999999991,-750,-1918,438,3213
14.557500000000118,-1002,-1808,470,3213
14.558125000000018,280,-416,306,3213
14.558749999999918,128,14,296,3213
14.559375000000045,1486,1476,160,3213
14.559999999999945,826,1096,-120,3213
14.560625000000073,1492,2174,110,3213
14.561249999999973,270,626,198,3213
14.5618750000001,-402,-238,630,3213
14.5625,-1332,-2280,486,3213
14.563125000000127,-1368,-2842,284,3213
14.563750000000027,-1664,-3308,286,3213
14.564374999999927,-700,-2308,118,3213
14.565000000000055,868,-440,38,3213
14.565624999999955,408,-222,140,3213
14.566250000000082,944,1256,294,3213
14.566874999999982,1546,2286,410,3213
14.56750000000011,1118,2370,210,3213
14.568125000000009,-126,824,282,3213
14.568749999999909,-704,-8,530,3213
14.569375000000036,-1328,-1306,270,3209
14.569999999999936,-1634,-1600,182,3209
14.570625000000064,-634,-1224,136,3209
14.571249999999964,-612,-1390,-348,3209
14.571875000000091,652,796,0,3209
14.572499999999991,664,1312,240,3209
14.573125000000118,2044,3018,16,3209
14.573750000000018,1030,2600,296,3209
14.574374999999918,1134,3030,754,3209
14.575000000000045,258,1084,660,3209
14.575624999999945,-1042,-670,688,3209
14.576250000000073,-1172,-1534,388,3209
14.576874999999973,-1590,-2156,510,3209
14.5775000000001,-738,-2224,84,3209
14.578125,-626,-1508,-40,3209
14.578750000000127,782,-122,-40,3209
14.579375000000027,960,312,-148,3209
14.579999999999927,1510,1862,450,3209
14.580625000000055,1052,1328,294,3209
14.581249999999955,1214,1570,402,3209
14.581875000000082,-500,-254,324,3209
14.582499999999982,-684,-912,412,3209
14.58312500000011,-1586,-2890,380,3209
14.583750000000009,-1582,-2858,340,3209
14.584374999999909,-990,-2236,140,3209
14.585000000000036,-208,-1478,402,3209
14.585624999999936,690,-40,-16,3209
14.586250000000064,410,668,60,3209
14.586874999999964,1378,2554,278,3209
14.587500000000091,1378,2790,242,3209
14.588124999999991,404,2146,160,3209
14.588750000000118,-490,704,326,3209
14.589375000000018,-692,-76,0,3209
14.589999999999918,-1570,-1250,222,3209
14.590625000000045,-1980,-2028,300,3209
14.591249999999945,-466,-1320,238,3209
14.591875000000073,-104,-530,168,3209
14.592499999999973,938,1008,448,3209
14.5931250000001,1176,1358,392,3209
14.59375,1372,2382,686,3209
14.594375000000127,910,1776,204,3209
14.595000000000027,1152,2448,674,3209
14.595624999999927,26,254,184,3209
14.596250000000055,-888,-908,172,3209
14.596874999999955,-1546,-2560,172,3209
14.597500000000082,-1900,-3438,44,3209
14.598124999999982,-650,-2296,332,3209
14.59875000000011,-204,-1450,252,3209
14.599375000000009,1530,418,78,3209
14.599999999999909,1048,710,-8,3209
14.600625000000036,1548,2332,312,3209
14.601249999999936,816,1438,552,3209
14.601875000000064,632,1030,218,3209
14.602499999999964,-472,16,336,3209
14.603125000000091,-1054,-962,656,3209
14.603749999999991,-1350,-2240,192,3209
14.604375000000118,-1556,-2292,144,3226
14.605000000000018,-742,-1448,336,3226
14.605624999999918,480,-436,54,3226
14.606250000000045,772,1016,-64,3226
14.606874999999945,448,1452,78,3226
14.607500000000073,2070,3364,-216,3226
14.608124999999973,1174,2864,82,3226
14.6087500000001,258,2266,296,3226
14.609375,-320,916,610,3226
14.610000000000127,-1122,-778,516,3226
14.610625000000027,-1558,-1886,588,3226
14.611249999999927,-1792,-2550,430,3226
14.611875000000055,-226,-1090,816,3226
14.612499999999955,112,-548,-32,3226
14.613125000000082,1044,774,278,3226
14.613749999999982,1068,762,-64,3226
14.61437500000011,1292,1862,138,3226
14.615000000000009,962,1524,0,3226
14.615624999999909,836,1426,326,3226
14.616250000000036,-600,-824,466,3226
14.616874999999936,-1222,-1784,612,3226
14.617500000000064,-1302,-2934,320,3226
14.618124999999964,-1676,-3650,-16,3226
14.618750000000091,-610,-1904,180,3226
14.619374999999991,274,-786,360,3226
14.620000000000118,1132,400,-96,3226
14.620625000000018,832,946,126,3226
14.621249999999918,1676,2716,400,3226
14.621875000000045,608,1658,238,3226
14.622499999999945,322,1582,370,3226
14.623125000000073,-614,472,560,3226
14.623749999999973,-1246,-1338,290,3226
14.6243750000001,-1330,-1540,172,3226
14.625,-1574,-1476,148,3226
14.625625000000127,-554,-1536,-154,3226
14.626250000000027,374,-224,-128,3226
14.626874999999927,894,1742,58,3226
14.627500000000055,1360,2454,448,3226
14.628124999999955,2024,3534,452,3226
14.628750000000082,1126,2672,320,3226
14.629374999999982,114,1744,922,3226
14.63000000000011,-50,232,794,3226
14.630625000000009,-872,-1138,160,3226
14.631249999999909,-2012,-2930,572,3226
14.631875000000036,-1320,-2576,-100,3226
14.632499999999936,2,-930,200,3226
14.633125000000064,38,-894,-228,3226
14.633749999999964,1446,1086,144,3226
14.634375000000091,882,616,146,3226
14.634999999999991,1458,1994,422,3226
14.635625000000118,582,880,352,3226
14.636250000000018,392,604,226,3226
14.636874999999918,-1016,-1144,268,3226
14.637500000000045,-1382,-2020,572,3226
14.638124999999945,-1064,-2502,260,3226
14.638750000000073,-1334,-2702,184,3226
14.639374999999973,-386,-1598,206,3226
14.6400000000001,388,-416,4,3226
14.640625,1344,1640,64,3239
14.641250000000127,1040,2048,288,3239
14.641875000000027,990,2354,156,3239
14.642499999999927,116,1462,256,3239
14.643125000000055,30,1788,362,3239
14.643749999999955,-1016,-94,154,3239
14.644375000000082,-1444,-1716,50,3239
14.644999999999982,-1554,-1848,154,3239
14.64562500000011,-1466,-1674,440,3239
14.646250000000009,-30,-1036,334,3239
14.646874999999909,678,142,28,3239
14.647500000000036,1546,2492,688,3239
14.648124999999936,1340,1848,552,3239
14.648750000000064,1364,2090,220,3239
14.649374999999964,424,1502,594,3239
14.650000000000091,122,446,60,3239
14.650624999999991,-626,-802,460,3239
14.651250000000118,-1496,-2408,18,3239
14.651875000000018,-1454,-3104,336,3239
14.652499999999918,-1000,-2758,-16,3239
14.653125000000045,204,-1056,290,3239
14.653749999999945,934,94,170,3239
14.654375000000073,2042,1704,-88,3239
14.654999999999973,1028,1192,-20,3239
14.6556250000001,900,2186,716,3239
14.65625,260,930,462,3239
14.656875000000127,-362,-160,280,3239
14.657500000000027,-1384,-1450,412,3239
14.658124999999927,-1370,-2106,110,3239
14.658750000000055,-974,-2010,258,3252
14.659374999999955,-1398,-2046,272,3252
14.660000000000082,222,-188,14,3252
14.660624999999982,754,812,170,3252
14.66125000000011,1570,2758,10,3252
14.661875000000009,1324,2994,2,3252
14.662499999999909,778,2368,48,3252
14.663125000000036,40,1472,212,3252
14.663749999999936,-724,588,656,3252
14.664375000000064,-1528,-1542,670,3252
14.664999999999964,-1720,-2318,308,3252
14.665625000000091,-1112,-1890,668,3252
14.666249999999991,-598,-1516,564,3252
14.666875000000118,562,-372,10,3252
14.667500000000018,1024,924,150,3252
14.668124999999918,1864,2296,-56,3252
14.668750000000045,964,1536,252,3252
14.669374999999945,1180,1766,132,3252
14.670000000000073,-424,-14,680,3252
14.670624999999973,-438,-1026,312,3252
14.6712500000001,-1134,-2270,338,3252
14.671875,-1386,-2818,416,3252
14.672500000000127,-726,-2972,-54,3252
14.673125000000027,-688,-2250,-158,3252
14.673749999999927,576,208,404,3252
14.674375000000055,1196,1032,290,3252
14.674999999999955,1756,2232,30,3252
14.675625000000082,1008,2006,224,3252
14.676249999999982,534,1622,190,3252
14.67687500000011,-548,174,474,3267
14.677500000000009,-1302,-704,442,3267
14.678124999999909,-1212,-1214,172,3267
14.678750000000036,-776,-1214,126,3267
14.679374999999936,-790,-1436,-42,3267
14.680000000000064,-596,-826,-52,3267
14.680624999999964,1014,1258,12,3267
14.681250000000091,1416,2152,0,3267
14.681874999999991,1904,3640,388,3267
14.682500000000118,804,2350,672,3267
14.683125000000018,476,1652,514,3267
14.683749999999918,-1088,-202,914,3267
14.684375000000045,-1008,-1032,506,3267
14.684999999999945,-1170,-2236,368,3267
14.685625000000073,-1034,-2240,104,3267
14.686249999999973,-56,-1128,-166,3267
14.6868750000001,-122,-860,104,3267
14.6875,1424,844,-68,3267
14.688125000000127,1382,1592,440,3267
14.688750000000027,1792,2072,220,3267
14.689374999999927,674,1088,358,3267
14.690000000000055,-234,-126,574,3267
14.690624999999955,-1066,-1786,198,3267
14.691250000000082,-1468,-2622,90,3267
14.691874999999982,-1214,-2214,526,3267
14.69250000000011,-730,-2026,326,3267
14.693125000000009,-252,-1708,132,3267
14.693749999999909,-74,-872,10,3267
14.694375000000036,1144,1304,-40,3267
14.694999999999936,1376,2140,252,3267
14.695625000000064,1198,3086,256,3269
14.696249999999964,298,2002,190,3269
14.696875000000091,-244,892,340,3269
14.697499999999991,-1530,-1172,142,3269
14.698125000000118,-2226,-1924,228,3269
14.698750000000018,-826,-1304,252,3269
14.699374999999918,-904,-1864,-112,3269
14.700000000000045,24,-128,262,3269
14.700624999999945,192,498,512,3269
14.701250000000073,2066,2566,366,3269
14.701874999999973,1064,2142,564,3269
14.7025000000001,1584,2864,478,3269
14.703125,278,1094,478,3269
14.703750000000127,-448,-130,386,3269
14.704375000000027,-1146,-1672,64,3269
14.704999999999927,-1660,-2614,236,3269
14.705625000000055,-1412,-3328,86,3269
14.706249999999955,-786,-2126,352,3269
14.706875000000082,718,-754,102,3269
14.707499999999982,526,-304,146,3269
14.70812500000011,1076,1136,378,3269
14.708750000000009,1192,1544,252,3269
14.709374999999909,1186,1742,54,3269
14.710000000000036,-346,208,604,3269
14.710624999999936,-810,-794,582,3269
14.711250000000064,-1528,-2388,342,3269
14.711874999999964,-1464,-2518,48,3269
14.712500000000091,-722,-1736,94,3269
14.713124999999991,-600,-1640,118,3269
14.713750000000118,652,354,20,3269
14.714375000000018,560,1140,64,3269
14.714999999999918,1756,2972,118,3269
14.715625000000045,1052,2604,-12,3269
14.716249999999945,448,2766,272,3269
14.716875000000073,-112,1244,420,3269
14.717499999999973,-1118,-732,192,3269
14.7181250000001,-1566,-1600,348,3269
14.71875,-1608,-1814,656,3269
14.719375000000127,-454,-1520,480,3269
14.720000000000027,-356,-764,504,3269
14.720624999999927,1150,828,144,3269
14.721250000000055,1196,1408,374,3269
14.721874999999955,1596,2274,226,3269
14.722500000000082,830,1522,-66,3269
14.723124999999982,710,1416,242,3269
14.72375000000011,-726,-860,220,3269
14.724375000000009,-1280,-1618,654,3269
14.724999999999909,-1498,-3222,412,3269
14.725625000000036,-1064,-2756,256,3269
14.726249999999936,-738,-2020,340,3269
14.726875000000064,354,-1026,-58,3269
14.727499999999964,1258,592,22,3269
14.728125000000091,620,620,222,3269
14.728749999999991,1280,2272,368,3269
14.729375000000118,762,1840,474,3269
14.730000000000018,262,1064,172,3269
14.730624999999918,-880,-468,314,3269
14.731250000000045,-1430,-1512,510,3269
14.731874999999945,-1576,-2212,274,3267
14.732500000000073,-1670,-2092,162,3267
14.733124999999973,-122,-1018,-28,3267
14.7337500000001,570,286,-386,3267
14.734375,1268,2222,28,3267
14.735000000000127,1532,2802,278,3267
14.735625000000027,1394,2868,230,3267
14.736249999999927,304,1646,302,3267
14.736875000000055,118,1836,896,3267
14.737499999999955,-224,72,696,3267
14.738125000000082,-1410,-1514,600,3267
14.738749999999982,-1658,-2578,406,3267
14.73937500000011,-1444,-2514,322,3267
14.740000000000009,98,-1188,-64,3267
14.740624999999909,158,-398,-170,3267
14.741250000000036,1964,1946,-26,3267
14.741874999999936,964,1084,0,3267
14.742500000000064,1484,2310,646,3267
14.743124999999964,102,336,442,3267
14.743750000000091,190,-178,390,3267
14.744374999999991,-1308,-1794,342,3267
14.745000000000118,-1214,-2242,332,3267
14.745625000000018,-912,-2566,222,3267
14.746249999999918,-1116,-2536,192,3267
14.746875000000045,-94,-1172,158,3267
14.747499999999945,1106,624,324,3267
14.748125000000073,1612,2006,18,3267
14.748749999999973,920,1878,134,3267
14.7493750000001,1142,2786,368,3253
14.75,290,1714,362,3253
14.750625000000127,-712,646,302,3253
14.751250000000027,-1086,-728,152,3253
14.751874999999927,-1200,-1536,-170,3253
14.752500000000055,-1388,-1722,224,3253
14.753124999999955,-1174,-1556,218,3253
14.753750000000082,680,324,116,3253
14.754374999999982,808,1196,150,3253
14.75500000000011,2084,3372,452,3253
14.755625000000009,1334,2276,600,3253
14.756249999999909,704,1820,704,3253
14.756875000000036,-218,648,444,3253
14.757499999999936,-640,-148,656,3253
14.758125000000064,-998,-1862,94,3253
14.758749999999964,-1888,-2834,26,3253
14.759375000000091,-886,-2442,132,3253
14.759999999999991,-832,-2272,-192,3253
14.760625000000118,886,-80,320,3253
14.761250000000018,1120,688,210,3253
14.761874999999918,1882,1862,310,3253
14.762500000000045,696,1170,130,3253
14.763124999999945,482,1264,524,3253
14.763750000000073,-556,-658,456,3253
14.764374999999973,-750,-1208,364,3253
14.7650000000001,-1758,-2420,324,3253
14.765625,-1198,-2432,506,3253
14.766250000000127,-640,-2080,66,3253
14.766875000000027,-538,-1256,36,3253
14.767499999999927,802,750,166,3255
14.768125000000055,1684,2036,128,3255
14.768749999999955,1510,3176,26,3255
14.769375000000082,482,2136,142,3255
14.769999999999982,460,1740,-8,3255
14.77062500000011,-548,818,296,3255
14.771250000000009,-1856,-1094,408,3255
14.771874999999909,-1032,-1240,480,3255
14.772500000000036,-1320,-1836,286,3255
14.773124999999936,-500,-1468,356,3255
14.773750000000064,-208,-866,474,3255
14.774374999999964,1304,1324,580,3255
14.775000000000091,1310,1852,76,3255
14.775624999999991,2078,3448,592,3255
14.776250000000118,840,1308,-34,3255
14.776875000000018,-56,672,328,3255
14.777499999999918,-712,-924,124,3255
14.778125000000045,-1084,-1864,74,3255
14.778749999999945,-1634,-3258,478,3255
14.779375000000073,-1022,-2528,398,3255
14.779999999999973,354,-1550,28,3255
14.7806250000001,150,-916,-6,3255
14.78125,1108,1322,306,3255
14.781875000000127,896,1174,448,3255
14.782500000000027,1506,2212,160,3255
14.783124999999927,384,1456,288,3255
14.783750000000055,-428,216,624,3255
14.784374999999955,-1282,-1418,360,3255
14.785000000000082,-1856,-2380,220,3253
14.785624999999982,-1106,-1668,348,3253
14.78625000000011,-612,-1614,128,3253
14.786875000000009,388,-16,-136,3253
14.787499999999909,88,604,6,3253
14.788125000000036,1442,2240,-172,3253
14.788749999999936,1706,3062,76,3253
14.789375000000064,720,2576,262,3253
14.789999999999964,170,1524,636,3253
14.790625000000091,-410,514,586,3253
14.791249999999991,-1584,-1454,556,3253
14.791875000000118,-1838,-2120,706,3253
14.792500000000018,-594,-1926,652,3253
14.793124999999918,-576,-1538,-28,3253
14.793750000000045,692,70,336,3253
14.794374999999945,946,464,-254,3253
14.795000000000073,1354,1962,280,3253
14.795624999999973,960,1350,-50,3253
14.7962500000001,1614,2240,188,3253
14.796875,4,30,406,3253
14.797500000000127,-600,-754,604,3253
14.798125000000027,-1288,-2588,320,3253
14.798749999999927,-1654,-3456,12,3253
14.799375000000055,-896,-2186,268,3253
14.799999999999955,-180,-1238,368,3253
14.800625000000082,1298,544,-24,3253
14.801249999999982,1296,1268,156,3253
14.80187500000011,1384,2348,390,3253
14.802500000000009,1030,2036,256,3253
14.803124999999909,612,2056,382,3250
14.803750000000036,-456,792,478,3250
14.804374999999936,-1276,-1048,294,3250
14.805000000000064,-1588,-1872,86,3250
14.805624999999964,-1568,-1632,0,3250
14.806250000000091,-426,-1074,-32,3250
14.806874999999991,396,-172,-50,3250
14.807500000000118,874,1512,16,3250
14.808125000000018,948,2012,550,3250
14.808749999999918,2118,3576,534,3250
14.809375000000045,994,2404,304,3250
14.809999999999945,136,1628,896,3250
14.810625000000073,-380,-184,776,3250
14.811249999999973,-1198,-1642,200,3250
14.8118750000001,-1562,-2476,514,3250
14.8125,-1344,-2622,-194,3250
14.813125000000127,6,-980,228,3250
14.813750000000027,120,-672,-140,3250
14.814374999999927,1522,1030,-8,3250
14.815000000000055,964,628,120,3250
14.815624999999955,1092,1410,528,3250
14.816250000000082,560,798,312,3250
14.816874999999982,120,256,250,3250
14.81750000000011,-912,-1092,366,3250
14.818125000000009,-1330,-2014,488,3250
14.818749999999909,-1138,-2748,338,3250
14.819375000000036,-1346,-3090,108,3250
14.819999999999936,-130,-1166,190,3250
14.820625000000064,364,-338,86,3250
14.821249999999964,1700,2272,150,3250
14.821875000000091,950,1894,154,3236
14.822499999999991,950,2552,252,3236
14.823125000000118,120,1664,232,3236
14.823750000000018,-260,1168,132,3236
14.824374999999918,-960,-296,222,3236
14.825000000000045,-1622,-1838,56,3236
14.825624999999945,-1144,-1364,68,3236
14.826250000000073,-1088,-1120,576,3236
14.826874999999973,284,-512,416,3236
14.8275000000001,982,768,80,3236
14.828125,1496,2552,738,3236
14.828750000000127,1542,2168,572,3236
14.829375000000027,1556,2574,256,3236
14.829999999999927,0,1046,594,3236
14.830625000000055,-402,-276,80,3236
14.831249999999955,-758,-1202,400,3236
14.831875000000082,-1284,-2304,-64,3236
14.832499999999982,-1588,-3308,280,3236
14.83312500000011,-788,-2650,-16,3236
14.833750000000009,328,-580,438,3236
14.834374999999909,1088,524,124,3236
14.835000000000036,2062,2176,12,3236
14.835624999999936,924,1294,114,3236
14.836250000000064,484,1566,658,3236
14.836874999999964,-178,154,422,3236
14.837500000000091,-976,-1060,322,3236
14.838124999999991,-1468,-1946,282,3236
14.838750000000118,-1772,-2664,284,3236
14.839375000000018,-768,-2124,188,3236
14.839999999999918,-1006,-1702,218,3237
14.840625000000045,728,626,44,3237
14.841249999999945,1256,1734,-22,3237
14.841875000000073,1554,3062,-52,3237
14.842499999999973,930,2620,120,3237
14.8431250000001,148,1692,160,3237
14.84375,-498,618,200,3237
14.844375000000127,-808,94,658,3237
14.845000000000027,-1654,-2078,744,3237
14.845624999999927,-1378,-2176,238,3237
14.846250000000055,-742,-1350,668,3237
14.846874999999955,-144,-1024,384,3237
14.847500000000082,934,574,142,3237
14.848124999999982,1324,1648,204,3237
14.84875000000011,1894,2706,-48,3237
14.849375000000009,742,1342,288,3237
14.849999999999909,426,752,190,3237
14.850625000000036,-1166,-1256,576,3237
14.851249999999936,-910,-2032,170,3237
14.851875000000064,-1064,-2406,426,3237
14.852499999999964,-1314,-2828,382,3237
14.853125000000091,-6,-2044,-102,3237
14.853749999999991,-122,-1320,-92,3237
14.854375000000118,1090,1220,402,3237
14.855000000000018,1476,1828,316,3237
14.855624999999918,1434,2168,120,3237
14.856250000000045,282,1268,216,3237
14.856874999999945,-202,618,344,3237
14.857500000000073,-866,-570,478,3237
14.858124999999973,-1600,-1404,394,3240
14.8587500000001,-1604,-2198,140,3240
14.859375,-670,-1358,2,3240
14.860000000000127,136,-226,-122,3240
14.860625000000027,56,294,96,3240
14.861249999999927,1320,2052,-16,3240
14.861875000000055,1278,2332,56,3240
14.862499999999955,1440,3386,572,3240
14.863125000000082,540,2148,684,3240
14.863749999999982,-204,664,520,3240
14.86437500000011,-1426,-904,862,3240
14.865000000000009,-1556,-2062,486,3240
14.865624999999909,-1006,-2278,280,3240
14.866250000000036,-980,-2044,172,3240
14.866874999999936,496,-644,-260,3240
14.867500000000064,352,-210,96,3240
14.868124999999964,1584,1546,44,3240
14.868750000000091,1308,1904,406,3240
14.869374999999991,1280,1550,260,3240
14.870000000000118,102,146,454,3240
14.870625000000018,-474,-472,638,3240
14.871249999999918,-1226,-2296,246,3240
14.871875000000045,-1344,-2578,10,3240
14.872499999999945,-1370,-2786,422,3240
14.873125000000073,-348,-1770,314,3240
14.873749999999973,446,-620,40,3240
14.8743750000001,528,190,12,3240
14.875,1438,2048,96,3240
14.875625000000127,1076,2010,300,3240
14.876250000000027,1022,2846,236,3242
14.876874999999927,60,1870,216,3242
14.877500000000055,-474,402,178,3242
14.878124999999955,-1458,-1348,92,3242
14.878750000000082,-2188,-1956,320,3242
14.879374999999982,-750,-1300,158,3242
14.88000000000011,-384,-1086,-32,3242
14.880625000000009,636,640,316,3242
14.881249999999909,968,1416,462,3242
14.881875000000036,1904,2724,458,3242
14.882499999999936,1088,2448,604,3242
14.883125000000064,1270,2678,546,3242
14.883749999999964,-6,524,458,3242
14.884375000000091,-680,-510,376,3242
14.884999999999991,-1292,-2084,-32,3242
14.885625000000118,-1576,-2508,204,3242
14.886250000000018,-836,-2542,22,3242
14.886874999999918,-72,-1332,226,3242
14.887500000000045,876,-170,64,3242
14.888124999999945,684,334,326,3242
14.888750000000073,1716,2086,344,3242
14.889374999999973,1014,1428,306,3242
14.8900000000001,1238,1696,76,3242
14.890625,-680,-96,620,3242
14.891250000000127,-1028,-1220,588,3242
14.891875000000027,-1454,-2446,238,3242
14.892499999999927,-1802,-2870,142,3242
14.893125000000055,-406,-1472,118,3242
14.893749999999955,0,-832,104,3242
14.894375000000082,792,856,24,3241
14.894999999999982,702,1414,36,3241
14.89562500000011,1170,2246,46,3241
14.896250000000009,834,2248,-64,3241
14.896874999999909,272,2756,424,3241
14.897500000000036,-154,1088,324,3241
14.898124999999936,-1154,-932,240,3241
14.898750000000064,-1880,-2228,428,3241
14.899374999999964,-1952,-2434,658,3241
14.900000000000091,-6,-1084,534,3241
14.900624999999991,44,-404,332,3241
14.901250000000118,1266,1264,228,3241
14.901875000000018,866,1262,374,3241
14.902499999999918,1720,2420,92,3241
14.903125000000045,478,1050,20,3241
14.903749999999945,260,732,272,3241
14.904375000000073,-860,-1188,206,3241
14.904999999999973,-1212,-1890,444,3241
14.9056250000001,-1346,-2988,378,3241
14.90625,-1084,-2882,258,3241
14.906875000000127,-582,-2010,342,3241
14.907500000000027,580,-576,98,3241
14.908124999999927,1820,1362,-102,3241
14.908750000000055,796,1108,310,3241
14.909374999999955,860,1680,476,3241
14.910000000000082,610,1486,380,3241
14.910624999999982,-196,612,272,3241
14.91125000000011,-916,-708,264,3241
14.911875000000009,-1382,-1792,354,3241
14.912499999999909,-1390,-2238,242,3238
14.913125000000036,-1320,-1722,102,3238
14.913749999999936,354,22,-52,3238
14.914375000000064,674,590,-438,3238
14.914999999999964,1594,3020,82,3238
14.915625000000091,1294,2690,196,3238
14.916249999999991,1570,3340,302,3238
14.916875000000118,-42,1382,370,3238
14.917500000000018,-344,1000,978,3238
14.918124999999918,-740,-958,628,3238
14.918750000000045,-1682,-2160,556,3238
14.919374999999945,-984,-2026,384,3238
14.920000000000073,-1004,-1772,280,3238
14.920624999999973,588,-302,24,3238
14.9212500000001,562,318,-156,3238
14.921875,1956,2182,50,3238
14.922500000000127,1420,1822,-12,3238
14.923125000000027,836,1714,634,3238
14.923749999999927,-222,-128,456,3238
14.924375000000055,-278,-914,448,3238
14.924999999999955,-1412,-2228,346,3238
14.925625000000082,-1114,-2410,240,3238
14.926249999999982,-590,-2400,214,3238
14.92687500000011,-674,-1988,172,3238
14.927500000000009,354,-196,238,3238
14.928124999999909,1542,1480,316,3238
14.928750000000036,1456,2136,50,3238
14.929374999999936,524,1664,252,3238
14.930000000000064,664,2224,428,3228
14.930624999999964,-458,622,378,3228
14.931250000000091,-1212,-350,226,3228
14.931874999999991,-1290,-1372,148,3228
14.932500000000118,-1258,-2048,-280,3228
14.933125000000018,-720,-1186,142,3228
14.933749999999918,-416,-534,220,3228
14.934375000000045,1222,1242,132,3228
14.934999999999945,1010,1766,226,3228
14.935625000000073,1968,3584,548,3228
14.936249999999973,1156,2306,728,3228
14.9368750000001,146,842,558,3228
14.9375,-888,-474,432,3228
14.938125000000127,-1394,-1388,674,3228
14.938750000000027,-1030,-2372,18,3228
14.939374999999927,-1450,-2602,0,3228
14.940000000000055,36,-1326,32,3228
14.940624999999955,-96,-1114,-192,3228
14.941250000000082,1472,1216,288,3228
14.941874999999982,1208,1328,302,3228
14.94250000000011,1668,1798,320,3228
14.943125000000009,74,554,216,3228
14.943749999999909,-98,172,448,3228
14.944375000000036,-1068,-1662,448,3228
14.944999999999936,-1474,-2428,368,3228
14.945625000000064,-1474,-2840,218,3228
14.946249999999964,-602,-2062,386,3228
14.946875000000091,448,-382,126,3228
14.947499999999991,278,260,10,3231
14.948125000000118,1468,2268,200,3231
14.948750000000018,1686,2856,258,3231
14.949374999999918,1014,3076,78,3231
14.950000000000045,92,1662,114,3231
14.950624999999945,-428,292,-138,3231
14.951250000000073,-1442,-780,360,3231
14.951874999999973,-2176,-2248,320,3231
14.9525000000001,-660,-1466,246,3231
14.953125,-640,-1098,230,3231
14.953750000000127,832,614,400,3231
14.954375000000027,798,862,574,3231
14.954999999999927,1624,2354,542,3231
14.955625000000055,1056,2074,278,3231
14.956249999999955,1296,2794,736,3231
14.956875000000082,-146,86,164,3231
14.957499999999982,-978,-1096,200,3231
14.95812500000011,-1188,-2082,114,3231
14.958750000000009,-1598,-2820,-74,3231
14.959374999999909,-550,-2222,238,3231
14.960000000000036,-98,-1210,318,3231
14.960624999999936,1360,314,136,3231
14.961250000000064,1014,768,-36,3231
14.961874999999964,1360,2152,384,3231
14.962500000000091,400,916,542,3231
14.963124999999991,176,616,372,3231
14.963750000000118,-888,-528,332,3231
14.964375000000018,-1356,-1826,582,3231
14.964999999999918,-1584,-2704,330,3231
14.965625000000045,-1464,-2400,144,3231
14.966249999999945,-356,-968,260,3227
14.966875000000073,652,30,72,3227
14.967499999999973,1336,2046,-98,3227
14.9681250000001,628,1924,22,3227
14.96875,1172,2478,-192,3227
14.969375000000127,368,2028,158,3227
14.970000000000027,-766,706,400,3227
14.970624999999927,-698,-266,600,3227
14.971250000000055,-1662,-1798,444,3227
14.971874999999955,-1524,-2336,608,3227
14.972500000000082,-1134,-2076,414,3227
14.973124999999982,564,-192,710,3227
14.97375000000011,800,538,32,3227
14.974375000000009,1854,2504,414,3227
14.974999999999909,1600,2076,-64,3227
14.975625000000036,846,1734,206,3227
14.976249999999936,-210,60,80,3227
14.976875000000064,-618,-830,216,3227
14.977499999999964,-1216,-2358,350,3227
14.978125000000091,-1400,-2592,458,3227
14.978749999999991,-524,-2578,166,3227
14.979375000000118,-604,-2386,-106,3227
14.980000000000018,632,108,188,3227
14.980624999999918,1200,1072,456,3227
14.981250000000045,1526,1752,78,3227
14.981874999999945,748,1432,192,3227
14.982500000000073,560,1718,582,3227
14.983124999999973,-682,-238,384,3227
14.9837500000001,-1134,-900,390,3237
14.984375,-1438,-1610,462,3237
14.985000000000127,-1066,-2088,164,3237
14.985625000000027,-410,-924,-76,3237
14.986249999999927,-486,-264,-94,3237
14.986875000000055,1350,1392,-308,3237
14.987499999999955,1604,2432,-50,3237
14.988125000000082,1364,3416,164,3237
14.988749999999982,1030,2866,660,3237
14.98937500000011,112,1306,632,3237
14.990000000000009,-940,-386,582,3237
14.990624999999909,-1732,-1666,770,3237
14.991250000000036,-672,-1664,716,3237
14.991874999999936,-996,-1962,36,3237
14.992500000000064,256,-718,290,3237
14.993124999999964,374,-392,-210,3237
14.993750000000091,1470,1760,258,3237
14.994374999999991,1310,1746,-94,3237
14.995000000000118,1666,2440,178,3237
14.995625000000018,-30,66,300,3237
14.996249999999918,-558,-538,642,3237
14.996875000000045,-974,-1908,336,3237
14.997499999999945,-1190,-2558,34,3237
14.998125000000073,-1386,-2868,312,3237
14.998749999999973,-404,-1710,448,3237
14.9993750000001,768,-308,18,3237
15.0,868,480,80,3237
15.000625000000127,1326,2064,356,3237
15.001250000000027,710,1462,242,3237
15.001874999999927,846,2348,352,3247
15.002500000000055,-288,1228,532,3247
15.003124999999955,-1102,-860,230,3247
15.003750000000082,-1754,-1754,222,3247
15.004374999999982,-1980,-2066,32,3247
15.00500000000011,-444,-1216,-190,3247
15.005625000000009,84,-520,-58,3247
15.006249999999909,1176,1894,-12,3247
15.006875000000036,1080,2188,550,3247
15.007499999999936,1676,2890,528,3247
15.008125000000064,846,2258,400,3247
15.008749999999964,14,1456,920,3247
15.009375000000091,-216,-204,772,3247
15.009999999999991,-1216,-1630,250,3247
15.010625000000118,-1704,-2738,514,3247
15.011250000000018,-1268,-2606,-174,3247
15.011874999999918,64,-972,200,3247
15.012500000000045,322,-520,-250,3247
15.013124999999945,1716,1508,-56,3247
15.013750000000073,1414,1472,182,3247
15.014374999999973,972,1456,504,3247
15.0150000000001,166,326,376,3247
15.015625,-314,-574,246,3247
15.016250000000127,-1176,-1638,362,3247
15.016875000000027,-1456,-2354,606,3247
15.017499999999927,-832,-2620,196,3247
15.018125000000055,-928,-2504,62,3247
15.018749999999955,430,-262,200,3247
15.019375000000082,1058,828,126,3247
15.019999999999982,1458,2250,150,3247
15.02062500000011,780,2114,328,3246
15.021250000000009,844,2424,212,3246
15.021874999999909,-484,768,186,3246
15.022500000000036,-962,176,230,3246
15.023124999999936,-1294,-1288,58,3246
15.023750000000064,-1342,-2132,-108,3246
15.024374999999964,-652,-932,86,3246
15.025000000000091,-450,-406,590,3246
15.025624999999991,1210,1042,448,3246
15.026250000000118,1544,1958,100,3246
15.026875000000018,1688,3304,848,3246
15.027499999999918,1512,2450,664,3246
15.028125000000045,438,1122,270,3246
15.028749999999945,-1080,-542,774,3246
15.029375000000073,-1302,-1906,-36,3246
15.029999999999973,-938,-1892,270,3246
15.0306250000001,-1214,-2594,-266,3246
15.03125,-28,-1496,66,3246
15.031875000000127,166,-1138,-42,3246
15.032500000000027,1294,1082,376,3246
15.033124999999927,1352,1562,348,3246
15.033750000000055,1982,2406,36,3246
15.034374999999955,8,598,290,3246
15.035000000000082,-580,-8,736,3246
15.035624999999982,-872,-1360,358,3246
15.03625000000011,-1440,-2366,232,3246
15.036875000000009,-1460,-2812,200,3246
15.037499999999909,-698,-1850,182,3246
15.038125000000036,440,-228,146,3246
15.038749999999936,418,494,246,3247
15.039375000000064,1204,2106,126,3247
15.039999999999964,966,2100,52,3247
15.040625000000091,1196,3154,0,3247
15.041249999999991,92,1920,138,3247
15.041875000000118,-1026,-300,46,3247
15.042500000000018,-1554,-1306,252,3247
15.043124999999918,-1792,-1800,656,3247
15.043750000000045,-832,-1690,576,3247
15.044374999999945,-418,-1304,198,3247
15.045000000000073,878,1048,678,3247
15.045624999999973,982,1008,522,3247
15.0462500000001,1716,2288,182,3247
15.046875,824,1924,408,3247
15.047500000000127,738,1336,12,3247
15.048125000000027,-406,-366,410,3247
15.048749999999927,-1026,-1598,82,3247
15.049375000000055,-1766,-3026,374,3247
15.049999999999955,-1232,-2996,130,3247
15.050625000000082,-346,-1850,264,3247
15.051249999999982,336,-736,164,3247
15.05187500000011,1476,646,-154,3247
15.052500000000009,1272,1216,64,3247
15.053124999999909,878,1888,512,3247
15.053750000000036,482,1176,510,3247
15.054374999999936,-166,234,348,3247
15.055000000000064,-1000,-892,298,3247
15.055624999999964,-1276,-1622,378,3247
15.056250000000091,-1438,-2450,380,3247
15.056874999999991,-1748,-2624,252,3250
15.057500000000118,82,-364,2,3250
15.058125000000018,776,640,-164,3250
15.058749999999918,1880,3078,-100,3250
15.059375000000045,1028,2562,40,3250
15.059999999999945,1126,2810,-28,3250
15.060625000000073,-34,1564,260,3250
15.061249999999973,-648,696,712,3250
15.0618750000001,-1274,-1262,702,3250
15.0625,-1422,-2080,320,3250
15.063125000000127,-944,-1378,754,3250
15.063750000000027,-542,-1546,368,3250
15.064374999999927,682,-28,286,3250
15.065000000000055,1136,1186,162,3250
15.065624999999955,2058,2526,-116,3250
15.066250000000082,998,1516,310,3250
15.066874999999982,814,1248,112,3250
15.06750000000011,-558,-402,440,3250
15.068125000000009,-964,-1748,284,3250
15.068749999999909,-794,-1984,316,3250
15.069375000000036,-1006,-2346,320,3250
15.069999999999936,-250,-2240,-40,3250
15.070625000000064,-266,-1560,-132,3250
15.071249999999964,896,834,378,3250
15.071875000000091,1378,1662,464,3250
15.072499999999991,1678,2632,122,3250
15.073125000000118,276,1358,274,3250
15.073750000000018,170,1154,444,3250
15.074374999999918,-990,-704,406,3250
15.075000000000045,-1790,-1566,384,3250
15.075624999999945,-1388,-1922,120,3250
15.076250000000073,-568,-1226,-94,3250
15.076874999999973,244,-56,-64,3250
15.0775000000001,140,460,0,3250
15.078125,1424,2158,-110,3250
15.078750000000127,1210,2408,46,3250
15.079375000000027,1296,3330,652,3250
15.079999999999927,376,1802,614,3250
15.080625000000055,-512,248,546,3250
15.081249999999955,-1574,-1288,890,3250
15.081875000000082,-1618,-2394,482,3250
15.082499999999982,-902,-2186,382,3250
15.08312500000011,-740,-1724,190,3250
15.083750000000009,956,158,-244,3250
15.084374999999909,572,330,218,3250
15.085000000000036,1790,1982,-94,3250
15.085624999999936,896,1582,412,3250
15.086250000000064,964,1238,356,3250
15.086874999999964,-422,-636,370,3250
15.087500000000091,-990,-1660,486,3250
15.088124999999991,-1582,-3154,244,3250
15.088750000000118,-1406,-3182,-106,3250
15.089375000000018,-734,-1876,436,3250
15.089999999999918,156,-804,428,3250
15.090625000000045,1164,646,-100,3250
15.091249999999945,1202,1480,92,3250
15.091875000000073,1284,2408,252,3250
15.092499999999973,666,1858,338,3250
15.0931250000001,-172,1392,488,3250
15.09375,-670,328,306,3250
15.094375000000127,-1014,-862,130,3250
15.095000000000027,-1586,-2162,102,3250
15.095624999999927,-1926,-2258,20,3250
15.096250000000055,120,-350,-160,3250
15.096874999999955,556,410,-26,3250
15.097500000000082,1516,2318,326,3250
15.098124999999982,988,2132,526,3250
15.09875000000011,1816,3184,522,3250
15.099375000000009,18,1460,940,3250
15.099999999999909,16,632,560,3250
15.100625000000036,-1066,-1296,512,3250
15.101249999999936,-1294,-2074,310,3250
15.101875000000064,-942,-2264,-194,3250
15.102499999999964,-928,-2044,70,3250
15.103125000000091,346,-1140,-54,3250
15.103749999999991,852,406,354,3250
15.104375000000118,1912,1760,232,3250
15.105000000000018,1070,1140,232,3250
15.105624999999918,510,930,440,3250
15.106250000000045,-256,-188,270,3250
15.106874999999945,-834,-1298,118,3250
15.107500000000073,-1416,-2104,468,3250
15.108124999999973,-1242,-2368,492,3250
15.1087500000001,-1820,-3738,46,3250
15.109375,276,-602,152,3250
15.110000000000127,412,-128,124,3250
15.110625000000027,676,780,268,3250
15.111249999999927,778,1638,248,3252
15.111875000000055,1080,2414,100,3252
15.112499999999955,496,1970,78,3252
15.113125000000082,-706,370,12,3252
15.113749999999982,-1114,-444,176,3252
15.11437500000011,-1188,-1246,-8,3252
15.115000000000009,-528,-872,166,3252
15.115624999999909,438,262,398,3252
15.116250000000036,896,1418,358,3252
15.116874999999936,1186,2170,536,3252
15.117500000000064,34,1188,834,3252
15.118124999999964,-466,-386,476,3252
15.118750000000091,-1196,-1828,314,3252
15.119374999999991,-284,-1068,198,3252
15.120000000000118,656,-20,-178,3252
15.120625000000018,1152,1284,314,3252
15.121249999999918,626,714,86,3252
15.121875000000045,-690,-778,496,3252
15.122499999999945,-958,-1946,320,3252
15.123125000000073,-346,-1734,122,3252
15.123749999999973,826,64,22,3252
15.1243750000001,1094,1050,118,3252
15.125,-46,138,338,3252
15.125625000000127,-960,-1276,386,3252
15.126250000000027,-784,-1832,272,3252
15.126874999999927,490,-88,152,3252
15.127500000000055,1010,1394,418,3252
15.128124999999955,-92,590,374,3252
15.128750000000082,-806,-528,380,3252
15.129374999999982,-738,-1072,200,3231
15.13000000000011,756,910,102,3231
15.130625000000009,830,1776,94,3231
15.131249999999909,-558,320,134,3231
15.131875000000036,-908,-702,-58,3231
15.132499999999936,42,276,128,3231
15.133125000000064,1024,1942,116,3231
15.133749999999964,172,1274,384,3231
15.134375000000091,-1024,-888,424,3231
15.134999999999991,-178,-416,382,3231
15.135625000000118,1004,1422,588,3231
15.136250000000018,72,844,852,3231
15.136874999999918,-720,-982,328,3231
15.137500000000045,-34,-654,222,3231
15.138124999999945,838,900,332,3231
15.138750000000073,-38,46,-110,3231
15.139374999999973,-840,-1372,284,3231
15.1400000000001,412,-424,-184,3231
15.140625,966,820,178,3231
15.141250000000127,-742,-1240,464,3231
15.141875000000027,-548,-1688,274,3231
15.142499999999927,916,278,332,3231
15.143125000000055,-94,-116,334,3231
15.143749999999955,-720,-1456,100,3231
15.144375000000082,510,-298,138,3231
15.144999999999982,572,704,378,3231
15.14562500000011,-678,-708,276,3231
15.146250000000009,-240,-820,192,3231
15.146874999999909,648,828,158,3231
15.147500000000036,-446,128,302,3231
15.148124999999936,-508,-660,200,3231
15.148750000000064,636,1158,224,3194
15.149374999999964,-228,528,222,3194
15.150000000000091,-742,-634,-28,3194
15.150624999999991,612,1216,-62,3194
15.151250000000118,-66,956,30,3194
15.151875000000018,-826,-376,256,3194
15.152499999999918,844,1504,254,3194
15.153125000000045,-98,710,554,3194
15.153749999999945,-426,-548,484,3194
15.154375000000073,686,1078,502,3194
15.154999999999973,-310,236,690,3194
15.1556250000001,-238,-446,452,3194
15.15625,948,1104,394,3194
15.156875000000127,-608,-656,200,3194
15.157500000000027,406,-28,234,3194
15.158124999999927,416,300,-242,3194
15.158750000000055,-890,-1398,2,3194
15.159374999999955,772,168,138,3194
15.160000000000082,-298,-634,316,3194
15.160624999999982,-190,-1180,486,3194
15.16125000000011,912,498,458,3194
15.161875000000009,-688,-1406,398,3194
15.162499999999909,454,-414,80,3194
15.163125000000036,242,166,130,3194
15.163749999999936,-792,-1328,266,3194
15.164375000000064,542,436,300,3194
15.164999999999964,-602,-808,224,3194
15.165625000000091,142,-200,200,3194
15.166249999999991,68,558,392,3194
15.166875000000118,-600,-702,188,3194
15.167500000000018,844,1380,248,3194
15.168124999999918,-992,-592,220,3194
15.168750000000045,520,890,76,3150
15.169374999999945,-180,496,30,3150
15.170000000000073,-326,-18,-34,3150
15.170624999999973,272,1166,38,3150
15.1712500000001,-716,-302,112,3150
15.171875,678,1478,416,3150
15.172500000000127,-982,-324,496,3150
15.173125000000027,796,1018,440,3150
15.173749999999927,-274,314,610,3150
15.174375000000055,466,486,414,3150
15.174999999999955,94,390,550,3150
15.175625000000082,-80,-482,222,3150
15.176249999999982,372,458,296,3150
15.17687500000011,-528,-976,-32,3150
15.177500000000009,442,296,216,3150
15.178124999999909,-600,-1182,56,3150
15.178750000000036,810,384,-102,3150
15.179374999999936,-768,-1290,478,3150
15.180000000000064,888,212,114,3150
15.180624999999964,-712,-1234,526,3150
15.181250000000091,886,212,664,3150
15.181874999999991,-622,-1468,300,3150
15.182500000000118,604,-98,124,3150
15.183125000000018,-580,-924,166,3150
15.183749999999918,576,-64,-192,3150
15.184375000000045,-726,-670,412,3150
15.184999999999945,330,102,298,3150
15.185625000000073,-380,-296,402,3150
15.186249999999973,446,248,88,3150
15.1868750000001,-734,-256,388,3150
15.1875,330,438,112,3150
15.188125000000127,-750,-100,348,3150
15.188750000000027,658,1148,52,3150
15.189374999999927,-770,6,298,3150
15.190000000000055,870,1432,-230,3088
15.190624999999955,-826,-80,148,3088
15.191250000000082,806,1394,102,3088
15.191874999999982,-652,-404,192,3088
15.19250000000011,380,1294,508,3088
15.193125000000009,-430,-124,682,3088
15.193749999999909,580,982,412,3088
15.194375000000036,-268,-308,366,3088
15.194999999999936,-98,220,430,3088
15.195625000000064,162,-154,80,3088
15.196249999999964,-266,-62,348,3088
15.196875000000091,432,292,126,3088
15.197499999999991,-408,-900,256,3088
15.198125000000118,482,132,188,3088
15.198750000000018,-572,-1002,256,3088
15.199374999999918,632,350,60,3088
15.200000000000045,-64,-808,104,3088
15.200624999999945,-168,-544,424,3088
15.201250000000073,504,-416,108,3088
15.201874999999973,-448,-1044,586,3088
15.2025000000001,670,224,608,3088
15.203125,-422,-1348,206,3088
15.203750000000127,334,-62,208,3088
15.204375000000027,24,-570,-92,3088
15.204999999999927,-342,-210,44,3088
15.205625000000055,558,322,108,3088
15.206249999999955,-752,-832,372,3088
15.206875000000082,510,486,190,3088
15.207499999999982,-182,-276,124,3088
15.20812500000011,-312,166,460,3088
15.208750000000009,296,446,380,3088
15.209374999999909,-732,-200,524,3088
15.210000000000036,408,1072,300,3088
15.210624999999936,-254,16,-24,3088
15.211250000000064,-244,580,68,3015
15.211874999999964,494,1060,48,3015
15.212500000000091,-676,-158,310,3015
15.213124999999991,64,786,250,3015
15.213750000000118,128,486,392,3015
15.214375000000018,-432,22,676,3015
15.214999999999918,410,816,352,3015
15.215625000000045,-62,-104,274,3015
15.216249999999945,-384,-158,462,3015
15.216875000000073,348,376,94,3015
15.217499999999973,-256,-582,264,3015
15.2181250000001,-190,-150,434,3015
15.21875,492,158,92,3015
15.219375000000127,-286,-914,360,3015
15.220000000000027,-128,-512,248,3015
15.220624999999927,380,-8,114,3015
15.221250000000055,-358,-978,120,3015
15.221874999999955,42,-384,-12,3015
15.222500000000082,564,14,400,3015
15.223124999999982,-396,-1312,296,3015
15.22375000000011,12,-452,580,3015
15.224375000000009,614,0,614,3015
15.224999999999909,-484,-1058,142,3015
15.225625000000036,152,20,102,3015
15.226249999999936,536,302,-50,3015
15.226875000000064,-672,-724,-64,3015
15.227499999999964,-42,102,264,3015
15.228125000000091,434,396,338,3015
15.228749999999991,-554,-340,356,3015
15.229375000000118,-32,326,466,3015
15.230000000000018,572,796,418,3015
15.230624999999918,-424,-20,240,3015
15.231250000000045,-564,168,452,3015
15.231874999999945,322,734,34,3015
15.232500000000073,-76,520,-34,3015
15.233124999999973,-472,182,82,2943
15.2337500000001,72,662,26,2943
15.234375,200,782,140,2943
15.235000000000127,-496,-18,248,2943
15.235625000000027,-392,86,330,2943
15.236249999999927,254,704,408,2943
15.236875000000055,62,120,372,2943
15.237499999999955,-402,-344,416,2943
15.238125000000082,-10,150,404,2943
15.238749999999982,512,336,320,2943
15.23937500000011,-34,-452,162,2943
15.240000000000009,-466,-624,308,2943
15.240624999999909,220,-32,412,2943
15.241250000000036,404,-80,192,2943
15.241874999999936,-64,-572,236,2943
15.242500000000064,-314,-634,74,2943
15.243124999999964,350,-94,150,2943
15.243750000000091,532,-42,230,2943
15.244374999999991,-346,-976,26,2943
15.245000000000118,-466,-968,478,2943
15.245625000000018,212,-166,688,2943
15.246249999999918,602,-146,192,2943
15.246875000000045,-184,-716,494,2943
15.247499999999945,-440,-608,526,2943
15.248125000000073,414,272,-84,2943
15.248749999999973,542,278,-222,2943
15.2493750000001,-354,-306,64,2943
15.25,-684,-440,314,2943
15.250625000000127,44,202,330,2943
15.251250000000027,392,632,280,2943
15.251874999999927,-40,188,286,2943
15.252500000000055,-492,-156,440,2943
15.253124999999955,-294,296,510,2943
15.253750000000082,290,886,320,2943
15.254374999999982,230,720,248,2943
15.25500000000011,-132,116,144,2943
15.255625000000009,-432,-110,258,2943
15.256249999999909,-26,370,34,2943
15.256875000000036,338,942,186,2943
15.257499999999936,400,912,204,2832
15.258125000000064,-304,-20,78,2832
15.258749999999964,-482,-88,334,2832
15.259375000000091,0,334,434,2832
15.259999999999991,678,718,320,2832
15.260625000000118,294,306,436,2832
15.261250000000018,-36,-244,324,2832
15.261874999999918,-398,-754,110,2832
15.262500000000045,-436,-492,302,2832
15.263124999999945,56,-194,318,2832
15.263750000000073,428,-66,186,2832
15.264374999999973,210,-234,256,2832
15.2650000000001,-68,-672,136,2832
15.265625,-326,-878,186,2832
15.266250000000127,-126,-512,216,2832
15.266875000000027,234,-68,266,2832
15.267499999999927,558,112,272,2832
15.268125000000055,248,-402,118,2832
15.268749999999955,-280,-782,336,2832
15.269375000000082,-412,-872,496,2832
15.269999999999982,-166,-448,358,2832
15.27062500000011,192,54,438,2832
15.271250000000009,342,456,380,2832
15.271874999999909,200,176,-138,2832
15.272500000000036,-260,-202,-160,2832
15.273124999999936,-624,-246,242,2832
15.273750000000064,-320,-198,234,2832
15.274374999999964,-14,224,184,2832
15.275000000000091,432,822,324,2832
15.275624999999991,666,834,198,2832
15.276250000000118,148,384,326,2832
15.276875000000018,-322,-112,230,2832
15.277499999999918,-618,-250,398,2832
15.278125000000045,-476,-24,518,2832
15.278749999999945,-200,178,24,2832
15.279375000000073,20,686,160,2832
15.279999999999973,422,934,102,2832
15.2806250000001,242,656,10,2740
15.28125,52,512,316,2740
15.281875000000127,-104,56,256,2740
15.282500000000027,-398,-472,268,2740
15.283124999999927,-320,-448,482,2740
15.283750000000055,-164,-320,482,2740
15.284374999999955,174,-42,450,2740
15.285000000000082,104,46,334,2740
15.285624999999982,282,220,24,2740
15.28625000000011,416,118,-22,2740
15.286875000000009,170,2,368,2740
15.287499999999909,310,-156,376,2740
15.288125000000036,192,-516,216,2740
15.288749999999936,-220,-910,204,2740
15.289375000000064,-302,-804,318,2740
15.289999999999964,-448,-710,402,2740
15.290625000000091,-338,-522,258,2740
15.291249999999991,-186,-308,296,2740
15.291875000000118,98,-62,344,2740
15.292500000000018,358,138,66,2740
15.293124999999918,460,222,92,2740
15.293750000000045,448,216,372,2740
15.294374999999945,292,238,388,2740
15.295000000000073,84,28,250,2740
15.295624999999973,-246,-128,192,2740
15.2962500000001,-306,-168,80,2740
15.296875,-474,-244,0,2740
15.297500000000127,-492,-196,154,2740
15.298125000000027,-402,-86,360,2740
15.298749999999927,-216,16,362,2740
15.299375000000055,-130,110,294,2740
15.299999999999955,24,450,344,2740
15.300625000000082,202,602,332,2740
15.301249999999982,302,654,168,2740
15.30187500000011,420,698,256,2740
15.302500000000009,428,766,332,2740
15.303124999999909,416,626,128,2740
15.303750000000036,424,490,28,2740
15.304374999999936,298,502,254,2740
15.305000000000064,370,384,96,2740
15.305624999999964,134,130,70,2740
15.306250000000091,-82,-94,210,2740
15.306874999999991,-6,-170,78,2634
15.307500000000118,0,-282,234,2634
15.308125000000018,-150,-364,608,2634
15.308749999999918,-26,-384,520,2634
15.309375000000045,76,-388,258,2634
15.309999999999945,-246,-566,324,2634
15.310625000000073,-232,-540,200,2634
15.311249999999973,-294,-558,30,2634
15.3118750000001,-348,-660,162,2634
15.3125,-344,-688,316,2634
15.313125000000127,-200,-640,256,2634
15.313750000000027,-214,-646,292,2634
15.314374999999927,-398,-690,372,2634
15.315000000000055,-382,-506,448,2634
15.315624999999955,-414,-506,426,2634
15.316250000000082,-472,-570,326,2634
15.316874999999982,-324,-532,174,2634
15.31750000000011,-288,-538,192,2634
15.318125000000009,-382,-544,156,2634
15.318749999999909,-408,-466,284,2634
15.319375000000036,-418,-406,414,2634
15.319999999999936,-538,-378,430,2634
15.320625000000064,-370,-354,176,2634
15.321249999999964,-390,-342,136,2634
15.321875000000091,-344,-326,144,2634
15.322499999999991,-256,-296,102,2634
15.323125000000118,-404,-358,192,2634
15.323750000000018,-392,-362,282,2634
15.324374999999918,-298,-310,414,2634
15.325000000000045,-320,-296,274,2634
15.325624999999945,-176,-212,174,2634
15.326250000000073,-46,-56,312,2634
15.326874999999973,6,-52,180,2634
15.3275000000001,-38,-112,76,2634
15.328125,44,-36,256,2634
15.328750000000127,108,14,304,2634
15.329375000000027,166,100,190,2634
15.329999999999927,324,262,222,2634
15.330625000000055,292,368,286,2634
15.331249999999955,398,394,18,2634
15.331875000000082,412,464,192,2634
15.332499999999982,340,304,288,2634
15.33312500000011,312,284,198,2530
15.333750000000009,258,290,372,2530
15.334374999999909,150,236,518,2530
15.335000000000036,114,190,358,2530
15.335624999999936,0,88,176,2530
15.336250000000064,-144,-56,244,2530
15.336874999999964,-186,-256,130,2530
15.337500000000091,-174,-198,166,2530
15.338124999999991,-176,-256,272,2530
15.338750000000118,-306,-390,350,2530
15.339375000000018,-148,-128,434,2530
15.339999999999918,8,-82,232,2530
15.340625000000045,-16,-108,274,2530
15.341249999999945,152,180,370,2530
15.341875000000073,298,270,206,2530
15.342499999999973,200,230,236,2530
15.3431250000001,234,290,216,2530
15.34375,-62,30,214,2530
15.344375000000127,-188,-348,192,2530
15.345000000000027,-252,-386,268,2530
15.345624999999927,-332,-478,230,2530
15.346250000000055,-338,-548,326,2530
15.346874999999955,-356,-388,472,2530
15.347500000000082,-120,-318,218,2530
15.348124999999982,154,-146,160,2530
15.34875000000011,384,116,304,2530
15.349375000000009,460,360,216,2530
15.349999999999909,290,428,74,2530
15.350625000000036,148,348,228,2530
15.351249999999936,2,166,404,2530
15.351875000000064,-80,-166,38,2530
15.352499999999964,-308,-448,16,2530
15.353125000000091,-392,-328,302,2530
15.353749999999991,-334,-284,322,2530
15.354375000000118,-174,-102,188,2530
15.355000000000018,264,256,342,2530
15.355624999999918,380,370,338,2530
15.356250000000045,230,300,56,2530
15.356874999999945,34,352,198,2530
15.357500000000073,-160,80,268,2530
15.358124999999973,-242,-152,116,2530
15.3587500000001,-124,-200,184,2530
15.359375,-190,-154,212,2530
15.360000000000127,-182,-50,234,2530
15.360625000000027,160,220,240,2430
15.361249999999927,272,346,318,2430
15.361875000000055,192,202,380,2430
15.362499999999955,10,50,304,2430
15.363125000000082,-176,-154,230,2430
15.363749999999982,-282,-336,292,2430
15.36437500000011,-120,-236,224,2430
15.365000000000009,180,198,240,2430
15.365624999999909,194,242,256,2430
15.366250000000036,70,-14,300,2430
15.366874999999936,-48,-234,338,2430
15.367500000000064,-102,-504,188,2430
15.368124999999964,-168,-424,336,2430
15.368750000000091,-8,-174,418,2430
15.369374999999991,182,56,344,2430
15.370000000000118,262,110,198,2430
15.370625000000018,142,-52,240,2430
15.371249999999918,-110,-186,288,2430
15.371875000000045,-170,-394,212,2430
15.372499999999945,-226,-260,342,2430
15.373125000000073,100,36,284,2430
15.373749999999973,200,250,160,2430
15.3743750000001,92,202,288,2430
15.375,-104,2,328,2430
15.375625000000127,-292,-208,142,2430
15.376250000000027,-164,-232,260,2430
15.376874999999927,128,156,334,2430
15.377500000000055,380,462,92,2430
15.378124999999955,252,402,8,2430
15.378750000000082,-196,114,282,2430
15.379374999999982,-348,-140,350,2430
15.38000000000011,-64,-162,0,2430
15.380625000000009,74,50,122,2430
15.381249999999909,286,370,258,2430
15.381875000000036,-6,328,276,2430
15.382499999999936,-216,-108,260,2430
15.383125000000064,-260,-370,306,2430
15.383749999999964,-120,-210,222,2430
15.384375000000091,108,182,232,2430
15.384999999999991,178,376,256,2430
15.385625000000118,64,74,190,2430
15.386250000000018,-274,-256,138,2430
15.386874999999918,-256,-342,64,2430
15.387500000000045,60,68,288,2430
15.388124999999945,226,66,300,2430
15.388750000000073,0,-96,402,2430
15.389374999999973,-242,-356,354,2335
15.3900000000001,-140,-266,384,2335
15.390625,92,-62,394,2335
15.391250000000127,204,104,324,2335
15.391875000000027,-52,-88,204,2335
15.392499999999927,-228,-332,226,2335
15.393125000000055,-80,-192,288,2335
15.393749999999955,156,182,274,2335
15.394375000000082,30,52,234,2335
15.394999999999982,-148,-262,340,2335
15.39562500000011,-38,-156,354,2335
15.396250000000009,202,132,122,2335
15.396874999999909,94,278,322,2335
15.397500000000036,-48,0,404,2335
15.398124999999936,-22,-158,404,2335
15.398750000000064,182,18,174,2335
15.399374999999964,226,386,310,2335
15.400000000000091,94,228,270,2335
15.400624999999991,-158,-252,142,2335
15.401250000000118,-90,-180,244,2335
15.401875000000018,268,396,148,2335
15.402499999999918,192,472,82,2335
15.403125000000045,-244,-22,120,2335
15.403749999999945,-294,-420,156,2335
15.404375000000073,274,108,104,2335
15.404999999999973,264,290,182,2335
15.4056250000001,-258,-12,412,2335
15.40625,-318,-392,404,2335
15.406875000000127,236,-152,36,2335
15.407500000000027,320,174,38,2335
15.408124999999927,-182,164,224,2335
15.408750000000055,-396,-234,246,2335
15.409374999999955,94,-296,-50,2335
15.410000000000082,288,40,242,2335
15.410624999999982,14,138,338,2335
15.41125000000011,-328,-258,258,2335
15.411875000000009,96,-252,178,2335
15.412499999999909,222,46,232,2335
15.413125000000036,-28,156,280,2335
15.413749999999936,-240,-102,342,2335
15.414375000000064,158,-72,206,2335
15.414999999999964,242,80,154,2335
15.415625000000091,-96,-122,314,2335
15.416249999999991,-110,-82,508,2335
15.416875000000118,232,232,368,2335
15.417500000000018,132,208,278,2335
15.418124999999918,-134,-136,322,2335
15.418750000000045,50,30,334,2335
15.419374999999945,278,398,256,2241
15.420000000000073,-48,32,244,2241
15.420624999999973,-120,-190,434,2241
15.4212500000001,222,230,402,2241
15.421875,134,408,348,2241
15.422500000000127,-138,-124,250,2241
15.423125000000027,-28,-120,274,2241
15.423749999999927,216,358,190,2241
15.424375000000055,-78,48,172,2241
15.424999999999955,-168,-310,298,2241
15.425625000000082,158,92,350,2241
15.426249999999982,118,224,222,2241
15.42687500000011,-252,-182,328,2241
15.427500000000009,-74,-216,394,2241
15.428124999999909,200,228,194,2241
15.428750000000036,-172,-126,132,2241
15.429374999999936,-182,-266,294,2241
15.430000000000064,246,86,62,2241
15.430624999999964,4,64,108,2241
15.431250000000091,-256,-304,230,2241
15.431874999999991,32,16,256,2241
15.432500000000118,200,176,142,2241
15.433125000000018,-252,-360,142,2241
15.433749999999918,0,-176,266,2241
15.434375000000045,320,306,294,2241
15.434999999999945,-160,-142,188,2241
15.435625000000073,-98,-238,202,2241
15.436249999999973,230,110,278,2241
15.4368750000001,-156,-20,296,2241
15.4375,-56,-156,48,2241
15.438125000000127,286,56,12,2241
15.438750000000027,-64,62,202,2241
15.439374999999927,-376,-4,386,2241
15.440000000000055,298,152,56,2241
15.440624999999955,82,-94,192,2241
15.441250000000082,-288,-166,352,2241
15.441874999999982,184,194,304,2241
15.44250000000011,116,-18,156,2241
15.443125000000009,-300,-142,304,2241
15.443749999999909,-8,166,440,2241
15.444375000000036,190,128,326,2241
15.444999999999936,-54,-284,116,2241
15.445625000000064,-16,6,250,2241
15.446249999999964,30,230,390,2241
15.446875000000091,-174,-148,274,2241
15.447499999999991,-52,0,220,2241
15.448125000000118,44,94,290,2241
15.448750000000018,-42,-250,274,2241
15.449374999999918,2,18,288,2241
15.450000000000045,-116,32,276,2241
15.450624999999945,-12,-116,402,2142
15.451250000000073,66,80,484,2142
15.451874999999973,-164,-120,440,2142
15.4525000000001,136,-114,214,2142
15.453125,200,248,164,2142
15.453750000000127,-214,-70,202,2142
15.454375000000027,20,-110,172,2142
15.454999999999927,198,124,116,2142
15.455625000000055,-328,-174,320,2142
15.456249999999955,0,12,388,2142
15.456875000000082,224,20,102,2142
15.457499999999982,-126,-166,174,2142
15.45812500000011,-78,196,340,2142
15.458750000000009,64,-44,232,2142
15.459374999999909,-100,-284,158,2142
15.460000000000036,54,344,210,2142
15.460624999999936,-132,-198,208,2142
15.461250000000064,134,-202,70,2142
15.461874999999964,48,356,258,2142
15.462500000000091,-234,-250,272,2142
15.463124999999991,320,134,148,2142
15.463750000000118,-62,90,112,2142
15.464375000000018,-188,-150,152,2142
15.464999999999918,258,232,160,2142
15.465625000000045,-334,-232,230,2142
15.466249999999945,82,32,374,2142
15.466875000000073,304,152,274,2142
15.467499999999973,-286,-360,368,2142
15.4681250000001,172,104,298,2142
15.46875,-110,-12,278,2142
15.469375000000127,-18,-82,138,2142
15.470000000000027,238,182,38,2142
15.470624999999927,-234,-278,190,2142
15.471250000000055,136,154,380,2142
15.471874999999955,-76,-108,180,2142
15.472500000000082,-120,-190,296,2142
15.473124999999982,220,162,372,2142
15.47375000000011,-186,-58,352,2142
15.474375000000009,158,34,114,2142
15.474999999999909,-152,-8,320,2142
15.475625000000036,-150,-14,412,2142
15.476249999999936,316,64,196,2142
15.476875000000064,-200,-178,270,2142
15.477499999999964,48,224,356,2142
15.478125000000091,26,2,368,2142
15.478749999999991,-30,-104,240,2142
15.479375000000118,100,130,248,2142
15.480000000000018,-140,-204,92,2142
15.480624999999918,10,96,148,2142
15.481250000000045,-142,-52,252,2142
15.481874999999945,0,-82,302,2142
15.482500000000073,84,102,284,2057
15.483124999999973,-152,-100,448,2057
15.4837500000001,108,102,374,2057
15.484375,-142,-176,276,2057
15.485000000000127,172,184,194,2057
15.485625000000027,30,102,52,2057
15.486249999999927,-134,-160,104,2057
15.486875000000055,-18,100,232,2057
15.487499999999955,-8,-168,208,2057
15.488125000000082,24,74,314,2057
15.488749999999982,-126,-142,390,2057
15.48937500000011,76,-64,256,2057
15.490000000000009,-112,-32,190,2057
15.490624999999909,96,-128,208,2057
15.491250000000036,116,170,258,2057
15.491874999999936,-204,-256,186,2057
15.492500000000064,200,216,296,2057
15.493124999999964,-188,-308,150,2057
15.493750000000091,46,118,376,2057
15.494374999999991,-16,-44,250,2057
15.495000000000118,18,-94,232,2057
15.495625000000018,-82,88,198,2057
15.496249999999918,-98,-270,234,2057
15.496875000000045,202,230,84,2057
15.497499999999945,-218,-230,144,2057
15.498125000000073,236,224,320,2057
15.498749999999973,-320,-298,312,2057
15.4993750000001,192,256,544,2057
15.5,-18,-66,286,2057
15.500625000000127,56,-66,200,2057
15.501250000000027,-60,104,270,2057
15.501874999999927,-66,-76,194,2057
15.502500000000055,168,198,-42,2057
15.503124999999955,-254,-248,206,2057
15.503750000000082,180,186,318,2057
15.504374999999982,-330,-282,318,2057
15.50500000000011,314,252,364,2057
15.505625000000009,-198,-308,238,2057
15.506249999999909,78,92,208,2057
15.506875000000036,-138,-138,282,2057
15.507499999999936,158,152,246,2057
15.508125000000064,-32,-176,114,2057
15.508749999999964,-26,-34,326,2057
15.509375000000091,-14,10,296,2057
15.509999999999991,-70,-78,344,2057
15.510625000000118,166,0,264,2057
15.511250000000018,-130,-112,248,2057
15.511874999999918,50,124,174,2057
15.512500000000045,-116,-142,226,2057
15.513124999999945,120,86,176,2057
15.513750000000073,-122,-282,96,2057
15.514374999999973,44,92,262,2057
15.5150000000001,-196,-246,400,2057
15.515625,92,44,396,2057
15.516250000000127,-128,-166,350,2057
15.516875000000027,114,268,348,1965
15.517499999999927,-184,-294,200,1965
15.518125000000055,114,138,230,1965
15.518749999999955,-70,-48,158,1965
15.519375000000082,50,126,94,1965
15.519999999999982,-202,-172,312,1965
15.52062500000011,152,164,332,1965
15.521250000000009,-146,-140,254,1965
15.521874999999909,188,226,250,1965
15.522500000000036,-224,-194,244,1965
15.523124999999936,132,118,274,1965
15.523750000000064,-170,-132,216,1965
15.524374999999964,156,162,212,1965
15.525000000000091,-250,-286,212,1965
15.525624999999991,268,200,406,1965
15.526250000000118,-220,-132,274,1965
15.526875000000018,212,194,288,1965
15.527499999999918,-216,-250,122,1965
15.528125000000045,130,210,334,1965
15.528749999999945,-132,-218,98,1965
15.529375000000073,236,170,164,1965
15.529999999999973,-314,-286,164,1965
15.5306250000001,338,264,240,1965
15.53125,-290,-288,192,1965
15.531875000000127,192,184,378,1965
15.532500000000027,-206,-410,222,1965
15.533124999999927,214,214,344,1965
15.533750000000055,-262,-390,332,1965
15.534374999999955,256,220,204,1965
15.535000000000082,-330,-318,190,1965
15.535624999999982,256,268,250,1965
15.53625000000011,-246,-406,72,1965
15.536875000000009,192,274,230,1965
15.537499999999909,-90,-210,214,1965
15.538125000000036,166,122,144,1965
15.538749999999936,-170,-174,310,1965
15.539375000000064,50,152,324,1965
15.539999999999964,44,-70,192,1965
15.540625000000091,32,8,276,1965
15.541249999999991,54,36,256,1965
15.541875000000118,-156,-126,266,1965
15.542500000000018,192,294,406,1965
15.543124999999918,-162,-324,182,1965
15.543750000000045,82,174,330,1965
15.544374999999945,-202,-266,348,1965
15.545000000000073,224,172,182,1965
15.545624999999973,-182,-192,260,1965
15.5462500000001,10,154,206,1965
15.546875,-132,-130,272,1965
15.547500000000127,96,74,260,1965
15.548125000000027,-26,-88,146,1965
15.548749999999927,-154,-90,294,1965
15.549375000000055,246,278,318,1965
15.549999999999955,-210,-196,338,1965
15.550625000000082,112,184,262,1965
15.551249999999982,-146,-174,408,1965
15.55187500000011,194,106,160,1965
15.552500000000009,-50,-92,294,1882
15.553124999999909,-78,8,166,1882
15.553750000000036,50,0,220,1882
15.554374999999936,-100,-40,222,1882
15.555000000000064,70,146,194,1882
15.555624999999964,-178,-268,220,1882
15.556250000000091,194,192,278,1882
15.556874999999991,-154,-150,260,1882
15.557500000000118,106,134,176,1882
15.558125000000018,-26,-120,286,1882
15.558749999999918,-102,-50,284,1882
15.559375000000045,122,92,228,1882
15.559999999999945,-176,-192,248,1882
15.560625000000073,328,184,154,1882
15.561249999999973,-316,-168,340,1882
15.5618750000001,86,146,328,1882
15.5625,-50,-256,152,1882
15.563125000000127,-110,44,212,1882
15.563750000000027,192,54,228,1882
15.564374999999927,-178,-136,178,1882
15.565000000000055,176,192,252,1882
15.565624999999955,-180,-184,134,1882
15.566250000000082,120,210,224,1882
15.566874999999982,-78,-268,252,1882
15.56750000000011,-6,54,198,1882
15.568125000000009,-4,42,402,1882
15.568749999999909,-130,-94,382,1882
15.569375000000036,192,146,288,1882
15.569999999999936,-192,-276,194,1882
15.570625000000064,198,136,238,1882
15.571249999999964,-106,-166,142,1882
15.571875000000091,-28,106,256,1882
15.572499999999991,106,-12,128,1882
15.573125000000118,-124,-144,258,1882
15.573750000000018,94,134,234,1882
15.574374999999918,-52,-232,146,1882
15.575000000000045,-34,56,384,1882
15.575624999999945,0,-4,316,1882
15.576250000000073,78,-66,224,1882
15.576874999999973,0,18,166,1882
15.5775000000001,-80,-134,324,1882
15.578125,-30,70,302,1882
15.578750000000127,94,-80,244,1882
15.579375000000027,-144,-172,286,1882
15.579999999999927,138,186,286,1882
15.580625000000055,-64,-256,204,1882
15.581249999999955,-130,36,244,1882
15.581875000000082,92,82,316,1882
15.582499999999982,-90,-156,218,1882
15.58312500000011,78,158,110,1882
15.583750000000009,-126,-162,230,1882
15.584374999999909,-24,66,256,1882
15.585000000000036,104,46,228,1882
15.585624999999936,-216,-210,278,1882
15.586250000000064,114,260,360,1882
15.586874999999964,-40,-120,296,1882
15.587500000000091,-228,-112,220,1882
15.588124999999991,162,182,366,1882
15.588750000000118,-70,-174,222,1882
15.589375000000018,-14,124,246,1802
15.589999999999918,70,50,244,1802
15.590625000000045,-124,-164,260,1802
15.591249999999945,20,128,180,1802
15.591875000000073,0,8,256,1802
15.592499999999973,-62,-98,182,1802
15.5931250000001,20,188,262,1802
15.59375,-188,-256,304,1802
15.594375000000127,68,10,178,1802
15.595000000000027,128,166,290,1802
15.595624999999927,-318,-222,354,1802
15.596250000000055,170,124,244,1802
15.596874999999955,-30,-196,208,1802
15.597500000000082,-220,-68,356,1802
15.598124999999982,294,190,206,1802
15.59875000000011,-180,-250,218,1802
15.599375000000009,-92,-16,328,1802
15.599999999999909,250,152,230,1802
15.600625000000036,-226,-202,224,1802
15.601249999999936,28,106,240,1802
15.601875000000064,82,70,274,1802
15.602499999999964,-186,-202,210,1802
15.603125000000091,148,184,182,1802
15.603749999999991,48,0,280,1802
15.604375000000118,-146,-158,192,1802
15.605000000000018,68,168,310,1802
15.605624999999918,76,-124,284,1802
15.606250000000045,-114,-128,156,1802
15.606874999999945,182,214,320,1802
15.607500000000073,-140,-252,286,1802
15.608124999999973,-18,64,290,1802
15.6087500000001,278,172,158,1802
15.609375,-236,-244,166,1802
15.610000000000127,38,128,268,1802
15.610625000000027,38,18,166,1802
15.611249999999927,-158,-214,276,1802
15.611875000000055,64,68,194,1802
15.612499999999955,32,4,264,1802
15.613125000000082,-156,-216,292,1802
15.613749999999982,100,178,322,1802
15.61437500000011,124,-20,218,1802
15.615000000000009,-202,-272,114,1802
15.615624999999909,14,148,410,1802
15.616250000000036,32,-78,278,1802
15.616874999999936,-110,-212,256,1802
15.617500000000064,146,160,296,1802
15.618124999999964,6,-68,224,1802
15.618750000000091,-152,-118,304,1802
15.619374999999991,96,142,232,1802
15.620000000000118,44,-8,222,1802
15.620625000000018,-200,-168,226,1802
15.621249999999918,34,134,260,1802
15.621875000000045,90,82,306,1802
15.622499999999945,-164,-200,206,1802
15.623125000000073,54,166,290,1802
15.623749999999973,-28,-24,332,1802
15.6243750000001,-136,-162,272,1802
15.625,20,150,278,1802
15.625625000000127,90,52,284,1802
15.626250000000027,-224,-232,236,1802
15.626874999999927,14,62,348,1733
15.627500000000055,128,124,254,1733
15.628124999999955,-228,-234,276,1733
15.628750000000082,18,40,246,1733
15.629374999999982,158,192,230,1733
15.63000000000011,-166,-148,252,1733
15.630625000000009,-58,-28,174,1733
15.631249999999909,84,144,192,1733
15.631875000000036,-20,-64,336,1733
15.632499999999936,-126,-142,268,1733
15.633125000000064,78,182,306,1733
15.633749999999964,80,-30,298,1733
15.634375000000091,-186,-240,212,1733
15.634999999999991,8,122,306,1733
15.635625000000118,72,72,296,1733
15.636250000000018,-108,-288,172,1733
15.636874999999918,-84,4,264,1733
15.637500000000045,300,256,270,1733
15.638124999999945,-180,-244,218,1733
15.638750000000073,-134,-90,278,1733
15.639374999999973,256,248,218,1733
15.6400000000001,-16,-36,216,1733
15.640625,-170,-208,204,1733
15.641250000000127,102,148,244,1733
15.641875000000027,200,104,150,1733
15.642499999999927,-232,-242,258,1733
15.643125000000055,62,82,230,1733
15.643749999999955,90,142,192,1733
15.644375000000082,-40,-182,320,1733
15.644999999999982,-138,-166,256,1733
15.64562500000011,68,216,314,1733
15.646250000000009,154,-6,212,1733
15.646874999999909,-250,-284,230,1733
15.647500000000036,82,64,278,1733
15.648124999999936,144,166,274,1733
15.648750000000064,-26,-184,176,1733
15.649374999999964,-138,-206,138,1733
15.650000000000091,144,200,312,1733
15.650624999999991,0,-100,142,1733
15.651250000000118,-160,-240,228,1733
15.651875000000018,34,-34,156,1733
15.652499999999918,96,124,296,1733
15.653125000000045,-46,-212,278,1733
15.653749999999945,-134,-156,258,1733
15.654375000000073,190,136,258,1733
15.654999999999973,76,6,236,1733
15.6556250000001,-164,-162,372,1733
15.65625,-30,-98,210,1733
15.656875000000127,152,180,280,1733
15.657500000000027,-46,-114,238,1733
15.658124999999927,-138,-184,272,1733
15.658750000000055,8,0,200,1733
15.659374999999955,126,106,188,1733
15.660000000000082,-92,-156,294,1733
15.660624999999982,-108,-100,256,1733
15.66125000000011,56,144,244,1733
15.661875000000009,94,60,166,1733
15.662499999999909,-142,-86,338,1733
15.663125000000036,-78,-66,250,1733
15.663749999999936,96,178,168,1733
15.664375000000064,-4,-4,280,1733
15.664999999999964,-96,-156,272,1733
15.665625000000091,-84,-58,232,1733
15.666249999999991,118,162,258,1733
15.666875000000118,38,6,284,1733
15.667500000000018,-148,-196,322,1733
15.668124999999918,-82,32,258,1733
15.668750000000045,106,182,202,1733
15.669374999999945,88,58,278,1656
15.670000000000073,-232,-250,218,1656
15.670624999999973,-48,62,252,1656
15.6712500000001,72,118,224,1656
15.671875,82,50,276,1656
15.672500000000127,-192,-226,244,1656
15.673125000000027,-88,-28,246,1656
15.673749999999927,230,194,304,1656
15.674375000000055,4,-48,280,1656
15.674999999999955,-136,-186,304,1656
15.675625000000082,-24,-52,196,1656
15.676249999999982,126,212,344,1656
15.67687500000011,26,0,352,1656
15.677500000000009,-88,-262,170,1656
15.678124999999909,-130,-116,182,1656
15.678750000000036,156,274,264,1656
15.679374999999936,68,66,238,1656
15.680000000000064,-112,-242,258,1656
15.680624999999964,-138,-120,198,1656
15.681250000000091,50,234,334,1656
15.681874999999991,228,120,192,1656
15.682500000000118,-62,-240,162,1656
15.683125000000018,-220,-148,274,1656
15.683749999999918,72,164,276,1656
15.684375000000045,214,156,118,1656
15.684999999999945,-34,-60,226,1656
15.685625000000073,-154,-188,298,1656
15.686249999999973,-118,-4,246,1656
15.6868750000001,282,262,256,1656
15.6875,-4,-16,266,1656
15.688125000000127,-98,-196,334,1656
15.688750000000027,-128,-174,226,1656
15.689374999999927,56,174,222,1656
15.690000000000055,200,174,268,1656
15.690624999999955,-26,-148,128,1656
15.691250000000082,-218,-228,182,1656
15.691874999999982,20,38,210,1656
15.69250000000011,96,150,212,1656
15.693125000000009,130,0,288,1656
15.693749999999909,-98,-256,202,1656
15.694375000000036,-140,-108,320,1656
15.694999999999936,72,88,298,1656
15.695625000000064,128,82,258,1656
15.696249999999964,56,-194,214,1656
15.696875000000091,-200,-148,350,1656
15.697499999999991,-110,-138,214,1656
15.698125000000118,168,108,260,1656
15.698750000000018,40,60,296,1656
15.699374999999918,-50,-172,246,1656
15.700000000000045,-136,-122,224,1656
15.700624999999945,-88,0,286,1656
15.701250000000073,132,216,240,1656
15.701874999999973,108,-16,256,1656
15.7025000000001,-114,-196,238,1656
15.703125,-136,-70,290,1656
15.703750000000127,0,60,214,1656
15.704375000000027,106,116,264,1656
15.704999999999927,92,86,258,1656
15.705625000000055,-132,-208,298,1656
15.706249999999955,-144,-86,184,1656
15.706875000000082,-58,74,308,1656
15.707499999999982,156,194,256,1656
15.70812500000011,50,-42,206,1656
15.708750000000009,-96,-120,320,1656
15.709374999999909,-154,-154,262,1656
15.710000000000036,-20,56,254,1656
15.710624999999936,76,172,324,1588
15.711250000000064,128,72,202,1588
15.711874999999964,-112,-202,202,1588
15.712500000000091,-180,-128,238,1588
15.713124999999991,-80,-8,168,1588
15.713750000000118,106,236,306,1588
15.714375000000018,44,16,182,1588
15.714999999999918,48,-68,260,1588
15.715625000000045,-184,-234,208,1588
15.716249999999945,-116,-58,284,1588
15.716875000000073,100,166,292,1588
15.717499999999973,120,128,276,1588
15.7181250000001,12,-48,222,1588
15.71875,-62,-220,242,1588
15.719375000000127,-196,-178,266,1588
15.720000000000027,18,104,298,1588
15.720624999999927,168,162,106,1588
15.721250000000055,142,98,218,1588
15.721874999999955,-72,-96,238,1588
15.722500000000082,-192,-234,244,1588
15.723124999999982,-76,-22,242,1588
15.72375000000011,-18,138,298,1588
15.724375000000009,252,182,156,1588
15.724999999999909,80,50,248,1588
15.725625000000036,-104,-148,292,1588
15.726249999999936,-168,-216,262,1588
15.726875000000064,-72,-48,182,1588
15.727499999999964,44,166,276,1588
15.728125000000091,212,180,116,1588
15.728749999999991,82,16,256,1588
15.729375000000118,-120,-216,254,1588
15.730000000000018,-176,-194,314,1588
15.730624999999918,-70,-74,212,1588
15.731250000000045,20,104,354,1588
15.731874999999945,250,162,188,1588
15.732500000000073,90,-16,278,1588
15.733124999999973,-106,-172,264,1588
15.7337500000001,-162,-192,310,1588
15.734375,-154,-150,96,1588
15.735000000000127,30,90,274,1588
15.735625000000027,168,128,160,1588
15.736249999999927,164,72,246,1588
15.736875000000055,-36,-160,196,1588
15.737499999999955,-190,-174,388,1588
15.738125000000082,-146,-224,134,1588
15.738749999999982,-120,-26,372,1588
15.73937500000011,198,144,256,1588
15.740000000000009,140,132,252,1588
15.740624999999909,70,-26,258,1588
15.741250000000036,-82,-150,328,1588
15.741874999999936,-250,-330,144,1588
15.742500000000064,-74,-70,342,1588
15.743124999999964,-42,66,230,1588
15.743750000000091,226,246,312,1588
15.744374999999991,96,102,138,1588
15.745000000000118,46,-18,294,1588
15.745625000000018,-196,-324,126,1588
15.746249999999918,-164,-144,358,1588
15.746875000000045,-98,-50,254,1588
15.747499999999945,74,166,376,1588
15.748125000000073,188,160,182,1588
15.748749999999973,94,84,284,1588
15.7493750000001,-30,-166,44,1588
15.75,-124,-182,252,1588
15.750625000000127,-192,-146,224,1588
15.751250000000027,-26,64,378,1588
15.751874999999927,-6,36,324,1588
15.752500000000055,116,144,378,1588
15.753124999999955,72,-64,58,1588
15.753750000000082,66,38,316,1588
15.754374999999982,-82,-192,144,1588
15.75500000000011,-80,-58,328,1588
15.755625000000009,-44,20,382,1588
15.756249999999909,-60,44,320,1588
15.756875000000036,-24,-16,200,1588
15.757499999999936,30,118,268,1514
15.758125000000064,114,40,116,1514
15.758749999999964,62,12,224,1514
15.759375000000091,-12,-12,270,1514
15.759999999999991,-72,-64,236,1514
15.760625000000118,-206,-150,272,1514
15.761250000000018,-68,10,326,1514
15.761874999999918,6,30,232,1514
15.762500000000045,218,196,256,1514
15.763124999999945,124,80,246,1514
15.763750000000073,50,30,220,1514
15.764374999999973,-50,-134,190,1514
15.7650000000001,-242,-206,284,1514
15.765625,-102,-68,286,1514
15.766250000000127,-68,4,160,1514
15.766875000000027,94,166,280,1514
15.767499999999927,128,144,170,1514
15.768125000000055,204,154,200,1514
15.768749999999955,-36,-74,264,1514
15.769375000000082,0,-136,268,1514
15.769999999999982,-186,-228,202,1514
15.77062500000011,-128,-62,304,1514
15.771250000000009,-64,-60,128,1514
15.771874999999909,18,34,190,1514
15.772500000000036,64,146,286,1514
15.773124999999936,200,84,144,1514
15.773750000000064,62,66,288,1514
15.774374999999964,122,-56,190,1514
15.775000000000091,-92,-188,194,1514
15.775624999999991,-118,-196,262,1514
15.776250000000118,-170,-186,270,1514
15.776875000000018,-70,-106,238,1514
15.777499999999918,-52,66,366,1514
15.778125000000045,150,132,236,1514
15.778749999999945,80,118,294,1514
15.779375000000073,144,128,268,1514
15.779999999999973,112,-20,244,1514
15.7806250000001,-28,-136,190,1514
15.78125,-14,-134,326,1514
15.781875000000127,-196,-228,204,1514
15.782500000000027,-100,-154,146,1514
15.783124999999927,-154,-36,266,1514
15.783750000000055,34,78,352,1514
15.784374999999955,66,100,220,1514
15.785000000000082,154,220,286,1514
15.785624999999982,112,108,368,1514
15.78625000000011,128,50,278,1514
15.786875000000009,4,-104,230,1514
15.787499999999909,-126,-196,232,1514
15.788125000000036,-144,-188,314,1514
15.788749999999936,-172,-230,198,1514
15.789375000000064,-68,-60,302,1514
15.789999999999964,-114,-32,226,1514
15.790625000000091,12,92,324,1514
15.791249999999991,56,138,228,1514
15.791875000000118,122,190,274,1514
15.792500000000018,68,64,158,1514
15.793124999999918,150,164,336,1514
15.793750000000045,24,-118,182,1514
15.794374999999945,16,-122,204,1514
15.795000000000073,-80,-150,284,1514
15.795624999999973,-152,-202,202,1514
15.7962500000001,-140,-108,316,1514
15.796875,-158,-116,276,1514
15.797500000000127,-66,-12,282,1514
15.798125000000027,-58,38,226,1514
15.798749999999927,48,154,320,1514
15.799375000000055,10,44,166,1514
15.799999999999955,150,148,310,1514
15.800625000000082,92,32,174,1514
15.801249999999982,140,142,300,1514
15.80187500000011,12,-64,192,1514
15.802500000000009,10,-50,256,1514
15.803124999999909,-62,-156,254,1514
15.803750000000036,-82,-90,218,1514
15.804374999999936,-84,-100,220,1514
15.805000000000064,-148,-74,264,1514
15.805624999999964,-80,-6,266,1441
15.806250000000091,-132,-28,272,1441
15.806874999999991,-8,82,286,1441
15.807500000000118,-46,36,214,1441
15.808125000000018,84,124,248,1441
15.808749999999918,66,70,196,1441
15.809375000000045,176,170,278,1441
15.809999999999945,76,6,182,1441
15.810625000000073,118,80,300,1441
15.811249999999973,44,-62,154,1441
15.8118750000001,12,-18,228,1441
15.8125,50,-58,214,1441
15.813125000000127,-100,-158,212,1441
15.813750000000027,-74,-140,292,1441
15.814374999999927,-182,-168,242,1441
15.815000000000055,-110,-96,316,1441
15.815624999999955,-92,-122,210,1441
15.816250000000082,-64,0,274,1441
15.816874999999982,-116,-84,218,1441
15.81750000000011,64,34,250,1441
15.818125000000009,-36,6,170,1441
15.818749999999909,128,116,210,1441
15.819375000000036,52,92,214,1441
15.819999999999936,128,116,210,1441
15.820625000000064,122,96,240,1441
15.821249999999964,92,80,264,1441
15.821875000000091,172,24,252,1441
15.822499999999991,48,-34,202,1441
15.823125000000118,64,-36,328,1441
15.823750000000018,-20,-128,220,1441
15.824374999999918,-50,-126,310,1441
15.825000000000045,-64,-188,246,1441
15.825624999999945,-168,-150,326,1441
15.826250000000073,-114,-122,278,1441
15.826874999999973,-122,-128,222,1441
15.8275000000001,-162,-148,280,1441
15.828125,-80,-92,188,1441
15.828750000000127,-94,-88,206,1441
15.829375000000027,-54,10,320,1441
15.829999999999927,-58,-4,254,1441
15.830625000000055,-6,92,252,1441
15.831249999999955,-8,48,268,1441
15.831875000000082,52,156,288,1441
15.832499999999982,94,120,202,1441
15.83312500000011,104,152,320,1441
15.833750000000009,128,112,270,1441
15.834374999999909,170,118,234,1441
15.835000000000036,106,68,228,1441
15.835624999999936,152,80,306,1441
15.836250000000064,48,20,214,1441
15.836874999999964,172,10,158,1441
15.837500000000091,34,0,330,1441
15.838124999999991,66,-64,240,1441
15.838750000000118,78,-66,284,1441
15.839375000000018,-12,-122,268,1441
15.839999999999918,-40,-164,250,1441
15.840625000000045,-72,-148,258,1441
15.841249999999945,-90,-160,204,1441
15.841875000000073,-92,-140,256,1441
15.842499999999973,-102,-202,180,1441
15.8431250000001,-50,-146,286,1441
15.84375,-194,-206,188,1441
15.844375000000127,-130,-120,374,1441
15.845000000000027,-104,-110,194,1441
15.845624999999927,-128,-122,326,1441
15.846250000000055,-126,-50,302,1441
15.846874999999955,-170,-90,270,1441
15.847500000000082,-88,-50,302,1441
15.848124999999982,-174,-58,326,1441
15.84875000000011,-60,-10,284,1441
15.849375000000009,-148,-38,316,1441
15.849999999999909,-78,34,330,1441
15.850625000000036,-100,2,294,1441
15.851249999999936,-134,0,300,1441
15.851875000000064,-32,20,302,1441
15.852499999999964,-64,8,208,1441
15.853125000000091,-82,4,376,1441
15.853749999999991,-44,48,242,1441
15.854375000000118,-72,50,340,1376
15.855000000000018,-64,16,222,1376
15.855624999999918,-58,54,324,1376
15.856250000000045,14,38,220,1376
15.856874999999945,-100,4,296,1376
15.857500000000073,-10,40,270,1376
15.858124999999973,-72,-20,182,1376
15.8587500000001,-32,4,278,1376
15.859375,-64,-40,184,1376
15.860000000000127,-6,54,306,1376
15.860625000000027,-38,-72,196,1376
15.861249999999927,0,38,250,1376
15.861875000000055,-52,-38,248,1376
15.862499999999955,-20,-20,192,1376
15.863125000000082,-36,-12,246,1376
15.863749999999982,-44,22,238,1376
15.86437500000011,-52,-26,238,1376
15.865000000000009,-18,14,210,1376
15.865624999999909,-26,-20,176,1376
15.866250000000036,-32,0,232,1376
15.866874999999936,-44,0,192,1376
15.867500000000064,0,20,200,1376
15.868124999999964,-116,-20,258,1376
15.868750000000091,34,8,178,1376
15.869374999999991,-66,-28,258,1376
15.870000000000118,6,-10,216,1376
15.870625000000018,-52,18,254,1376
15.871249999999918,-12,24,258,1376
15.871875000000045,-48,-50,200,1376
15.872499999999945,-12,26,274,1376
15.873125000000073,-52,-34,272,1376
15.873749999999973,-70,14,238,1376
15.8743750000001,-16,2,282,1376
15.875,-18,4,244,1376
15.875625000000127,-54,-36,230,1376
15.876250000000027,-42,12,278,1376
15.876874999999927,-32,-4,392,1376
15.877500000000055,-46,-50,304,1376
15.878124999999955,-64,32,366,1376
15.878750000000082,-14,-32,250,1376
15.879374999999982,-88,-72,308,1376
15.88000000000011,-6,0,324,1376
15.880625000000009,-64,-68,256,1376
15.881249999999909,-48,-12,360,1376
15.881875000000036,-36,-48,338,1376
15.882499999999936,-12,-20,190,1376
15.883125000000064,-46,-122,220,1376
15.883749999999964,-48,-30,270,1376
15.884375000000091,12,-64,206,1376
15.884999999999991,-64,-102,208,1376
15.885625000000118,10,-44,428,1376
15.886250000000018,-34,-56,198,1376
15.886874999999918,52,-10,308,1376
15.887500000000045,-48,-124,204,1376
15.888124999999945,14,0,244,1376
15.888750000000073,34,-70,72,1376
15.889374999999973,24,-30,210,1376
15.8900000000001,56,36,252,1376
15.890625,62,30,150,1376
15.891250000000127,116,96,228,1376
15.891875000000027,52,64,238,1376
15.892499999999927,86,52,102,1376
15.893125000000055,128,80,128,1376
15.893749999999955,72,68,176,1376
15.894375000000082,116,116,220,1376
15.894999999999982,60,80,130,1376
15.89562500000011,114,134,244,1376
15.896250000000009,42,54,180,1376
15.896874999999909,88,100,250,1376
15.897500000000036,68,58,136,1376
15.898124999999936,52,66,160,1376
15.898750000000064,-52,18,262,1376
15.899374999999964,50,44,116,1376
15.900000000000091,-68,-24,244,1376
15.900624999999991,0,-8,306,1376
15.901250000000118,-108,-34,208,1376
15.901875000000018,-18,-10,320,1376
15.902499999999918,-196,-58,284,1376
15.903125000000045,-44,0,320,1376
15.903749999999945,-24,-46,256,1376
15.904375000000073,-172,-144,210,1376
15.904999999999973,0,-10,356,1376
15.9056250000001,-96,-130,114,1376
15.90625,-50,-46,384,1376
15.906875000000127,-50,-50,242,1376
15.907500000000027,8,0,252,1376
15.908124999999927,0,-6,202,1376
15.908750000000055,54,50,268,1376
15.909374999999955,82,64,182,1305
15.910000000000082,28,50,216,1305
15.910624999999982,22,38,268,1305
15.91125000000011,64,58,286,1305
15.911875000000009,-18,-26,164,1305
15.912499999999909,-48,32,320,1305
15.913125000000036,-30,-36,168,1305
15.913749999999936,-46,-22,252,1305
15.914375000000064,-92,-108,210,1305
15.914999999999964,-96,-52,256,1305
15.915625000000091,-140,-90,332,1305
15.916249999999991,-58,-100,252,1305
15.916875000000118,-64,-96,340,1305
15.917500000000018,28,-68,226,1305
15.918124999999918,-38,-100,252,1305
15.918750000000045,48,-10,316,1305
15.919374999999945,16,-30,254,1305
15.920000000000073,42,14,226,1305
15.920624999999973,64,34,260,1305
15.9212500000001,18,58,196,1305
15.921875,86,46,236,1305
15.922500000000127,-42,2,186,1305
15.923125000000027,-12,72,372,1305
15.923749999999927,-32,-24,148,1305
15.924375000000055,-42,-58,168,1305
15.924999999999955,-124,-40,268,1305
15.925625000000082,-68,-56,284,1305
15.926249999999982,-118,-140,246,1305
15.92687500000011,-54,-108,316,1305
15.927500000000009,-42,-98,286,1305
15.928124999999909,6,-34,298,1305
15.928750000000036,34,-76,216,1305
15.929374999999936,102,20,228,1305
15.930000000000064,94,26,258,1305
15.930624999999964,28,26,254,1305
15.931250000000091,104,94,310,1305
15.931874999999991,-34,0,238,1305
15.932500000000118,-8,10,300,1305
15.933125000000018,-54,0,258,1305
15.933749999999918,-56,-28,258,1305
15.934375000000045,-112,-80,298,1305
15.934999999999945,-36,-78,250,1305
15.935625000000073,-70,-112,256,1305
15.936249999999973,12,-78,214,1305
15.9368750000001,32,-80,184,1305
15.9375,88,58,252,1305
15.938125000000127,52,0,188,1305
15.938750000000027,66,48,194,1305
15.939374999999927,78,64,258,1305
15.940000000000055,-14,-6,222,1305
15.940624999999955,18,34,296,1305
15.941250000000082,-38,-6,264,1305
15.941874999999982,-62,-64,276,1305
15.94250000000011,-78,-44,292,1305
15.943125000000009,-50,-80,228,1305
15.943749999999909,-22,-74,258,1305
15.944375000000036,18,-80,70,1305
15.944999999999936,0,-8,272,1305
15.945625000000064,92,56,312,1305
15.946249999999964,48,0,84,1305
15.946875000000091,0,64,208,1305
15.947499999999991,34,64,254,1305
15.948125000000118,-78,-52,170,1305
15.948750000000018,0,2,288,1305
15.949374999999918,-66,-38,224,1305
15.950000000000045,-54,-66,296,1305
15.950624999999945,10,-56,288,1305
15.951250000000073,-4,-84,166,1305
15.951874999999973,76,60,288,1305
15.9525000000001,-50,2,232,1305
15.953125,6,90,254,1305
15.953750000000127,46,78,166,1305
15.954375000000027,0,8,216,1305
15.954999999999927,-70,-44,298,1305
15.955625000000055,36,-32,258,1305
15.956249999999955,-98,-132,280,1305
15.956875000000082,10,-62,350,1305
15.957499999999982,-74,-94,286,1305
15.95812500000011,12,2,288,1305
15.958750000000009,32,6,188,1305
15.959374999999909,-24,10,228,1305
15.960000000000036,0,106,284,1305
15.960624999999936,-62,0,166,1305
15.961250000000064,-56,2,370,1305
15.961874999999964,12,-42,256,1305
15.962500000000091,-32,-112,244,1305
15.963124999999991,-44,-92,374,1305
15.963750000000118,-8,-64,184,1305
15.964375000000018,-16,0,362,1305
15.964999999999918,0,30,170,1305
15.965625000000045,14,56,186,1305
15.966249999999945,-14,68,252,1235
15.966875000000073,-26,24,232,1235
15.967499999999973,-68,-80,220,1235
15.9681250000001,-42,-38,338,1235
15.96875,-20,-66,206,1235
15.969375000000127,-14,-72,222,1235
15.970000000000027,30,64,240,1235
15.970624999999927,8,8,242,1235
15.971250000000055,2,48,286,1235
15.971874999999955,-26,-12,194,1235
15.972500000000082,8,-10,298,1235
15.973124999999982,-48,-100,238,1235
15.97375000000011,8,-60,240,1235
15.974375000000009,2,-50,242,1235
15.974999999999909,56,38,204,1235
15.975625000000036,-20,8,248,1235
15.976249999999936,30,82,222,1235
15.976875000000064,20,46,166,1235
15.977499999999964,-42,-50,210,1235
15.978125000000091,-36,-34,326,1235
15.978749999999991,-4,-82,232,1235
15.979375000000118,-16,-100,286,1235
15.980000000000018,44,-50,224,1235
15.980624999999918,22,0,318,1235
15.981250000000045,70,94,240,1235
15.981874999999945,0,56,174,1235
15.982500000000073,-10,68,298,1235
15.983124999999973,-52,24,256,1235
15.9837500000001,-28,-62,210,1235
15.984375,-52,-144,320,1235
15.985000000000127,8,-90,202,1235
15.985625000000027,48,-50,262,1235
15.986249999999927,62,54,320,1235
15.986875000000055,58,40,146,1235
15.987499999999955,38,80,254,1235
15.988125000000082,-42,10,272,1235
15.988749999999982,-50,-102,146,1235
15.98937500000011,-38,-48,324,1235
15.990000000000009,-28,-72,232,1235
15.990624999999909,0,-34,308,1235
15.991250000000036,94,94,302,1235
15.991874999999936,38,48,200,1235
15.992500000000064,30,4,250,1235
15.993124999999964,-72,-42,254,1235
15.993750000000091,-12,-74,172,1235
15.994374999999991,-38,-122,220,1235
15.995000000000118,-22,-62,192,1235
15.995625000000018,40,28,258,1235
15.996249999999918,42,90,234,1235
15.996875000000045,-4,46,250,1235
15.997499999999945,-68,-14,230,1235
15.998125000000073,-28,-26,286,1235
15.998749999999973,-36,-154,158,1235
15.9993750000001,-38,-128,296,1235
16.0,76,14,232,1235
16.000625000000127,-10,10,272,1235
16.001250000000027,-14,44,256,1235
16.001874999999927,-36,22,244,1235
16.002500000000055,-52,-50,242,1235
16.003124999999955,-24,-82,248,1235
16.003750000000082,-28,-102,224,1235
16.004374999999982,14,-60,254,1235
16.00500000000011,64,52,248,1235
16.00562500000001,-64,42,280,1235
16.00624999999991,-66,2,266,1235
16.006875000000036,22,0,304,1235
16.007499999999936,-48,-166,154,1235
16.008125000000064,28,-82,206,1235
16.008749999999964,12,-14,224,1235
16.00937500000009,-40,0,332,1235
16.00999999999999,-26,70,282,1235
16.01062500000012,-60,6,312,1235
16.011250000000018,-26,-84,306,1235
16.011874999999918,70,-64,244,1235
16.012500000000045,-62,-124,132,1235
16.013124999999945,0,46,284,1235
16.013750000000073,-24,54,164,1235
16.014374999999973,-38,6,380,1235
16.0150000000001,-22,-72,256,1235
16.015625,56,-40,322,1235
16.016250000000127,0,-140,112,1235
16.016875000000027,16,30,288,1235
16.017499999999927,-28,50,192,1235
16.018125000000055,-44,40,258,1235
16.018749999999955,-8,0,254,1235
16.019375000000082,0,-92,298,1235
16.019999999999982,-6,-54,300,1235
16.02062500000011,88,8,168,1235
16.02125000000001,-64,-42,212,1235
16.02187499999991,-66,76,342,1235
16.022500000000036,50,-30,184,1235
16.023124999999936,6,-114,246,1235
16.023750000000064,-6,-68,288,1235
16.024374999999964,18,-18,198,1235
16.02500000000009,-50,2,224,1235
16.02562499999999,-80,26,116,1235
16.02625000000012,-36,10,288,1235
16.026875000000018,-10,-90,202,1235
16.027499999999918,60,-64,248,1163
16.028125000000045,-16,-76,208,1163
16.028749999999945,6,38,278,1163
16.029375000000073,12,2,162,1163
16.029999999999973,-66,-42,306,1163
16.0306250000001,-34,-58,272,1163
16.03125,62,-48,232,1163
16.031875000000127,-28,-24,250,1163
16.032500000000027,82,86,156,1163
16.033124999999927,-28,20,176,1163
16.033750000000055,-88,30,408,1163
16.034374999999955,-66,-78,238,1163
16.035000000000082,36,-34,268,1163
16.035624999999982,28,2,260,1163
16.03625000000011,88,64,132,1163
16.03687500000001,-20,-6,208,1163
16.03749999999991,-62,-80,266,1163
16.038125000000036,-40,-36,344,1163
16.038749999999936,-56,-56,252,1163
16.039375000000064,54,22,228,1163
16.039999999999964,86,30,162,1163
16.04062500000009,-80,-16,256,1163
16.04124999999999,-66,-40,314,1163
16.04187500000012,-42,-66,294,1163
16.042500000000018,4,-46,216,1163
16.043124999999918,132,120,226,1163
16.043750000000045,20,-38,228,1163
16.044374999999945,0,-50,228,1163
16.045000000000073,-100,-50,284,1163
16.045624999999973,-62,-6,336,1163
16.0462500000001,18,16,238,1163
16.046875,132,74,200,1163
16.047500000000127,0,10,312,1163
16.048125000000027,-108,-78,232,1163
16.048749999999927,-110,8,324,1163
16.049375000000055,-18,-28,234,1163
16.049999999999955,116,20,212,1163
16.050625000000082,110,-4,242,1163
16.051249999999982,-68,-54,326,1163
16.05187500000011,-88,-62,272,1163
16.05250000000001,-56,-42,310,1163
16.05312499999991,0,-10,238,1163
16.053750000000036,186,24,126,1163
16.054374999999936,36,-12,248,1163
16.055000000000064,-144,-60,310,1163
16.055624999999964,-114,-28,256,1163
16.05625000000009,64,22,262,1163
16.05687499999999,102,10,228,1163
16.05750000000012,44,-56,164,1163
16.058125000000018,-38,-18,316,1163
16.058749999999918,-112,-46,230,1163
16.059375000000045,40,44,284,1163
16.059999999999945,84,-8,242,1163
16.060625000000073,64,-52,204,1163
16.061249999999973,-54,-38,266,1163
16.0618750000001,-120,-66,294,1163
16.0625,-26,-84,242,1163
16.063125000000127,128,64,270,1163
16.063750000000027,28,8,248,1163
16.064374999999927,-96,-106,156,1163
16.065000000000055,-42,26,354,1163
16.065624999999955,-48,-46,228,1163
16.066250000000082,102,2,234,1163
16.066874999999982,46,2,156,1163
16.06750000000011,-92,-30,284,1163
16.06812500000001,-98,-62,236,1163
16.06874999999991,54,2,346,1163
16.069375000000036,114,-42,120,1163
16.069999999999936,-32,-14,160,1163
16.070625000000064,-112,44,366,1163
16.071249999999964,-136,-66,272,1163
16.07187500000009,124,-40,246,1163
16.07249999999999,154,-20,138,1163
16.07312500000012,-58,-20,202,1163
16.073750000000018,-152,20,332,1163
16.074374999999918,-114,0,346,1163
16.075000000000045,126,-68,194,1163
16.075624999999945,138,-4,198,1163
16.076250000000073,-76,-52,148,1163
16.076874999999973,-200,-36,308,1163
16.0775000000001,4,30,342,1163
16.078125,150,-60,192,1163
16.078750000000127,54,-44,216,1163
16.079375000000027,-136,2,154,1163
16.079999999999927,-136,30,352,1163
16.080625000000055,0,-62,262,1163
16.081249999999955,192,18,204,1163
16.081875000000082,4,-14,114,1163
16.082499999999982,-210,-12,312,1163
16.08312500000011,-62,2,330,1163
16.08375000000001,144,-38,278,1163
16.08437499999991,64,-80,206,1163
16.085000000000036,-66,36,214,1163
16.085624999999936,-194,-14,288,1163
16.086250000000064,-58,-52,366,1163
16.086874999999964,260,52,226,1163
16.08750000000009,8,-28,104,1163
16.08812499999999,-196,-8,318,1163
16.08875000000012,-82,-26,256,1163
16.089375000000018,92,0,316,1163
16.089999999999918,82,-46,216,1163
16.090625000000045,-60,-16,120,1163
16.091249999999945,-166,-18,260,1163
16.091875000000073,-40,-44,330,1163
16.092499999999973,158,32,274,1095
16.0931250000001,2,26,216,1095
16.09375,-164,-36,326,1095
16.094375000000127,-46,-48,288,1095
16.095000000000027,86,6,268,1095
16.095624999999927,10,-42,200,1095
16.096250000000055,-32,16,128,1095
16.096874999999955,-96,-64,210,1095
16.097500000000082,-32,-64,342,1095
16.098124999999982,92,78,264,1095
16.09875000000011,-10,26,196,1095
16.09937500000001,-94,-76,282,1095
16.09999999999991,-24,-88,226,1095
16.100625000000036,72,16,258,1095
16.101249999999936,6,30,268,1095
16.101875000000064,-36,-28,154,1095
16.102499999999964,-68,-74,286,1095
16.10312500000009,0,-24,316,1095
16.10374999999999,58,62,248,1095
16.10437500000012,38,20,198,1095
16.105000000000018,-94,-142,200,1095
16.105624999999918,-20,-56,314,1095
16.106250000000045,100,104,240,1095
16.106874999999945,-44,0,248,1095
16.107500000000073,-16,-98,250,1095
16.108124999999973,34,-78,246,1095
16.1087500000001,-24,10,304,1095
16.109375,32,86,246,1095
16.110000000000127,4,-40,212,1095
16.110625000000027,-72,-116,254,1095
16.111249999999927,20,58,282,1095
16.111875000000055,66,64,194,1095
16.112499999999955,-10,-62,286,1095
16.113125000000082,-48,-136,174,1095
16.113749999999982,44,48,320,1095
16.11437500000011,26,56,290,1095
16.11500000000001,-22,-64,198,1095
16.11562499999991,-22,-24,286,1095
16.116250000000036,0,-64,168,1095
16.116874999999936,52,54,296,1095
16.117500000000064,46,12,238,1095
16.118124999999964,-68,-110,210,1095
16.11875000000009,-60,-60,280,1095
16.11937499999999,100,106,270,1095
16.12000000000012,0,-30,264,1095
16.120625000000018,-82,-96,222,1095
16.121249999999918,14,36,234,1095
16.121875000000045,54,12,248,1095
16.122499999999945,30,-42,216,1095
16.123125000000073,-72,-36,246,1095
16.123749999999973,-46,-20,286,1095
16.1243750000001,70,0,196,1095
16.125,28,2,258,1095
16.125625000000127,-84,0,338,1095
16.126250000000027,-66,-52,158,1095
16.126874999999927,174,18,214,1095
16.127500000000055,0,2,236,1095
16.128124999999955,-162,-82,290,1095
16.128750000000082,2,16,282,1095
16.129374999999982,114,8,220,1095
16.13000000000011,-60,-82,228,1095
16.13062500000001,-84,-14,278,1095
16.13124999999991,44,10,280,1095
16.131875000000036,74,-64,164,1095
16.132499999999936,-46,-24,234,1095
16.133125000000064,-106,38,358,1095
16.133749999999964,-36,-54,238,1095
16.13437500000009,120,-22,132,1095
16.13499999999999,-38,-12,256,1095
16.13562500000012,-150,-10,344,1095
16.136250000000018,32,-20,250,1095
16.136874999999918,136,-24,222,1095
16.137500000000045,-74,-52,176,1095
16.138124999999945,-166,-16,314,1095
16.138750000000073,100,80,404,1095
16.139374999999973,122,-102,56,1095
16.1400000000001,-164,-74,224,1095
16.140625,-128,88,438,1095
16.141250000000127,152,-24,198,1095
16.141875000000027,64,-148,112,1095
16.142499999999927,-166,42,306,1095
16.143125000000055,-86,82,426,1095
16.143749999999955,158,-122,144,1095
16.144375000000082,60,-104,120,1095
16.144999999999982,-202,68,338,1095
16.14562500000011,-98,30,400,1095
16.14625000000001,242,-62,120,1095
16.14687499999991,-46,-68,114,1095
16.147500000000036,-252,72,418,1095
16.148124999999936,86,18,302,1095
16.148750000000064,192,-138,80,1095
16.149374999999964,-168,-40,210,1095
16.15000000000009,-216,74,390,1095
16.15062499999999,208,8,276,1095
16.15125000000012,78,-122,42,1095
16.151875000000018,-282,-18,322,1095
16.152499999999918,8,74,306,1095
16.153125000000045,204,-64,242,1095
16.153749999999945,-104,-150,150,1095
16.154375000000073,-192,80,338,1095
16.154999999999973,152,90,360,1095
16.1556250000001,54,-156,136,1095
16.15625,-182,-6,208,1095
16.156875000000127,48,78,298,1095
16.157500000000027,86,-76,284,1095
16.158124999999927,-64,-64,138,1095
16.158750000000055,-138,32,234,1095
16.159374999999955,70,12,418,1095
16.160000000000082,76,-86,176,1095
16.160624999999982,-124,-32,70,1030
16.16125000000011,-34,34,378,1030
16.16187500000001,132,-32,298,1030
16.16249999999991,-74,-8,206,1030
16.163125000000036,-98,24,242,1030
16.163749999999936,78,-66,360,1030
16.164375000000064,28,0,310,1030
16.164999999999964,-114,42,62,1030
16.16562500000009,46,-64,260,1030
16.16624999999999,50,-42,390,1030
16.16687500000012,-72,92,226,1030
16.167500000000018,-64,-44,122,1030
16.168124999999918,96,-92,286,1030
16.168750000000045,8,66,332,1030
16.169374999999945,-142,62,214,1030
16.170000000000073,68,-148,190,1030
16.170624999999973,134,-52,226,1030
16.1712500000001,-166,118,316,1030
16.171875,-52,-64,226,1030
16.172500000000127,152,-112,160,1030
16.173125000000027,-58,112,342,1030
16.173749999999927,-100,60,296,1030
16.174375000000055,88,-172,136,1030
16.174999999999955,74,24,238,1030
16.175625000000082,-124,142,334,1030
16.176249999999982,-14,-128,238,1030
16.17687500000011,116,-116,172,1030
16.17750000000001,-80,116,314,1030
16.17812499999991,-48,0,326,1030
16.178750000000036,146,-142,128,1030
16.179374999999936,-52,76,290,1030
16.180000000000064,-128,102,402,1030
16.180624999999964,90,-124,176,1030
16.18125000000009,78,-30,164,1030
16.18187499999999,-126,44,244,1030
16.18250000000012,-14,-72,320,1030
16.183125000000018,110,-54,216,1030
16.183749999999918,-42,28,152,1030
16.184375000000045,-54,64,386,1030
16.184999999999945,78,-72,270,1030
16.185625000000073,6,-8,122,1030
16.186249999999973,-76,76,324,1030
16.1868750000001,48,-90,262,1030
16.1875,40,-26,140,1030
16.188125000000127,-82,12,238,1030
16.188750000000027,-8,-48,380,1030
16.189374999999927,114,-36,240,1030
16.190000000000055,-72,-32,132,1030
16.190624999999955,-42,-12,380,1030
16.191250000000082,76,-10,306,1030
16.191874999999982,-22,10,152,1030
16.19250000000011,-130,-24,276,1030
16.19312500000001,34,-60,318,1030
16.19374999999991,46,18,150,1030
16.194375000000036,-46,-20,160,1030
16.194999999999936,0,-94,338,1030
16.195625000000064,24,72,338,1030
16.196249999999964,-66,-22,148,1030
16.19687500000009,48,-120,308,1030
16.19749999999999,66,0,246,1030
16.19812500000012,-86,54,198,1030
16.198750000000018,10,-60,224,1030
16.199374999999918,14,-44,362,1030
16.200000000000045,-56,98,230,1030
16.200624999999945,40,-58,152,1030
16.201250000000073,-38,-130,356,1030
16.201874999999973,-64,134,338,1030
16.2025000000001,64,-44,70,1030
16.203125,28,-144,254,1030
16.203750000000127,-142,64,390,1030
16.204375000000027,38,68,170,1030
16.204999999999927,112,-180,102,1030
16.205625000000055,-144,22,388,1030
16.206249999999955,-16,142,308,1030
16.206875000000082,122,-174,64,1030
16.207499999999982,-130,-68,370,1030
16.20812500000011,-70,192,398,1030
16.20875000000001,114,-116,40,1030
16.20937499999991,-60,-154,254,1030
16.210000000000036,-72,138,416,1030
16.210624999999936,94,-30,128,1030
16.211250000000064,-36,-122,248,1030
16.211874999999964,-96,88,376,1030
16.21250000000009,28,-10,156,1030
16.21312499999999,0,-72,216,1030
16.21375000000012,-130,26,358,1030
16.214375000000018,48,-6,198,1030
16.214999999999918,0,-86,190,1030
16.215625000000045,-82,28,382,1030
16.216249999999945,50,-20,234,1030
16.216875000000073,28,-74,124,1030
16.217499999999973,-72,68,414,1030
16.2181250000001,0,-32,222,1030
16.21875,-24,-94,88,1030
16.219375000000127,-16,106,374,1030
16.220000000000027,-10,-28,260,1030
16.220624999999927,-20,-148,100,1030
16.221250000000055,-36,78,360,1030
16.221874999999955,70,0,266,1030
16.222500000000082,-32,-126,134,1030
16.223124999999982,-68,24,292,1030
16.22375000000011,64,52,316,1030
16.22437500000001,-24,-102,94,1030
16.22499999999991,-110,0,304,1030
16.225625000000036,52,52,326,1030
16.226249999999936,16,-88,142,1030
16.226875000000064,-116,-52,292,1030
16.227499999999964,66,58,316,1030
16.22812500000009,10,-54,176,1030
16.22874999999999,-92,-40,264,1030
16.22937500000012,62,-14,248,1030
16.230000000000018,6,-18,182,1030
16.230624999999918,-60,28,284,1030
16.231250000000045,30,-52,264,1030
16.231874999999945,-34,-62,256,1030
16.232500000000073,34,58,250,1030
16.233124999999973,12,-46,270,1030
16.2337500000001,-74,-74,278,1030
16.234375,28,52,228,1030
16.235000000000127,78,-66,176,1030
16.235625000000027,-114,-42,296,1030
16.236249999999927,0,50,252,1030
16.236875000000055,88,-44,212,1030
16.237499999999955,-100,-62,274,1030
16.238125000000082,0,32,320,1030
16.238749999999982,76,-40,184,1030
16.23937500000011,-74,6,306,963
16.24000000000001,-6,-16,288,963
16.24062499999991,66,-58,192,963
16.241250000000036,-86,16,256,963
16.241874999999936,54,0,238,963
16.242500000000064,6,-120,150,963
16.243124999999964,-76,30,298,963
16.24375000000009,142,64,236,963
16.24437499999999,-56,-100,176,963
16.24500000000012,-114,14,408,963
16.245625000000018,192,62,206,963
16.246249999999918,-48,-120,122,963
16.246875000000045,-128,-8,412,963
16.247499999999945,164,50,226,963
16.248125000000073,-76,-102,144,963
16.248749999999973,-64,16,406,963
16.2493750000001,138,-10,188,963
16.25,-100,-46,192,963
16.250625000000127,20,70,378,963
16.251250000000027,68,-54,152,963
16.251874999999927,-120,-80,232,963
16.252500000000055,110,94,314,963
16.253124999999955,10,-64,160,963
16.253750000000082,-142,-82,320,963
16.254374999999982,124,78,352,963
16.25500000000011,14,-58,112,963
16.25562500000001,-154,-16,338,963
16.25624999999991,134,54,292,963
16.256875000000036,-12,-46,130,963
16.257499999999936,-80,-24,304,963
16.258125000000064,92,8,280,963
16.258749999999964,-58,-64,120,963
16.25937500000009,2,38,324,963
16.25999999999999,48,-50,244,963
16.26062500000012,-128,-58,196,963
16.261250000000018,46,86,364,963
16.261874999999918,62,-40,204,963
16.262500000000045,-146,-72,224,963
16.263124999999945,118,80,346,963
16.263750000000073,-12,-36,162,963
16.264374999999973,-124,-42,254,963
16.2650000000001,134,34,308,963
16.265625,-78,-76,112,963
16.266250000000127,-56,18,312,963
16.266875000000027,144,-14,254,963
16.267499999999927,-162,-74,192,963
16.268125000000055,30,46,338,963
16.268749999999955,74,10,262,963
16.269375000000082,-192,-104,174,963
16.269999999999982,114,50,356,963
16.27062500000011,-10,6,190,963
16.27125000000001,-146,-78,222,963
16.27187499999991,132,40,338,963
16.272500000000036,-96,-20,136,963
16.273124999999936,-42,0,346,963
16.273750000000064,74,-26,270,963
16.274374999999964,-132,-46,160,963
16.27500000000009,64,6,312,963
16.27562499999999,0,-34,236,963
16.27625000000012,-116,-66,134,963
16.276875000000018,110,32,320,963
16.277499999999918,-98,-16,262,963
16.278125000000045,-66,-40,246,963
16.278749999999945,112,22,286,963
16.279375000000073,-128,-52,192,963
16.279999999999973,56,-20,262,963
16.2806250000001,20,-8,206,963
16.28125,-166,-48,182,963
16.281875000000127,110,24,356,963
16.282500000000027,-54,-12,200,963
16.283124999999927,-72,-84,138,963
16.283750000000055,102,0,268,963
16.284374999999955,-118,6,308,963
16.285000000000082,2,-40,248,963
16.285624999999982,8,14,238,963
16.28625000000011,-94,-26,252,963
16.28687500000001,108,0,278,963
16.28749999999991,-90,-50,188,963
16.288125000000036,-58,-34,222,963
16.288749999999936,108,6,312,963
16.289375000000064,-154,-46,240,963
16.289999999999964,18,-26,230,963
16.29062500000009,52,8,258,963
16.29124999999999,-84,-42,264,963
16.29187500000012,90,-30,190,963
16.292500000000018,-64,-20,216,963
16.293124999999918,-64,-62,258,963
16.293750000000045,94,36,260,963
16.294374999999945,-104,-24,220,963
16.295000000000073,24,-64,178,963
16.295624999999973,-16,12,326,963
16.2962500000001,-72,0,276,963
16.296875,64,-34,166,963
16.297500000000127,-84,-18,274,963
16.298125000000027,10,-6,298,963
16.298749999999927,84,-10,178,963
16.299375000000055,-118,-64,260,963
16.299999999999955,44,-20,288,963
16.300625000000082,-14,28,284,963
16.301249999999982,-54,-50,224,963
16.30187500000011,26,-32,230,963
16.30250000000001,-50,4,262,963
16.30312499999991,54,-18,224,963
16.303750000000036,0,-40,176,963
16.304374999999936,-52,-20,284,963
16.305000000000064,32,18,320,963
16.305624999999964,-50,-50,218,963
16.30625000000009,-18,4,276,963
16.30687499999999,32,-4,222,963
16.30750000000012,-50,-64,252,963
16.308125000000018,92,18,244,963
16.308749999999918,-52,-34,216,963
16.309375000000045,-30,-62,274,963
16.309999999999945,56,58,312,963
16.310625000000073,-24,-60,220,963
16.311249999999973,0,-40,288,963
16.3118750000001,-4,-18,220,963
16.3125,20,-30,224,963
16.313125000000127,32,38,254,963
16.313750000000027,-48,-90,220,963
16.314374999999927,0,10,302,963
16.315000000000055,34,66,254,963
16.315624999999955,-12,-82,220,963
16.316250000000082,-38,0,316,963
16.316874999999982,14,0,226,963
16.31750000000011,34,-40,198,963
16.31812500000001,-62,0,350,963
16.31874999999991,4,-50,202,963
16.319375000000036,8,44,278,963
16.319999999999936,-36,-44,268,963
16.320625000000064,8,-26,256,963
16.321249999999964,12,20,258,963
16.32187500000009,-12,-64,198,963
16.32249999999999,64,50,260,963
16.32312500000012,-22,-40,230,963
16.323750000000018,-22,-80,192,963
16.324374999999918,18,76,292,963
16.325000000000045,0,-44,184,963
16.325624999999945,0,6,312,963
16.326250000000073,-40,-38,256,963
16.326874999999973,32,-10,230,963
16.3275000000001,60,40,256,963
16.328125,-60,-88,220,963
16.328750000000127,6,32,346,963
16.329375000000027,4,-10,212,963
16.329999999999927,12,-44,184,963
16.330625000000055,-20,0,304,963
16.331249999999955,-34,-48,286,963
16.331875000000082,48,50,256,963
16.332499999999982,-34,-74,200,963
16.33312500000011,0,-22,250,963
16.33375000000001,20,42,276,963
16.33437499999991,-44,-66,206,963
16.335000000000036,40,84,318,963
16.335624999999936,-28,-50,232,963
16.336250000000064,-30,-26,276,963
16.336874999999964,24,28,254,963
16.33750000000009,12,-42,168,963
16.33812499999999,-10,6,262,963
16.33875000000012,-68,-66,234,963
16.339375000000018,30,46,242,963
16.339999999999918,-10,0,244,963
16.340625000000045,-70,-56,272,963
16.341249999999945,56,54,254,963
16.341875000000073,-26,-46,210,963
16.342499999999973,44,0,268,963
16.3431250000001,-66,-48,240,963
16.34375,4,-8,240,963
16.344375000000127,52,38,200,963
16.345000000000027,-90,-50,250,963
16.345624999999927,26,0,286,963
16.346250000000055,-18,-40,200,963
16.346874999999955,2,16,278,963
16.347500000000082,4,-40,228,963
16.348124999999982,-84,-28,284,963
16.34875000000011,78,48,260,963
16.34937500000001,-72,-94,160,963
16.34999999999991,30,38,308,963
16.350625000000036,-30,-22,206,963
16.351249999999936,-74,-34,264,963
16.351875000000064,84,10,232,963
16.352499999999964,-66,-40,240,963
16.35312500000009,8,22,318,963
16.35374999999999,-46,-72,186,963
16.35437500000012,4,64,340,963
16.355000000000018,10,-34,204,963
16.355624999999918,-96,-84,204,963
16.356250000000045,80,64,290,963
16.356874999999945,-50,-70,164,963
16.357500000000073,40,18,294,963
16.358124999999973,-46,-78,220,963
16.3587500000001,-58,28,308,963
16.359375,54,28,222,963
16.360000000000127,-94,-32,266,963
16.360625000000027,70,24,274,963
16.361249999999927,-64,-74,172,963
16.361875000000055,38,62,316,963
16.362499999999955,-28,-78,214,963
16.363125000000082,-62,-10,262,963
16.363749999999982,66,34,256,963
16.36437500000011,-116,-86,236,963
16.36500000000001,110,34,290,963
16.36562499999991,-82,-58,222,963
16.366250000000036,26,32,308,963
16.366874999999936,2,-78,172,963
16.367500000000064,-42,44,312,963
16.368124999999964,62,-34,208,963
16.36875000000009,-138,-78,226,963
16.36937499999999,128,96,296,963
16.37000000000012,-78,-86,142,963
16.370625000000018,34,0,294,963
16.371249999999918,-30,-66,226,963
16.371875000000045,-52,2,306,963
16.372499999999945,84,-14,218,963
16.373125000000073,-120,-32,292,963
16.373749999999973,140,0,232,963
16.3743750000001,-114,-78,188,963
16.375,104,96,346,963
16.375625000000127,-72,-106,166,963
16.376250000000027,-30,10,290,963
16.376874999999927,48,-6,248,963
16.377500000000055,-86,-30,260,963
16.378124999999955,98,-38,224,963
16.378750000000082,-116,-18,262,963
16.379374999999982,112,44,270,963
16.38000000000011,-112,-78,238,963
16.38062500000001,88,60,330,963
16.38124999999991,2,-104,112,963
16.381875000000036,-70,-4,318,963
16.382499999999936,62,6,264,963
16.383125000000064,-82,-20,236,963
16.383749999999964,100,-32,200,963
16.38437500000009,-118,-84,234,963
16.38499999999999,106,78,320,963
16.38562500000012,-70,-84,188,963
16.386250000000018,14,14,326,963
16.386874999999918,6,-52,204,963
16.387500000000045,-36,14,334,963
16.388124999999945,80,-34,200,963
16.388750000000073,-74,-70,238,963
16.389374999999973,72,16,282,963
16.3900000000001,-66,-74,194,963
16.390625,86,72,296,963
16.391250000000127,-70,-120,184,963
16.391875000000027,0,26,300,963
16.392499999999927,16,-12,210,963
16.393125000000055,-16,-4,248,963
16.393749999999955,28,-40,208,963
16.394375000000082,-58,-18,280,963
16.394999999999982,68,18,250,963
16.39562500000011,-96,-82,266,963
16.39625000000001,92,64,290,963
16.39687499999991,-36,-112,152,963
16.397500000000036,8,8,294,963
16.398124999999936,-18,-54,216,963
16.398750000000064,4,48,302,963
16.399374999999964,0,-54,212,963
16.40000000000009,-68,-50,256,963
16.40062499999999,76,40,254,963
16.40125000000012,-82,-56,278,963
16.401875000000018,54,10,270,0
16.402499999999918,-88,-74,220,0
16.403125000000045,52,54,286,0
16.403749999999945,-42,-68,206,0
16.404375000000073,14,48,270,0
16.404999999999973,-32,-80,210,0
16.4056250000001,-38,0,300,0
16.40625,56,-24,194,0
16.406875000000127,-58,-6,282,0
16.407500000000027,40,-20,222,0
16.408124999999927,-86,-68,270,0
16.408750000000055,104,58,266,0
16.409374999999955,-114,-86,240,0
16.410000000000082,56,22,282,0
16.410624999999982,-42,-64,214,0
16.41125000000011,10,38,302,0
16.41187500000001,-26,-88,194,0
16.41249999999991,24,40,258,0
16.413125000000036,-18,-44,216,0
16.413749999999936,-70,-16,278,0
16.414375000000064,74,6,174,0
16.414999999999964,-70,-6,234,0
16.41562500000009,22,-8,256,0
16.41624999999999,-100,-86,238,0
16.41687500000012,104,76,234,0
16.417500000000018,-78,-68,216,0
16.418124999999918,12,26,290,0
16.418750000000045,-38,-88,220,0
16.419374999999945,12,62,296,0
16.420000000000073,-8,-72,174,0
16.420624999999973,0,32,274,0
16.4212500000001,-24,-42,224,0
16.421875,-54,0,264,0
16.422500000000127,48,6,162,0
16.423125000000027,-54,-32,258,0
16.423749999999927,22,-28,246,0
16.424375000000055,-86,-42,258,0
16.424999999999955,96,64,246,0
16.425625000000082,-80,-116,214,0
16.426249999999982,40,38,310,0
16.42687500000011,-30,-62,224,0
16.42750000000001,26,64,298,0
16.42812499999991,-34,-88,194,0
16.428750000000036,48,72,320,0
16.429374999999936,-28,-90,198,0
16.430000000000064,-14,18,292,0
16.430624999999964,4,-48,160,0
16.43125000000009,12,46,286,0
16.43187499999999,-8,-56,166,0
16.43250000000012,-82,-34,306,0
16.433125000000018,52,36,260,0
16.433749999999918,-32,-62,224,0
16.434375000000045,12,14,310,0
16.434999999999945,-40,-50,270,0
16.435625000000073,34,38,270,0
16.436249999999973,-36,-86,196,0
16.4368750000001,42,80,296,0
16.4375,-90,-88,224,0
16.438125000000127,36,42,264,0
16.438750000000027,-36,-78,140,0
16.439374999999927,62,96,308,0
16.440000000000055,-58,-104,178,0
16.440624999999955,-24,40,326,0
16.441250000000082,0,-46,214,0
16.441874999999982,20,38,286,0
16.44250000000011,-56,-58,256,0
16.44312500000001,6,8,288,0
16.44374999999991,-16,-18,238,0
16.444375000000036,0,-50,242,0
16.444999999999936,-16,6,256,0
16.445625000000064,16,-20,216,0
16.446249999999964,-16,-20,246,0
16.44687500000009,-40,-56,214,0
16.44749999999999,50,34,248,0
16.44812500000012,-12,-40,254,0
16.448750000000018,2,2,282,0
16.449374999999918,-48,-64,280,0
16.450000000000045,74,68,268,0
16.450624999999945,-44,-90,232,0
16.451250000000073,8,52,314,0
16.451874999999973,-12,-90,196,0
16.4525000000001,32,34,240,0
16.453125,-42,-58,222,0
16.453750000000127,58,54,232,0
16.454375000000027,-64,-82,226,0
16.454999999999927,26,28,252,0
16.455625000000055,-34,-66,218,0
16.456249999999955,64,78,296,0
16.456875000000082,-44,-104,216,0
16.457499999999982,18,38,312,0
16.45812500000011,-20,-42,264,0
16.45875000000001,34,28,254,0
16.45937499999991,-42,-80,238,0
16.460000000000036,24,12,248,0
16.460624999999936,-4,-32,240,0
16.461250000000064,-4,0,264,0
16.461874999999964,-28,-40,240,0
16.46250000000009,50,14,250,0
16.46312499999999,-48,-46,236,0
16.46375000000012,14,4,262,0
16.464375000000018,-14,-28,210,0
16.464999999999918,46,18,274,0
16.465625000000045,-44,-62,192,0
16.466249999999945,-18,-16,294,0
16.466875000000073,12,-28,224,0
16.467499999999973,-14,6,280,0
16.4681250000001,-18,-56,214,0
16.46875,-6,-26,260,0
16.469375000000127,-16,-28,212,0
16.470000000000027,-14,-30,274,0
16.470624999999927,-8,-8,192,0
16.471250000000055,24,-8,258,0
16.471874999999955,-50,-44,182,0
16.472500000000082,0,-10,280,0
16.473124999999982,-14,-6,204,0
16.47375000000011,0,-6,304,0
16.47437500000001,-20,-62,168,0
16.47499999999991,-14,-12,284,0
16.475625000000036,4,-12,198,0
16.476249999999936,-28,-14,304,0
16.476875000000064,-10,-64,172,0
16.477499999999964,-8,-4,308,0
16.47812500000009,-16,-12,226,0
16.47874999999999,-8,-36,296,0
16.47937500000012,-4,-10,194,0
16.480000000000018,2,14,350,0
16.480624999999918,-14,-88,120,0
16.481250000000045,-18,-14,342,0
16.481874999999945,-14,-34,176,0
16.482500000000073,0,34,352,0
16.483124999999973,-16,-90,120,0
16.4837500000001,-4,-10,344,0
16.484375,-18,-46,178,0
16.485000000000127,-10,36,378,0
16.485625000000027,0,-82,98,0
16.486249999999927,-6,18,378,0
16.486875000000055,-16,-58,168,0
16.487499999999955,-16,34,346,0
16.488125000000082,-12,-72,106,0
16.488749999999982,16,54,390,0
16.48937500000011,-60,-96,90,0
16.49000000000001,16,30,348,0
16.49062499999991,-40,-62,154,0
16.491250000000036,64,56,374,0
16.491874999999936,-80,-114,108,0
16.492500000000064,50,28,336,0
16.493124999999964,-72,-66,134,0
16.49375000000009,64,68,396,0
16.49437499999999,-84,-108,110,0
16.49500000000012,68,40,352,0
16.495625000000018,-64,-96,132,0
16.496249999999918,40,26,342,0
16.496875000000045,-84,-80,166,0
16.497499999999945,72,70,314,0
16.498125000000073,-78,-98,140,0
16.498749999999973,38,26,334,0
16.4993750000001,-72,-68,206,0
16.5,94,54,322,0
16.500625000000127,-74,-84,190,0
16.501250000000027,44,8,288,0
16.501874999999927,-74,-50,226,0
16.502500000000055,62,46,270,0
16.503124999999955,-58,-56,236,0
16.503750000000082,32,-4,210,0
16.504374999999982,-58,-34,284,0
16.50500000000011,30,-12,192,0
16.50562500000001,-24,-28,304,0
16.50624999999991,42,-14,166,0
16.506875000000036,-44,10,356,0
16.507499999999936,0,-80,146,0
16.508125000000064,-14,14,384,0
16.508749999999964,18,-52,128,0
16.50937500000009,-8,64,396,0
16.50999999999999,-34,-94,140,0
16.51062500000012,6,36,382,0
16.511250000000018,-8,-70,126,0
16.511874999999918,34,70,384,0
16.512500000000045,-56,-112,118,0
16.513124999999945,30,62,368,0
16.513750000000073,-10,-96,92,0
16.514374999999973,0,62,374,0
16.5150000000001,-56,-96,124,0
16.515625,62,80,332,0
16.516250000000127,-50,-84,156,0
16.516875000000027,14,40,326,0
16.517499999999927,-38,-60,218,0
16.518125000000055,54,46,248,0
16.518749999999955,-50,-32,228,0
16.519375000000082,0,-16,240,0
16.519999999999982,-28,-40,252,0
16.52062500000011,24,2,178,0
16.52125000000001,-10,0,294,0
16.52187499999991,-4,-56,170,0
16.522500000000036,-12,44,392,0
16.523124999999936,2,-96,122,0
16.523750000000064,10,44,400,0
16.524374999999964,-28,-92,112,0
16.52500000000009,46,110,390,0
16.52562499999999,-64,-118,86,0
16.52625000000012,44,72,384,0
16.526875000000018,-48,-86,100,0
16.527499999999918,54,92,334,0
16.528125000000045,-58,-96,150,0
16.528749999999945,28,26,316,0
16.529375000000073,-52,-56,166,0
16.529999999999973,64,48,286,0
16.5306250000001,-48,-60,240,0
16.53125,14,-24,290,0
16.531875000000127,8,4,308,0
16.532500000000027,0,-48,222,0
16.533124999999927,6,32,336,0
16.533750000000055,-22,-66,170,0
16.534374999999955,72,68,308,0
16.535000000000082,-82,-94,150,0
16.535624999999982,58,50,342,0
16.53625000000011,-68,-88,106,0
16.53687500000001,76,76,324,0
16.53749999999991,-90,-64,184,0
16.538125000000036,54,4,318,0
16.538749999999936,-68,-70,214,0
16.539375000000064,44,38,298,0
16.539999999999964,-36,-26,244,0
16.54062500000009,14,-44,248,0
16.54124999999999,0,28,278,0
16.54187500000012,-28,-44,184,0
16.542500000000018,18,40,298,0
16.543124999999918,-48,-74,156,0
16.543750000000045,70,60,310,0
16.544374999999945,-100,-76,166,0
16.545000000000073,68,10,296,0
16.545624999999973,-64,-58,170,0
16.5462500000001,56,38,310,0
16.546875,-54,-46,234,0
16.547500000000127,12,-30,290,0
16.548125000000027,-42,-28,262,0
16.548749999999927,-6,-14,240,0
16.549375000000055,8,24,286,0
16.549999999999955,-48,-74,174,0
16.550625000000082,44,42,306,0
16.551249999999982,-58,-56,146,0
16.55187500000011,46,30,306,0
16.55250000000001,-64,-68,152,0
16.55312499999991,64,38,306,0
16.553750000000036,-56,-34,194,0
16.554374999999936,8,-28,282,0
16.555000000000064,-28,-10,234,0
16.555624999999964,-16,-18,252,0
16.55625000000009,24,14,280,0
16.55687499999999,-42,-64,204,0
16.55750000000012,14,28,324,0
16.558125000000018,-60,-64,158,0
16.558749999999918,52,56,314,0
16.559375000000045,-70,-68,176,0
16.559999999999945,26,8,286,0
16.560625000000073,-6,-44,166,0
16.561249999999973,-24,-4,312,0
16.5618750000001,0,-10,224,0
16.5625,-18,-26,262,0
16.563125000000127,56,4,286,0
16.563750000000027,-74,-70,220,0
16.564374999999927,36,28,338,0
16.565000000000055,-42,-60,164,0
16.565624999999955,30,28,320,0
16.566250000000082,-36,-32,168,0
16.566874999999982,-16,0,262,0
16.56750000000011,-16,-34,206,0
16.56812500000001,-12,-14,216,0
16.56874999999991,34,8,256,0
16.569375000000036,-68,-66,218,0
16.569999999999936,42,22,320,0
16.570625000000064,-24,-64,190,0
16.571249999999964,24,0,344,0
16.57187500000009,-40,-60,212,0
16.57249999999999,4,16,318,0
16.57312500000012,20,-40,210,0
16.573750000000018,-42,-46,242,0
16.574374999999918,22,6,260,0
16.575000000000045,-46,-28,192,0
16.575624999999945,36,28,274,0
16.576250000000073,-18,-60,148,0
16.576874999999973,6,12,290,0
16.5775000000001,-34,-58,206,0
16.578125,-4,14,300,0
16.578750000000127,14,-32,266,0
16.579375000000027,-26,-50,240,0
16.579999999999927,42,-16,308,0
16.580625000000055,-42,-58,252,0
16.581249999999955,6,6,320,0
16.581875000000082,-16,-50,182,0
16.582499999999982,16,18,292,0
16.58312500000011,-4,-30,204,0
16.58375000000001,-36,-16,222,0
16.58437499999991,26,-8,232,0
16.585000000000036,-16,-38,178,0
16.585624999999936,14,28,304,0
16.586250000000064,-28,-52,180,0
16.586874999999964,2,-10,296,0
16.58750000000009,-24,-44,228,0
16.58812499999999,10,-8,300,0
16.58875000000012,4,-26,294,0
16.589375000000018,-44,-52,228,0
16.589999999999918,16,6,296,0
16.590625000000045,-8,-56,188,0
16.591249999999945,0,-12,272,0
16.591875000000073,2,-46,192,0
16.592499999999973,-10,8,260,0
16.5931250000001,2,-12,246,0
16.59375,-40,-48,202,0
16.594375000000127,-8,12,288,0
16.595000000000027,-28,-38,198,0
16.595624999999927,8,16,340,0
16.596250000000055,-22,-30,216,0
16.596874999999955,0,-26,250,0
16.597500000000082,-8,-42,232,0
16.598124999999982,-18,-24,220,0
16.59875000000011,2,12,304,0
16.59937500000001,-38,-62,172,0
16.59999999999991,0,20,232,0
16.600625000000036,-4,-38,158,0
16.601249999999936,2,-14,272,0
16.601875000000064,-28,-8,292,0
16.602499999999964,-14,-20,240,0
16.60312500000009,10,14,248,0
16.60374999999999,-46,-62,186,0
16.60437500000012,0,10,308,0
16.605000000000018,-4,-40,232,0
16.605624999999918,-20,-6,242,0
16.606250000000045,8,6,270,0
16.606874999999945,-38,-64,192,0
16.607500000000073,6,-6,294,0
16.608124999999973,-28,-46,214,0
16.6087500000001,20,24,294,0
16.609375,-24,-20,194,0
16.610000000000127,-20,-22,240,0
16.610625000000027,14,8,282,0
16.611249999999927,-42,-40,224,0
16.611875000000055,0,0,296,0
16.612499999999955,-26,-40,242,0
16.613125000000082,14,8,280,0
16.613749999999982,6,-14,250,0
16.61437500000011,-24,-56,224,0
16.61500000000001,18,8,292,0
16.61562499999991,-20,-62,174,0
16.616250000000036,12,26,294,0
16.616874999999936,-4,-32,204,0
16.617500000000064,-24,-32,278,0
16.618124999999964,-12,2,278,0
16.61875000000009,0,-46,192,0
16.61937499999999,18,46,346,0
16.62000000000012,-40,-50,178,0
16.620625000000018,-10,2,318,0
16.621249999999918,12,-24,208,0
16.621875000000045,-26,-56,204,0
16.622499999999945,24,18,282,0
16.623125000000073,-30,-40,164,0
16.623749999999973,-8,42,314,0
16.6243750000001,-12,-56,170,0
16.625,-32,-8,290,0
16.625625000000127,14,16,258,0
16.626250000000027,-32,-52,192,0
16.626874999999927,22,48,340,0
16.627500000000055,-20,-48,184,0
16.628124999999955,-30,8,338,0
16.628750000000082,4,-30,204,0
16.629374999999982,-18,-14,242,0
16.63000000000011,22,32,280,0
16.63062500000001,-56,-56,188,0
16.63124999999991,0,14,314,0
16.631875000000036,8,-22,162,0
16.632499999999936,-22,-16,280,0
16.633125000000064,0,6,268,0
16.633749999999964,0,-52,192,0
16.63437500000009,14,32,328,0
16.63499999999999,-24,-36,210,0
16.63562500000012,-12,-22,302,0
16.636250000000018,14,8,298,0
16.636874999999918,-40,-36,196,0
16.637500000000045,40,42,280,0
16.638124999999945,-30,-20,196,0
16.638750000000073,-28,-26,280,0
16.639374999999973,0,-10,218,0
16.6400000000001,-16,-34,230,0
16.640625,20,28,284,0
16.641250000000127,-40,-36,220,0
16.641875000000027,10,-18,316,0
16.642499999999927,2,0,256,0
16.643125000000055,-28,-42,248,0
16.643749999999955,14,14,274,0
16.644375000000082,-12,-32,156,0
16.644999999999982,2,8,270,0
16.64562500000011,8,16,242,0
16.64625000000001,-36,-48,218,0
16.64687499999991,26,18,264,0
16.647500000000036,-26,-16,184,0
16.648124999999936,-4,4,274,0
16.648750000000064,12,0,232,0
16.649374999999964,-36,-50,242,0
16.65000000000009,0,4,336,0
16.65062499999999,-14,-34,216,0
16.65125000000012,4,-8,308,0
16.651875000000018,2,0,262,0
16.652499999999918,-36,-54,230,0
16.653125000000045,26,22,278,0
16.653749999999945,-14,-32,156,0
16.654375000000073,-20,-12,276,0
16.654999999999973,0,18,238,0
16.6556250000001,-24,-44,220,0
16.65625,32,32,302,0
16.656875000000127,-34,-40,204,0
16.657500000000027,-8,-26,290,0
16.658124999999927,20,0,246,0
16.658750000000055,-38,-48,220,0
16.659374999999955,40,46,338,0
16.660000000000082,2,-50,202,0
16.660624999999982,-26,-34,320,0
16.66125000000011,8,6,266,0
16.66187500000001,-18,-66,190,0
16.66249999999991,2,40,312,0
16.663125000000036,-14,-42,140,0
16.663749999999936,-34,-26,288,0
16.664375000000064,30,38,254,0
16.664999999999964,-42,-66,206,0
16.66562500000009,0,26,342,0
16.66624999999999,0,-20,200,0
16.66687500000012,-26,-30,312,0
16.667500000000018,28,32,270,0
16.668124999999918,-46,-80,208,0
16.668750000000045,18,18,318,0
16.669374999999945,2,-34,134,0
16.670000000000073,-34,-46,260,0
16.670624999999973,44,44,290,0
16.6712500000001,-24,-88,166,0
16.671875,-22,2,378,0
16.672500000000127,20,-14,182,0
16.673125000000027,-34,-58,252,0
16.673749999999927,38,46,310,0
16.674375000000055,-40,-72,142,0
16.674999999999955,-8,-12,364,0
16.675625000000082,32,8,202,0
16.676249999999982,-54,-56,256,0
16.67687500000011,24,38,330,0
16.67750000000001,-14,-60,122,0
16.67812499999991,-18,-6,326,0
16.678750000000036,28,28,208,0
16.679374999999936,-58,-68,180,0
16.680000000000064,22,16,326,0
16.680624999999964,-16,-28,122,0
16.68125000000009,-58,-42,310,0
16.68187499999999,58,40,284,0
16.68250000000012,-32,-88,158,0
16.683125000000018,-26,2,400,0
16.683749999999918,12,-20,154,0
16.684375000000045,-38,-48,248,0
16.684999999999945,36,38,306,0
16.685625000000073,-30,-64,132,0
16.686249999999973,-24,-28,332,0
16.6868750000001,38,-8,178,0
16.6875,-48,-70,224,0
16.688125000000127,4,24,338,0
16.688750000000027,0,-32,134,0
16.689374999999927,-30,-30,344,0
16.690000000000055,48,0,232,0
16.690624999999955,-42,-76,196,0
16.691250000000082,-26,0,348,0
16.691874999999982,14,0,148,0
16.69250000000011,-54,-58,256,0
16.69312500000001,30,24,292,0
16.69374999999991,0,-30,152,0
16.694375000000036,-52,-30,334,0
16.694999999999936,34,-12,202,0
16.695625000000064,-24,-56,150,0
16.696249999999964,-8,26,386,0
16.69687500000009,10,-40,148,0
16.69749999999999,-46,-58,316,0
16.69812500000012,28,20,284,0
16.698750000000018,-12,-48,180,0
16.699374999999918,-32,-28,352,0
16.700000000000045,26,0,202,0
16.700624999999945,-42,-62,246,0
16.701250000000073,0,2,314,0
16.701874999999973,20,-14,162,0
16.7025000000001,-64,-68,290,0
16.703125,32,22,238,0
16.703750000000127,-14,-22,176,0
16.704375000000027,-34,-32,320,0
16.704999999999927,64,14,206,0
16.705625000000055,-48,-62,246,0
16.706249999999955,-14,-22,334,0
16.706875000000082,14,-24,174,0
16.707499999999982,-48,-26,334,0
16.70812500000011,44,0,258,0
16.70875000000001,-10,-52,178,0
16.70937499999991,-28,-46,324,0
16.710000000000036,38,-8,208,0
16.710624999999936,-42,-56,254,0
16.711250000000064,0,-24,290,0
16.711874999999964,12,4,172,0
16.71250000000009,-50,-48,310,0
16.71312499999999,38,2,238,0
16.71375000000012,0,-6,212,0
16.714375000000018,-56,-50,314,0
16.714999999999918,48,30,174,0
16.715625000000045,-26,-46,222,0
16.716249999999945,-26,-24,326,0
16.716875000000073,52,36,172,0
16.717499999999973,-52,-84,262,0
16.7181250000001,10,-26,262,0
16.71875,20,2,192,0
16.719375000000127,-48,-42,314,0
16.720000000000027,50,0,188,0
16.720624999999927,-32,-24,248,0
16.721250000000055,-50,-38,334,0
16.721874999999955,56,22,170,0
16.722500000000082,-32,-62,306,0
16.723124999999982,-14,-16,290,0
16.72375000000011,38,20,164,0
16.72437500000001,-58,-40,328,0
16.72499999999991,30,0,188,0
16.725625000000036,32,0,186,0
16.726249999999936,-88,-68,308,0
16.726875000000064,54,20,160,0
16.727499999999964,-30,-24,278,0
16.72812500000009,-44,-56,308,0
16.72874999999999,82,50,164,0
16.72937500000012,-52,-50,346,0
16.730000000000018,-14,-64,240,0
16.730624999999918,56,14,216,0
16.731250000000045,-84,-62,372,0
16.731874999999945,48,-14,138,0
16.732500000000073,16,8,268,0
16.733124999999973,-92,-70,334,0
16.7337500000001,80,24,118,0
16.734375,-10,-16,310,0
16.735000000000127,-82,-52,276,0
16.735625000000027,78,34,132,0
16.736249999999927,-52,-26,376,0
16.736875000000055,-40,-36,234,0
16.737499999999955,62,52,236,0
16.738125000000082,-76,-60,322,0
16.738749999999982,8,-24,126,0
16.73937500000011,44,30,256,0
16.74000000000001,-80,-68,312,0
16.74062499999991,26,26,146,0
16.741250000000036,18,6,300,0
16.741874999999936,-92,-78,232,0
16.742500000000064,58,28,148,0
16.743124999999964,-20,-14,352,0
16.74375000000009,-58,-52,184,0
16.74437499999999,64,58,220,0
16.74500000000012,-56,-52,298,0
16.745625000000018,-28,-32,202,0
16.746249999999918,88,48,294,0
16.746875000000045,-74,-76,264,0
16.747499999999945,-10,-8,204,0
16.748125000000073,46,42,328,0
16.748749999999973,-76,-82,184,0
16.7493750000001,36,28,238,0
16.75,24,22,302,0
16.750625000000127,-98,-78,166,0
16.751250000000027,52,44,286,0
16.751874999999927,-10,-24,262,0
16.752500000000055,-68,-68,188,0
16.753124999999955,70,64,330,0
16.753750000000082,-46,-24,242,0
16.754374999999982,-52,-58,256,0
16.75500000000011,60,24,282,0
16.75562500000001,-20,-58,158,0
16.75624999999991,-24,-10,268,0
16.756875000000036,44,40,216,0
16.757499999999936,-60,-44,204,0
16.758125000000064,-16,-24,296,0
16.758749999999964,42,6,194,0
16.75937500000009,-52,-46,242,0
16.75999999999999,-20,-8,296,0
16.76062500000012,28,30,208,0
16.761250000000018,-52,-42,246,0
16.761874999999918,-16,16,300,0
16.762500000000045,24,30,206,0
16.763124999999945,-54,-90,250,0
16.763750000000073,-14,14,294,0
16.764374999999973,30,4,194,0
16.7650000000001,-66,-50,264,0
16.765625,6,38,280,0
16.766250000000127,46,2,190,0
16.766875000000027,-80,-60,280,0
16.767499999999927,18,40,248,0
16.768125000000055,14,-22,194,0
16.768749999999955,-70,-58,280,0
16.769375000000082,50,58,260,0
16.769999999999982,0,-40,244,0
16.77062500000011,-72,-48,306,0
16.77125000000001,76,26,224,0
16.77187499999991,-14,-38,240,0
16.772500000000036,-74,-40,300,0
16.773124999999936,68,18,190,0
16.773750000000064,-8,-48,200,0
16.774374999999964,-60,-14,298,0
16.77500000000009,64,46,220,0
16.77562499999999,-28,-54,228,0
16.77625000000012,-52,-38,298,0
16.776875000000018,66,26,242,0
16.777499999999918,-34,-48,250,0
16.778125000000045,-28,-44,284,0
16.778749999999945,74,46,252,0
16.779375000000073,-58,-42,250,0
16.779999999999973,-42,-38,254,0
16.7806250000001,56,46,198,0
16.78125,-54,-66,178,0
16.781875000000127,-20,-20,258,0
16.782500000000027,60,50,202,0
16.783124999999927,-52,-70,238,0
16.783750000000055,-32,-16,324,0
16.784374999999955,56,20,230,0
16.785000000000082,-44,-80,196,0
16.785624999999982,-32,2,332,0
16.78625000000011,46,22,226,0
16.78687500000001,-22,-74,192,0
16.78749999999991,-28,0,322,0
16.788125000000036,58,8,226,0
16.788749999999936,-36,-72,202,0
16.789375000000064,-44,-12,294,0
16.789999999999964,38,24,216,0
16.79062500000009,-50,-46,194,0
16.79124999999999,-24,-8,296,0
16.79187500000012,68,36,256,0
16.792500000000018,-44,-64,248,0
16.793124999999918,-32,-38,332,0
16.793750000000045,58,16,246,0
16.794374999999945,-32,-74,192,0
16.795000000000073,-48,-12,304,0
16.795624999999973,64,24,208,0
16.7962500000001,-42,-88,180,0
16.796875,-50,-16,330,0
16.797500000000127,56,36,194,0
16.798125000000027,-26,-84,144,0
16.798749999999927,-44,2,324,0
16.799375000000055,34,40,232,0
16.799999999999955,-16,-68,172,0
16.800625000000082,-30,2,332,0
16.801249999999982,50,46,278,0
16.80187500000011,-32,-64,218,0
16.80250000000001,-52,-42,328,0
16.80312499999991,46,12,228,0
16.803750000000036,-24,-58,190,0
16.804374999999936,-44,-48,300,0
16.805000000000064,66,52,234,0
16.805624999999964,-12,-42,194,0
16.80625000000009,-66,-60,332,0
16.80687499999999,48,18,242,0
16.80750000000012,-4,-50,174,0
16.808125000000018,-70,-44,318,0
16.808749999999918,46,44,268,0
16.809375000000045,6,-48,182,0
16.809999999999945,-58,-72,306,0
16.810625000000073,44,34,268,0
16.811249999999973,8,-16,192,0
16.8118750000001,-64,-76,266,0
16.8125,28,28,248,0
16.813125000000127,12,0,190,0
16.813750000000027,-70,-56,308,0
16.814374999999927,12,18,260,0
16.815000000000055,40,-14,188,0
16.815624999999955,-74,-78,282,0
16.816250000000082,-4,6,290,0
16.816874999999982,44,10,228,0
16.81750000000011,-52,-84,256,0
16.81812500000001,-10,-8,294,0
16.81874999999991,62,46,228,0
16.819375000000036,-68,-82,258,0
16.819999999999936,-22,-34,262,0
16.820625000000064,58,44,216,0
16.821249999999964,-50,-68,238,0
16.82187500000009,-28,-26,256,0
16.82249999999999,68,46,218,0
16.82312500000012,-40,-72,252,0
16.823750000000018,-56,-48,288,0
16.824374999999918,56,46,246,0
16.825000000000045,-32,-46,258,0
16.825624999999945,-60,-72,264,0
16.826250000000073,46,46,236,0
16.826874999999973,-8,-14,270,0
16.8275000000001,-50,-86,242,0
16.828125,48,36,212,0
16.828750000000127,30,0,262,0
16.829375000000027,-86,-96,274,0
16.829999999999927,16,12,236,0
16.830625000000055,50,24,250,0
16.831249999999955,-80,-84,264,0
16.831875000000082,2,0,242,0
16.832499999999982,56,70,262,0
16.83312500000011,-76,-98,246,0
16.83375000000001,-40,-42,234,0
16.83437499999991,74,56,248,0
16.835000000000036,-56,-64,252,0
16.835624999999936,-50,-52,246,0
16.836250000000064,86,60,234,0
16.836874999999964,-32,-40,256,0
16.83750000000009,-74,-80,238,0
16.83812499999999,54,58,264,0
16.83875000000012,10,-20,248,0
16.839375000000018,-72,-112,222,0
16.839999999999918,30,52,262,0
16.840625000000045,28,20,268,0
16.841249999999945,-72,-108,238,0
16.841875000000073,20,16,248,0
16.842499999999973,64,56,284,0
16.8431250000001,-88,-90,238,0
16.84375,-26,-40,234,0
16.844375000000127,66,70,256,0
16.845000000000027,-52,-60,208,0
16.845624999999927,-54,-64,216,0
16.846250000000055,88,96,270,0
16.846874999999955,-10,-26,256,0
16.847500000000082,-76,-110,266,0
16.848124999999982,52,62,296,0
16.84875000000011,30,-4,248,0
16.84937500000001,-88,-120,242,0
16.84999999999991,28,32,272,0
16.850625000000036,64,50,250,0
16.851249999999936,-86,-126,220,0
16.851875000000064,-18,-14,262,0
16.852499999999964,82,82,248,0
16.85312500000009,-52,-92,200,0
16.85374999999999,-58,-58,250,0
16.85437500000012,80,74,266,0
16.855000000000018,-8,-46,228,0
16.855624999999918,-74,-80,272,0
16.856250000000045,52,78,266,0
16.856874999999945,40,2,212,0
16.857500000000073,-96,-108,240,0
16.858124999999973,16,12,270,0
16.8587500000001,68,46,234,0
16.859375,-84,-86,234,0
16.860000000000127,-30,-22,270,0
16.860625000000027,84,86,264,0
16.861249999999927,-28,-50,240,0
16.861875000000055,-64,-90,252,0
16.862499999999955,52,48,278,0
16.863125000000082,6,-6,216,0
16.863749999999982,-80,-104,238,0
16.86437500000011,22,42,292,0
16.86500000000001,58,50,248,0
16.86562499999991,-64,-104,240,0
16.866250000000036,-18,-34,266,0
16.866874999999936,82,56,252,0
16.867500000000064,-56,-42,208,0
16.868124999999964,-80,-64,236,0
16.86875000000009,52,64,240,0
16.86937499999999,2,0,202,0
16.87000000000012,-82,-78,262,0
16.870625000000018,16,34,280,0
16.871249999999918,58,52,224,0
16.871875000000045,-76,-80,258,0
16.872499999999945,-40,-30,276,0
16.873125000000073,72,54,238,0
16.873749999999973,-32,-56,218,0
16.8743750000001,-78,-66,290,0
16.875,54,46,256,0
16.875625000000127,44,10,216,0
16.876250000000027,-70,-110,234,0
16.876874999999927,-12,8,300,0
16.877500000000055,56,48,230,0
16.878124999999955,-46,-90,212,0
16.878750000000082,-52,-40,294,0
16.879374999999982,62,76,272,0
16.88000000000011,-10,-16,238,0
16.88062500000001,-80,-90,250,0
16.88124999999991,40,28,258,0
16.881875000000036,36,38,218,0
16.882499999999936,-84,-70,242,0
16.883125000000064,-24,-12,248,0
16.883749999999964,74,50,230,0
16.88437500000009,-32,-50,236,0
16.88499999999999,-68,-60,266,0
16.88562500000012,52,56,258,0
16.886250000000018,30,14,222,0
16.886874999999918,-76,-102,250,0
16.887500000000045,-12,6,278,0
16.888124999999945,58,60,222,0
16.888750000000073,-46,-74,232,0
16.889374999999973,-64,-48,296,0
16.8900000000001,56,64,268,0
16.890625,34,-8,224,0
16.891250000000127,-72,-96,248,0
16.891875000000027,0,6,280,0
16.892499999999927,56,40,224,0
16.893125000000055,-50,-94,196,0
16.893749999999955,-52,-40,280,0
16.894375000000082,46,64,272,0
16.894999999999982,14,-28,202,0
16.89562500000011,-64,-92,240,0
16.89625000000001,20,24,274,0
16.89687499999991,40,38,234,0
16.897500000000036,-62,-74,212,0
16.898124999999936,-34,-44,260,0
16.898750000000064,48,56,284,0
16.899374999999964,0,-24,232,0
16.90000000000009,-52,-76,252,0
16.90062499999999,20,20,274,0
16.90125000000012,46,16,234,0
16.901875000000018,-66,-82,228,0
16.902499999999918,-48,-42,264,0
16.903125000000045,68,40,270,0
16.903749999999945,0,-26,220,0
16.904375000000073,-62,-74,270,0
16.904999999999973,24,8,306,0
16.9056250000001,56,16,232,0
16.90625,-28,-78,212,0
16.906875000000127,-60,-44,260,0
16.907500000000027,38,30,256,0
16.908124999999927,14,-26,196,0
16.908750000000055,-76,-66,212,0
16.909374999999955,-10,20,290,0
16.910000000000082,48,34,244,0
16.910624999999982,-22,-74,220,0
16.91125000000011,-42,-60,288,0
16.91187500000001,34,38,294,0
16.91249999999991,20,-8,222,0
16.913125000000036,-52,-82,222,0
16.913749999999936,-14,-18,272,0
16.914375000000064,42,32,254,0
16.914999999999964,-32,-50,220,0
16.91562500000009,-36,-68,256,0
16.91624999999999,26,18,252,0
16.91687500000012,38,2,218,0
16.917500000000018,-64,-64,230,0
16.918124999999918,-22,-44,262,0
16.918750000000045,50,16,242,0
16.919374999999945,4,-26,216,0
16.920000000000073,-52,-80,250,0
16.920624999999973,12,0,252,0
16.9212500000001,32,38,234,0
16.921875,-26,-60,214,0
16.922500000000127,-42,-64,260,0
16.923125000000027,18,28,252,0
16.923749999999927,10,-8,214,0
16.924375000000055,-52,-76,252,0
16.924999999999955,-12,2,248,0
16.925625000000082,50,36,222,0
16.926249999999982,-4,-48,228,0
16.92687500000011,-62,-56,260,0
16.92750000000001,14,18,264,0
16.92812499999991,38,8,228,0
16.928750000000036,-38,-84,256,0
16.929374999999936,-36,-44,270,0
16.930000000000064,38,18,240,0
16.930624999999964,24,-28,220,0
16.93125000000009,-42,-74,254,0
16.93187499999999,-4,0,254,0
16.93250000000012,48,20,230,0
16.933125000000018,-8,-48,232,0
16.933749999999918,-56,-64,274,0
16.934375000000045,2,-6,282,0
16.934999999999945,38,6,232,0
16.935625000000073,-46,-54,262,0
16.936249999999973,-38,-40,274,0
16.9368750000001,30,34,228,0
16.9375,34,4,240,0
16.938125000000127,-60,-56,272,0
16.938750000000027,-26,-18,270,0
16.939374999999927,50,12,238,0
16.940000000000055,-8,-10,252,0
16.940624999999955,-60,-64,256,0
16.941250000000082,24,-8,238,0
16.941874999999982,50,14,242,0
16.94250000000011,-30,-38,268,0
16.94312500000001,-60,-52,270,0
16.94374999999991,22,6,240,0
16.944375000000036,34,0,232,0
16.944999999999936,-42,-64,246,0
16.945625000000064,-36,-38,262,0
16.946249999999964,26,10,246,0
16.94687500000009,2,-10,226,0
16.94749999999999,-52,-58,242,0
16.94812500000012,-28,-4,252,0
16.948750000000018,32,16,230,0
16.949374999999918,2,-20,228,0
16.950000000000045,-58,-46,276,0
16.950624999999945,-4,-6,278,0
16.951250000000073,38,16,264,0
16.951874999999973,-20,-34,262,0
16.9525000000001,-60,-56,296,0
16.953125,0,12,250,0
16.953750000000127,46,26,248,0
16.954375000000027,-30,-30,248,0
16.954999999999927,-42,-50,250,0
16.955625000000055,4,18,240,0
16.956249999999955,28,12,198,0
16.956875000000082,-32,-78,220,0
16.957499999999982,-34,-30,288,0
16.95812500000011,36,28,270,0
16.95875000000001,30,-10,244,0
16.95937499999991,-42,-76,260,0
16.960000000000036,-18,-16,286,0
16.960624999999936,40,16,242,0
16.961250000000064,0,-20,214,0
16.961874999999964,-48,-62,240,0
16.96250000000009,-14,-6,234,0
16.96312499999999,28,22,238,0
16.96375000000012,-20,-14,238,0
16.964375000000018,-34,-54,236,0
16.964999999999918,0,10,242,0
16.965625000000045,38,24,232,0
16.966249999999945,-12,-8,256,0
16.966875000000073,-42,-38,284,0
16.967499999999973,0,14,280,0
16.9681250000001,38,10,226,0
16.96875,-16,-36,240,0
16.969375000000127,-56,-34,254,0
16.970000000000027,0,14,248,0
16.970624999999927,32,22,220,0
16.971250000000055,2,-50,230,0
16.971874999999955,-38,-48,280,0
16.972500000000082,2,0,252,0
16.973124999999982,22,0,214,0
16.97375000000011,-30,-56,248,0
16.97437500000001,-42,-34,286,0
16.97499999999991,24,16,268,0
16.975625000000036,32,2,236,0
16.976249999999936,-42,-52,268,0
16.976875000000064,-44,-46,284,0
16.977499999999964,12,14,236,0
16.97812500000009,24,0,214,0
16.97874999999999,-32,-50,230,0
16.97937500000012,-22,-32,268,0
16.980000000000018,0,30,256,0
16.980624999999918,14,0,240,0
16.981250000000045,-20,-38,236,0
16.981874999999945,-32,-10,276,0
16.982500000000073,16,28,270,0
16.983124999999973,20,14,254,0
16.9837500000001,-24,-54,256,0
16.984375,-26,-34,274,0
16.985000000000127,14,20,254,0
16.985625000000027,6,-6,232,0
16.986249999999927,-24,-52,228,0
16.986875000000055,-32,-30,262,0
16.987499999999955,14,20,258,0
16.988125000000082,24,12,212,0
16.988749999999982,-12,-44,256,0
16.98937500000011,-30,-36,300,0
16.99000000000001,14,10,256,0
16.99062499999991,28,-6,220,0
16.991250000000036,-32,-58,238,0
16.991874999999936,-34,-28,264,0
16.992500000000064,22,24,238,0
16.993124999999964,24,0,222,0
16.99375000000009,-26,-44,248,0
16.99437499999999,-36,-22,254,0
16.99500000000012,6,6,236,0
16.995625000000018,8,10,218,0
16.996249999999918,-16,-52,238,0
16.996875000000045,-20,-40,260,0
16.997499999999945,8,0,242,0
16.998125000000073,6,12,256,0
16.998749999999973,-18,-32,258,0
16.9993750000001,-18,-40,280,0
17.0,8,12,268,0
17.000625000000127,16,14,240,0
17.001250000000027,8,-38,234,0
17.001874999999927,-40,-30,276,0
17.002500000000055,-6,-6,252,0
17.003124999999955,30,6,220,0
17.003750000000082,-10,-8,250,0
17.004374999999982,-44,-40,270,0
17.00500000000011,0,-16,254,0
17.00562500000001,22,22,258,0
17.00624999999991,-4,-10,246,0
17.006875000000036,-24,-56,252,0
17.007499999999936,-28,-14,270,0
17.008125000000064,16,10,214,0
17.008749999999964,0,-24,226,0
17.00937500000009,-38,-52,258,0
17.00999999999999,-4,-28,248,0
17.01062500000012,16,2,254,0
17.011250000000018,4,-12,272,0
17.011874999999918,-26,-46,240,0
17.012500000000045,-8,-36,250,0
17.013124999999945,0,14,256,0
17.013750000000073,12,0,230,0
17.014374999999973,-16,-44,252,0
17.0150000000001,-18,-50,242,0
17.015625,10,-8,236,0
17.016250000000127,0,2,238,0
17.016875000000027,-22,-30,240,0
17.017499999999927,-24,-36,256,0
17.018125000000055,-12,8,250,0
17.018749999999955,18,12,228,0
17.019375000000082,6,-26,236,0
17.019999999999982,-48,-32,246,0
17.02062500000011,0,-28,236,0
17.02125000000001,14,0,240,0
17.02187499999991,-10,0,238,0
17.022500000000036,-34,-50,230,0
17.023124999999936,-20,-16,264,0
17.023750000000064,0,20,240,0
17.024374999999964,12,0,228,0
17.02500000000009,-14,-42,246,0
17.02562499999999,-40,-36,258,0
17.02625000000012,0,-14,248,0
17.026875000000018,16,0,230,0
17.027499999999918,-30,-20,242,0
17.028125000000045,-34,-40,254,0
17.028749999999945,0,0,262,0
17.029375000000073,22,0,244,0
17.029999999999973,-8,-20,256,0
17.0306250000001,-34,-52,270,0
17.03125,-8,-32,254,0
17.031875000000127,20,-4,236,0
17.032500000000027,0,-18,242,0
17.033124999999927,-32,-52,266,0
17.033750000000055,-16,-38,240,0
17.034374999999955,16,-12,226,0
17.035000000000082,8,2,256,0
17.035624999999982,-12,-40,240,0
17.03625000000011,-14,-42,250,0
17.03687500000001,4,-16,260,0
17.03749999999991,14,0,256,0
17.038125000000036,0,-16,254,0
17.038749999999936,-30,-48,240,0
17.039375000000064,-18,-28,254,0
17.039999999999964,0,6,232,0
17.04062500000009,0,-4,232,0
17.04124999999999,-34,-34,240,0
17.04187500000012,-20,-36,242,0
17.042500000000018,0,4,246,0
17.043124999999918,18,14,256,0
17.043750000000045,0,-22,254,0
17.044374999999945,-28,-48,248,0
17.045000000000073,-18,-18,256,0
17.045624999999973,14,0,218,0
17.0462500000001,-8,-12,226,0
17.046875,-32,-44,238,0
17.047500000000127,-14,-26,240,0
17.048125000000027,0,12,232,0
17.048749999999927,6,-8,246,0
17.049375000000055,-14,-38,262,0
17.049999999999955,-40,-32,266,0
17.050625000000082,-12,-28,246,0
17.051249999999982,18,0,244,0
17.05187500000011,-20,-8,246,0
17.05250000000001,-34,-42,242,0
17.05312499999991,-12,-38,234,0
17.053750000000036,0,12,236,0
17.054374999999936,6,-4,240,0
17.055000000000064,-18,-42,256,0
17.055624999999964,-20,-22,254,0
17.05625000000009,0,-18,238,0
17.05687499999999,14,10,262,0
17.05750000000012,10,-22,260,0
17.058125000000018,-28,-34,248,0
17.058749999999918,-22,-26,238,0
17.059375000000045,10,0,226,0
17.059999999999945,-6,8,242,0
17.060625000000073,-26,-30,228,0
17.061249999999973,-16,-50,244,0
17.0618750000001,-10,6,262,0
17.0625,12,6,254,0
17.063125000000127,14,-14,256,0
17.063750000000027,-38,-36,262,0
17.064374999999927,-32,-38,250,0
17.065000000000055,12,-14,240,0
17.065624999999955,6,4,252,0
17.066250000000082,-24,-36,246,0
17.066874999999982,-20,-48,256,0
17.06750000000011,0,-10,266,0
17.06812500000001,12,-6,248,0
17.06874999999991,12,-22,248,0
17.069375000000036,-28,-34,270,0
17.069999999999936,-20,-38,236,0
17.070625000000064,16,-14,216,0
17.071249999999964,0,0,252,0
17.07187500000009,-4,-30,230,0
17.07249999999999,-10,-44,258,0
17.07312500000012,-22,-18,268,0
17.073750000000018,14,0,250,0
17.074374999999918,14,-10,256,0
17.075000000000045,-30,-24,278,0
17.075624999999945,-24,-28,246,0
17.076250000000073,-12,2,238,0
17.076874999999973,-6,30,262,0
17.0775000000001,-4,0,242,0
17.078125,-10,-38,234,0
17.078750000000127,-20,-22,250,0
17.079375000000027,0,10,240,0
17.079999999999927,10,6,248,0
17.080625000000055,-22,-16,266,0
17.081249999999955,-32,-36,238,0
17.081875000000082,-4,-20,254,0
17.082499999999982,8,2,284,0
17.08312500000011,6,6,262,0
17.08375000000001,2,-38,244,0
17.08437499999991,-34,-48,258,0
17.085000000000036,-8,-28,234,0
17.085624999999936,30,-14,218,0
17.086250000000064,-8,-12,248,0
17.086874999999964,-24,-42,236,0
17.08750000000009,-22,-34,254,0
17.08812499999999,12,-8,246,0
17.08875000000012,16,-10,236,0
17.089375000000018,-4,-30,256,0
17.089999999999918,-34,-38,264,0
17.090625000000045,-16,-28,238,0
17.091249999999945,0,0,238,0
17.091875000000073,-10,12,258,0
17.092499999999973,-10,-26,236,0
17.0931250000001,-30,-38,236,0
17.09375,-20,-8,252,0
17.094375000000127,10,8,240,0
17.095000000000027,6,0,236,0
17.095624999999927,-18,-12,262,0
17.096250000000055,-30,-12,250,0
17.096874999999955,8,0,234,0
17.097500000000082,12,12,270,0
17.098124999999982,0,4,276,0
17.09875000000011,0,-34,250,0
17.09937500000001,-12,-48,224,0
17.09999999999991,-14,-2,254,0
17.100625000000036,10,-4,256,0
17.101249999999936,-4,-12,256,0
17.101875000000064,-20,-32,236,0
17.102499999999964,-10,-42,256,0
17.10312500000009,0,-12,276,0
17.10374999999999,8,2,246,0
17.10437500000012,10,-18,246,0
17.105000000000018,-26,-40,274,0
17.105624999999918,-22,-34,246,0
17.106250000000045,12,-14,232,0
17.106874999999945,0,0,260,0
17.107500000000073,-18,-26,248,0
17.108124999999973,-12,-44,242,0
17.1087500000001,-22,-30,264,0
17.109375,0,-4,246,0
17.110000000000127,18,-6,254,0
17.110625000000027,-14,-8,262,0
17.111249999999927,-28,-24,244,0
17.111875000000055,-8,-32,248,0
17.112499999999955,-6,12,264,0
17.113125000000082,0,6,246,0
17.113749999999982,2,-20,254,0
17.11437500000011,-22,-18,270,0
17.11500000000001,-18,0,260,0
17.11562499999991,12,0,242,0
17.116250000000036,-4,16,256,0
17.116874999999936,-10,-16,238,0
17.117500000000064,-6,-28,242,0
17.118124999999964,-22,-12,256,0
17.11875000000009,8,-6,236,0
17.11937499999999,4,-6,256,0
17.12000000000012,2,-30,242,0
17.120625000000018,-18,-26,250,0
17.121249999999918,-22,-34,254,0
17.121875000000045,0,-18,246,0
17.122499999999945,0,0,256,0
17.123125000000073,-4,-28,248,0
17.123749999999973,-18,-46,244,0
17.1243750000001,-18,-30,258,0
17.125,2,-12,240,0
17.125625000000127,-8,4,244,0
17.126250000000027,-8,-12,252,0
17.126874999999927,-16,-46,238,0
17.127500000000055,-20,-34,232,0
17.128124999999955,-6,-16,232,0
17.128750000000082,4,-4,240,0
17.129374999999982,-6,-24,246,0
17.13000000000011,-20,-34,236,0
17.13062500000001,-8,-34,252,0
17.13124999999991,-16,6,256,0
17.131875000000036,0,14,248,0
17.132499999999936,10,-8,244,0
17.133125000000064,-22,-16,256,0
17.133749999999964,-22,-24,240,0
17.13437500000009,-4,-8,240,0
17.13499999999999,4,24,234,0
17.13562500000012,6,-14,228,0
17.136250000000018,-12,-22,246,0
17.136874999999918,-16,-18,256,0
17.137500000000045,-10,-18,228,0
17.138124999999945,0,4,252,0
17.138750000000073,12,0,256,0
17.139374999999973,0,-40,232,0
17.1400000000001,-8,-42,238,0
17.140625,-22,-16,252,0
17.141250000000127,4,-16,228,0
17.141875000000027,8,-14,232,0
17.142499999999927,-12,-18,226,0
17.143125000000055,-28,-44,236,0
17.143749999999955,-14,-40,238,0
17.144375000000082,4,-30,236,0
17.144999999999982,4,-10,256,0
17.14562500000011,-8,-26,262,0
17.14625000000001,-10,-44,270,0
17.14687499999991,-8,-42,248,0
17.147500000000036,-8,-28,246,0
17.148124999999936,0,0,262,0
17.148750000000064,8,-14,242,0
17.149374999999964,-12,-34,240,0
17.15000000000009,-32,-32,260,0
17.15062499999999,-6,-24,242,0
17.15125000000012,14,-4,226,0
17.151875000000018,-10,6,256,0
17.152499999999918,-8,-20,226,0
17.153125000000045,-26,-26,254,0
17.153749999999945,-26,-16,282,0
17.154375000000073,4,2,254,0
17.154999999999973,0,8,270,0
17.1556250000001,0,-24,274,0
17.15625,-12,-30,252,0
17.156875000000127,-24,-28,254,0
17.157500000000027,2,-20,228,0
17.158124999999927,6,-8,232,0
17.158750000000055,-6,-12,230,0
17.159374999999955,-8,-30,232,0
17.160000000000082,-6,-44,242,0
17.160624999999982,-12,-32,266,0
17.16125000000011,8,-26,256,0
17.16187500000001,2,-12,272,0
17.16249999999991,-14,-18,276,0
17.163125000000036,-16,-36,256,0
17.163749999999936,-18,-30,260,0
17.164375000000064,-12,0,256,0
17.164999999999964,6,-22,226,0
17.16562500000009,-4,-12,224,0
17.16624999999999,-10,-36,236,0
17.16687500000012,-20,-30,240,0
17.167500000000018,-14,-30,240,0
17.168124999999918,10,-14,228,0
17.168750000000045,-8,2,258,0
17.169374999999945,-8,-18,244,0
17.170000000000073,0,-40,260,0
17.170624999999973,-32,-8,260,0
17.1712500000001,-6,2,242,0
17.171875,8,6,232,0
17.172500000000127,0,18,232,0
17.173125000000027,-4,-20,230,0
17.173749999999927,-10,-30,230,0
17.174375000000055,-12,-10,222,0
17.174999999999955,0,6,230,0
17.175625000000082,0,0,236,0
17.176249999999982,0,-6,242,0
17.17687500000011,-24,-22,278,0
17.17750000000001,-26,-26,278,0
17.17812499999991,6,-26,264,0
17.178750000000036,6,0,280,0
17.179374999999936,-4,-4,266,0
17.180000000000064,-8,-16,262,0
17.180624999999964,-24,-34,246,0
17.18125000000009,-8,-32,210,0
17.18187499999999,-14,4,200,0
17.18250000000012,-6,6,220,0
17.183125000000018,0,-10,212,0
17.183749999999918,-24,-16,236,0
17.184375000000045,-28,-34,254,0
17.184999999999945,-4,-32,266,0
17.185625000000073,-4,0,282,0
17.186249999999973,6,-18,252,0
17.1868750000001,0,-20,286,0
17.1875,0,-20,276,0
17.188125000000127,-8,-28,224,0
17.188750000000027,0,-10,230,0
17.189374999999927,12,0,216,0
17.190000000000055,2,-10,224,0
17.190624999999955,-6,-10,246,0
17.191250000000082,-8,-18,250,0
17.191874999999982,-12,-24,256,0
17.19250000000011,0,0,266,0
17.19312500000001,-8,14,264,0
17.19374999999991,0,-10,250,0
17.194375000000036,-8,-28,262,0
17.194999999999936,-30,-12,256,0
17.195625000000064,-10,-12,242,0
17.196249999999964,0,8,228,0
17.19687500000009,2,0,214,0
17.19749999999999,-8,0,220,0
17.19812500000012,-6,-28,216,0
17.198750000000018,-18,-34,226,0
17.199374999999918,-16,-18,234,0
17.200000000000045,6,-16,234,0
17.200624999999945,-20,0,252,0
17.201250000000073,-10,-26,278,0
17.201874999999973,0,-54,282,0
17.2025000000001,-6,-44,264,0
17.203125,-12,-20,266,0
17.203750000000127,6,-24,238,0
17.204375000000027,8,-18,216,0
17.204999999999927,-12,-18,218,0
17.205625000000055,-30,-32,238,0
17.206249999999955,-18,-20,206,0
17.206875000000082,0,-20,206,0
17.207499999999982,0,0,254,0
17.20812500000011,-8,0,256,0
17.20875000000001,10,-22,276,0
17.20937499999991,-8,-30,282,0
17.210000000000036,-16,-16,302,0
17.210624999999936,-20,0,276,0
17.211250000000064,-8,6,264,0
17.211874999999964,0,0,236,0
17.21250000000009,-6,-12,234,0
17.21312499999999,-8,-12,246,0
17.21375000000012,-24,-4,232,0
17.214375000000018,0,-12,210,0
17.214999999999918,6,0,206,0
17.215625000000045,-4,4,238,0
17.216249999999945,4,-8,266,0
17.216875000000073,-14,-28,266,0
17.217499999999973,-10,-36,280,0
17.2181250000001,-22,-10,292,0
17.21875,0,0,254,0
17.219375000000127,8,-24,252,0
17.220000000000027,0,-18,266,0
17.220624999999927,-14,-32,254,0
17.221250000000055,-6,-44,234,0
17.221874999999955,-12,-20,216,0
17.222500000000082,0,0,218,0
17.223124999999982,-4,4,234,0
17.22375000000011,8,-26,232,0
17.22437500000001,0,-40,258,0
17.22499999999991,-14,-30,264,0
17.225625000000036,-20,-24,286,0
17.226249999999936,-12,-22,252,0
17.226875000000064,8,-30,242,0
17.227499999999964,6,-24,254,0
17.22812500000009,-8,-18,256,0
17.22874999999999,-10,-38,234,0
17.22937500000012,-20,-8,228,0
17.230000000000018,-10,10,218,0
17.230624999999918,6,0,212,0
17.231250000000045,4,0,224,0
17.231874999999945,-6,-16,254,0
17.232500000000073,-16,-28,282,0
17.233124999999973,-10,-16,258,0
17.2337500000001,0,-8,256,0
17.234375,-12,-4,278,0
17.235000000000127,-4,0,260,0
17.235625000000027,10,-18,252,0
17.236249999999927,-12,-20,268,0
17.236875000000055,-24,-20,244,0
17.237499999999955,0,-20,226,0
17.238125000000082,-8,2,238,0
17.238749999999982,-8,4,234,0
17.23937500000011,4,0,252,0
17.24000000000001,0,-36,240,0
17.24062499999991,-14,-26,272,0
17.241250000000036,-18,-14,264,0
17.241874999999936,-14,-22,254,0
17.242500000000064,0,-16,244,0
17.243124999999964,-6,-8,248,0
17.24375000000009,-8,-30,266,0
17.24437499999999,-16,-50,246,0
17.24500000000012,-14,-36,226,0
17.245625000000018,-16,-30,232,0
17.246249999999918,0,-20,226,0
17.246875000000045,0,-8,230,0
17.247499999999945,-6,-22,246,0
17.248125000000073,-6,-36,266,0
17.248749999999973,-24,-24,282,0
17.2493750000001,-14,-24,256,0
17.25,-4,-12,256,0
17.250625000000127,4,-6,250,0
17.251250000000027,4,-18,224,0
17.251874999999927,4,-16,256,0
17.252500000000055,-14,-8,252,0
17.253124999999955,-10,-34,214,0
17.253750000000082,-6,-10,224,0
17.254374999999982,0,6,228,0
17.25500000000011,6,-16,226,0
17.25562500000001,8,-18,272,0
17.25624999999991,-16,-10,288,0
17.256875000000036,-6,-36,270,0
17.257499999999936,-4,-22,272,0
17.258125000000064,-24,6,256,0
17.258749999999964,-12,-6,242,0
17.25937500000009,8,-10,232,0
17.25999999999999,-4,0,226,0
17.26062500000012,-16,-34,230,0
17.261250000000018,-16,-28,224,0
17.261874999999918,-12,-32,220,0
17.262500000000045,-8,-6,238,0
17.263124999999945,0,-18,240,0
17.263750000000073,10,-36,260,0
17.264374999999973,4,-38,294,0
17.2650000000001,-12,-38,276,0
17.265625,0,-46,272,0
17.266250000000127,-10,-22,256,0
17.266875000000027,-8,-14,252,0
17.267499999999927,0,-20,242,0
17.268125000000055,6,-26,228,0
17.268749999999955,-14,-34,238,0
17.269375000000082,-20,-16,254,0
17.269999999999982,-16,-30,222,0
17.27062500000011,-12,-20,226,0
17.27125000000001,-14,-4,258,0
17.27187499999991,-4,-8,250,0
17.272500000000036,16,-24,274,0
17.273124999999936,0,-26,302,0
17.273750000000064,-10,-26,286,0
17.274374999999964,-12,-14,260,0
17.27500000000009,-12,-28,214,0
17.27562499999999,0,-16,210,0
17.27625000000012,0,0,218,0
17.276875000000018,-14,0,224,0
17.277499999999918,-14,-24,236,0
17.278125000000045,0,-38,238,0
17.278749999999945,-20,-16,262,0
17.279375000000073,-16,-10,254,0
17.279999999999973,8,-26,250,0
17.2806250000001,8,-8,274,0
17.28125,0,-14,282,0
17.281875000000127,4,-42,274,0
17.282500000000027,-8,-44,258,0
17.283124999999927,-24,-22,252,0
17.283750000000055,-8,-26,222,0
17.284374999999955,0,-20,212,0
17.285000000000082,0,-18,234,0
17.285624999999982,-4,-32,248,0
17.28625000000011,-6,-34,244,0
17.28687500000001,-26,-22,270,0
17.28749999999991,-8,-38,258,0
17.288125000000036,0,-22,254,0
17.288749999999936,0,-18,256,0
17.289375000000064,12,-8,280,0
17.289999999999964,2,-22,246,0
17.29062500000009,0,-22,248,0
17.29124999999999,-34,-20,256,0
17.29187500000012,-24,-16,232,0
17.292500000000018,0,-20,224,0
17.293124999999918,0,-6,242,0
17.293750000000045,0,0,232,0
17.294374999999945,6,-16,250,0
17.295000000000073,0,-34,250,0
17.295624999999973,-12,-26,288,0
17.2962500000001,-26,-14,262,0
17.296875,-8,-22,244,0
17.297500000000127,6,-20,224,0
17.298125000000027,0,0,236,0
17.298749999999927,-6,-18,238,0
17.299375000000055,0,-24,234,0
17.299999999999955,-20,-6,236,0
17.300625000000082,-20,-28,228,0
17.301249999999982,-8,-22,222,0
17.30187500000011,0,2,230,0
17.30250000000001,0,-14,236,0
17.30312499999991,6,-16,250,0
17.303750000000036,-14,-12,264,0
17.304374999999936,-20,-28,270,0
17.305000000000064,-16,-32,262,0
17.305624999999964,-14,-16,242,0
17.30625000000009,-8,-14,242,0
17.30687499999999,-4,0,228,0
17.30750000000012,0,0,218,0
17.308125000000018,0,0,250,0
17.308749999999918,-12,-20,240,0
17.309375000000045,-20,-12,240,0
17.309999999999945,-28,-10,256,0
17.310625000000073,-18,-6,252,0
17.311249999999973,0,-8,252,0
17.3118750000001,6,0,274,0
17.3125,-8,4,274,0
17.313125000000127,6,-24,250,0
17.313750000000027,-8,-18,266,0
17.314374999999927,-26,-18,264,0
17.315000000000055,-8,-34,236,0
17.315624999999955,-12,-8,242,0
17.316250000000082,0,-8,226,0
17.316874999999982,-12,6,230,0
17.31750000000011,0,-14,224,0
17.31812500000001,0,-30,256,0
17.31874999999991,-26,-26,260,0
17.319375000000036,-8,-20,260,0
17.319999999999936,0,-26,252,0
17.320625000000064,0,-6,250,0
17.321249999999964,0,-4,246,0
17.32187500000009,4,-14,232,0
17.32249999999999,0,-20,230,0
17.32312500000012,-20,-22,250,0
17.323750000000018,-12,-36,242,0
17.324374999999918,-18,-24,230,0
17.325000000000045,-16,-10,250,0
17.325624999999945,-12,-14,238,0
17.326250000000073,12,-24,234,0
17.326874999999973,6,-10,266,0
17.3275000000001,-8,-18,260,0
17.328125,-12,-24,262,0
17.328750000000127,-18,-16,278,0
17.329375000000027,-18,-14,248,0
17.329999999999927,-12,4,232,0
17.330625000000055,-8,8,230,0
17.331249999999955,8,0,214,0
17.331875000000082,-16,4,240,0
17.332499999999982,-8,-18,226,0
17.33312500000011,-16,0,258,0
17.33375000000001,-10,-16,260,0
17.33437499999991,-6,-22,262,0
17.335000000000036,0,0,260,0
17.335624999999936,12,0,244,0
17.336250000000064,0,0,248,0
17.336874999999964,0,-4,256,0
17.33750000000009,0,-22,256,0
17.33812499999999,-16,-26,254,0
17.33875000000012,-22,-18,248,0
17.339375000000018,-8,-20,228,0
17.339999999999918,-14,-10,246,0
17.340625000000045,0,-8,244,0
17.341249999999945,-8,-4,254,0
17.341875000000073,0,-24,244,0
17.342499999999973,-10,-20,274,0
17.3431250000001,-22,-24,268,0
17.34375,-16,-34,244,0
17.344375000000127,-2,-26,242,0
17.345000000000027,-6,-16,232,0
17.345624999999927,2,0,250,0
17.346250000000055,0,0,242,0
17.346874999999955,4,-18,236,0
17.347500000000082,0,-28,244,0
17.348124999999982,-16,-18,254,0
17.34875000000011,-8,-46,236,0
17.34937500000001,-14,-14,256,0
17.34999999999991,-14,-4,262,0
17.350625000000036,6,-20,242,0
17.351249999999936,0,-2,262,0
17.351875000000064,-10,-10,254,0
17.352499999999964,0,-32,244,0
17.35312500000009,-20,-16,250,0
17.35374999999999,-12,-20,242,0
17.35437500000012,-20,-4,232,0
17.355000000000018,-18,0,226,0
17.355624999999918,-8,4,232,0
17.356250000000045,0,0,224,0
17.356874999999945,0,8,246,0
17.357500000000073,-12,0,256,0
17.358124999999973,0,-30,248,0
17.3587500000001,-12,-28,274,0
17.359375,-18,-22,280,0
17.360000000000127,-8,-26,254,0
17.360625000000027,4,-24,238,0
17.361249999999927,-4,-8,242,0
17.361875000000055,0,-14,240,0
17.362499999999955,0,-10,238,0
17.363125000000082,-6,-16,260,0
17.363749999999982,0,-46,240,0
17.36437500000011,-6,-32,256,0
17.36500000000001,-16,-24,260,0
17.36562499999991,0,-36,244,0
17.366250000000036,-8,-6,258,0
17.366874999999936,-8,-6,264,0
17.367500000000064,4,-26,250,0
17.368124999999964,-4,-20,278,0
17.36875000000009,-18,-18,260,0
17.36937499999999,0,-44,256,0
17.37000000000012,-10,-24,248,0
17.370625000000018,-16,-12,246,0
17.371249999999918,0,-12,232,0
17.371875000000045,0,-10,220,0
17.372499999999945,-8,-14,230,0
17.373125000000073,-14,0,260,0
17.373749999999973,-10,-6,268,0
17.3743750000001,0,-28,256,0
17.375,0,-36,270,0
17.375625000000127,-10,-26,278,0
17.376250000000027,0,-12,252,0
17.376874999999927,-8,-4,266,0
17.377500000000055,-4,2,246,0
17.378124999999955,12,-14,238,0
17.378750000000082,0,-20,238,0
17.379374999999982,2,-20,230,0
17.38000000000011,-18,-16,240,0
17.38062500000001,-10,-18,240,0
17.38124999999991,0,-22,240,0
17.381875000000036,-10,0,230,0
17.382499999999936,-14,0,236,0
17.383125000000064,-4,0,248,0
17.383749999999964,0,-4,250,0
17.38437500000009,0,-6,266,0
17.38499999999999,-8,-16,258,0
17.38562500000012,0,-42,246,0
17.386250000000018,-10,-28,260,0
17.386874999999918,-16,-20,246,0
17.387500000000045,-4,-38,226,0
17.388124999999945,-6,-30,220,0
17.388750000000073,-6,-24,244,0
17.389374999999973,0,-22,250,0
17.3900000000001,0,-18,250,0
17.390625,-2,-26,274,0
17.391250000000127,0,-28,278,0
17.391875000000027,0,-30,260,0
17.392499999999927,-10,-30,256,0
17.393125000000055,0,-16,242,0
17.393749999999955,0,-12,226,0
17.394375000000082,-10,-10,240,0
17.394999999999982,0,-8,256,0
17.39562500000011,-4,0,254,0
17.39625000000001,6,-12,244,0
17.39687499999991,-14,-4,276,0
17.397500000000036,-16,-14,248,0
17.398124999999936,0,-28,240,0
17.398750000000064,-12,-8,268,0
17.399374999999964,-16,-6,258,0
17.40000000000009,6,-20,256,0
17.40062499999999,0,-18,262,0
17.40125000000012,0,-12,278,0
17.401875000000018,0,0,256,0
17.402499999999918,0,-26,226,0
17.403125000000045,-6,-24,232,0
17.403749999999945,-26,-14,222,0
17.404375000000073,-10,-24,208,0
17.404999999999973,-10,-24,220,0
17.4056250000001,-20,-6,240,0
17.40625,-12,-22,258,0
17.406875000000127,6,-22,262,0
17.407500000000027,0,0,260,0
17.408124999999927,-12,-10,254,0
17.408750000000055,-4,-24,246,0
17.409374999999955,-30,-14,226,0
17.410000000000082,-26,-26,228,0
17.410624999999982,-8,-22,228,0
17.41125000000011,-24,-4,244,0
17.41187500000001,-14,-16,248,0
17.41249999999991,6,-16,248,0
17.413125000000036,-8,0,258,0
17.413749999999936,-10,-12,248,0
17.414375000000064,-10,-16,252,0
17.414999999999964,-20,-8,256,0
17.41562500000009,-22,-26,246,0
17.41624999999999,0,-30,244,0
17.41687500000012,-22,-6,256,0
17.417500000000018,-12,-14,250,0
17.418124999999918,0,-14,234,0
17.418750000000045,0,0,236,0
17.419374999999945,-8,0,252,0
17.420000000000073,0,-16,238,0
17.420624999999973,0,-26,232,0
17.4212500000001,-10,-8,264,0
17.421875,-20,-16,258,0
17.422500000000127,0,-38,254,0
17.423125000000027,-8,-18,264,0
17.423749999999927,-16,-10,268,0
17.424375000000055,-14,0,268,0
17.424999999999955,0,-8,234,0
17.425625000000082,2,-10,236,0
17.426249999999982,-12,2,238,0
17.42687500000011,-8,0,246,0
17.42750000000001,0,-24,232,0
17.42812499999991,0,-34,218,0
17.428750000000036,-10,-18,238,0
17.429374999999936,-6,-8,246,0
17.430000000000064,0,-20,236,0
17.430624999999964,0,-24,252,0
17.43125000000009,-24,0,268,0
17.43187499999999,-10,-12,260,0
17.43250000000012,0,-14,248,0
17.433125000000018,-4,0,234,0
17.433749999999918,-10,-12,262,0
17.434375000000045,-16,-18,226,0
17.434999999999945,-8,-32,228,0
17.435625000000073,-10,-14,244,0
17.436249999999973,-16,-10,254,0
17.4368750000001,0,-16,252,0
17.4375,0,-18,244,0
17.438125000000127,-6,-12,252,0
17.438750000000027,-10,0,272,0
17.439374999999927,0,-6,260,0
17.440000000000055,4,-22,256,0
17.440624999999955,0,-32,258,0
17.441250000000082,0,-20,256,0
17.441874999999982,-12,-12,248,0
17.44250000000011,-10,-22,222,0
17.44312500000001,0,-24,242,0
17.44374999999991,-18,-6,240,0
17.444375000000036,0,-12,228,0
17.444999999999936,-4,-16,256,0
17.445625000000064,0,0,258,0
17.446249999999964,-8,-10,262,0
17.44687500000009,-4,-20,266,0
17.44749999999999,-22,-10,264,0
17.44812500000012,-10,-20,236,0
17.448750000000018,-4,-32,240,0
17.449374999999918,0,0,244,0
17.450000000000045,0,-22,220,0
17.450624999999945,0,-14,250,0
17.451250000000073,0,2,254,0
17.451874999999973,0,-12,234,0
17.4525000000001,0,-10,254,0
17.453125,-14,2,258,0
17.453750000000127,0,-24,236,0
17.454375000000027,0,-20,244,0
17.454999999999927,-22,-10,252,0
17.455625000000055,-12,-26,252,0
17.456249999999955,-4,-18,244,0
17.456875000000082,-10,-16,238,0
17.457499999999982,-12,0,258,0
17.45812500000011,0,-14,234,0
17.45875000000001,-10,-6,230,0
17.45937499999991,-16,-4,226,0
17.460000000000036,0,-16,232,0
17.460624999999936,0,-16,234,0
17.461250000000064,-16,-24,234,0
17.461874999999964,0,-40,244,0
17.46250000000009,-6,-34,242,0
17.46312499999999,-6,-34,248,0
17.46375000000012,-4,-36,240,0
17.464375000000018,-20,-14,260,0
17.464999999999918,0,-20,242,0
17.465625000000045,2,-28,238,0
17.466249999999945,-16,-6,256,0
17.466875000000073,0,-10,230,0
17.467499999999973,0,-4,242,0
17.4681250000001,-4,-4,240,0
17.46875,0,-34,220,0
17.469375000000127,0,-24,236,0
17.470000000000027,-18,-12,254,0
17.470624999999927,-10,-18,256,0
17.471250000000055,-8,-8,248,0
17.471874999999955,-26,0,258,0
17.472500000000082,-14,0,246,0
17.473124999999982,0,-4,254,0
17.47375000000011,-16,8,232,0
17.47437500000001,0,0,222,0
17.47499999999991,0,-12,220,0
17.475625000000036,-22,0,240,0
17.476249999999936,0,-26,220,0
17.476875000000064,-4,-30,226,0
17.477499999999964,-18,-14,236,0
17.47812500000009,-4,-24,238,0
17.47874999999999,0,-32,250,0
17.47937500000012,-24,-4,256,0
17.480000000000018,-12,-30,256,0
17.480624999999918,2,-32,256,0
17.481250000000045,-6,-10,242,0
17.481874999999945,-8,-16,242,0
17.482500000000073,0,-26,232,0
17.483124999999973,-12,-26,218,0
17.4837500000001,-6,-20,238,0
17.484375,-12,-32,228,0
17.485000000000127,-4,-40,228,0
17.485625000000027,-4,-40,258,0
17.486249999999927,-10,-18,266,0
17.486875000000055,0,-32,260,0
17.487499999999955,0,-22,262,0
17.488125000000082,-8,-10,276,0
17.488749999999982,4,-20,254,0
17.48937500000011,0,-16,240,0
17.49000000000001,-8,0,246,0
17.49062499999991,0,-12,230,0
17.491250000000036,0,-26,216,0
17.491874999999936,-16,-16,238,0
17.492500000000064,-18,-22,252,0
17.493124999999964,-6,-18,242,0
17.49375000000009,-10,-24,258,0
17.49437499999999,0,-14,270,0
17.49500000000012,-4,-14,272,0
17.495625000000018,6,-18,260,0
17.496249999999918,-12,-8,280,0
17.496875000000045,-12,-4,266,0
17.497499999999945,0,-16,240,0
17.498125000000073,-6,-14,250,0
17.498749999999973,-10,-16,230,0
17.4993750000001,0,-28,216,0
17.5,-8,-22,244,0
17.500625000000127,0,-20,248,0
17.501250000000027,0,-16,252,0
17.501874999999927,0,-38,248,0
17.502500000000055,0,-26,276,0
17.503124999999955,-18,-16,280,0
17.503750000000082,-10,-16,268,0
17.504374999999982,2,-24,258,0
17.50500000000011,0,-22,246,0
17.50562500000001,-8,-12,244,0
17.50624999999991,-10,-24,228,0
17.506875000000036,-12,-18,210,0
17.507499999999936,-14,-14,230,0
17.508125000000064,-18,-14,222,0
17.508749999999964,-12,-20,228,0
17.50937500000009,-4,-24,254,0
17.50999999999999,-8,-6,278,0
17.51062500000012,0,-30,274,0
17.511250000000018,0,-16,274,0
17.511874999999918,-12,0,286,0
17.512500000000045,0,-22,256,0
17.513124999999945,0,-20,240,0
17.513750000000073,-10,-18,232,0
17.514374999999973,-6,-8,218,0
17.5150000000001,0,-20,198,0
17.515625,0,-16,208,0
17.516250000000127,-18,-8,248,0
17.516875000000027,-6,-18,238,0
17.517499999999927,4,-32,248,0
17.518125000000055,-16,-12,286,0
17.518749999999955,-12,-16,276,0
17.519375000000082,2,-26,286,0
17.519999999999982,-8,-20,290,0
17.52062500000011,-10,-12,262,0
17.52125000000001,2,-28,238,0
17.52187499999991,0,-30,214,0
17.522500000000036,-12,-10,222,0
17.523124999999936,0,-16,212,0
17.523750000000064,0,-22,194,0
17.524374999999964,-8,-10,238,0
17.52500000000009,-18,-4,252,0
17.52562499999999,-16,-24,260,0
17.52625000000012,2,-30,266,0
17.526875000000018,-18,-8,286,0
17.527499999999918,-8,-18,272,0
17.528125000000045,-6,-26,280,0
17.528749999999945,0,-8,264,0
17.529375000000073,0,-32,224,0
17.529999999999973,-4,-14,238,0
17.5306250000001,6,-18,212,0
17.53125,2,-22,184,0
17.531875000000127,-6,-4,228,0
17.532500000000027,0,-14,238,0
17.533124999999927,-10,0,232,0
17.533750000000055,0,-4,278,0
17.534374999999955,2,-24,274,0
17.535000000000082,-8,-12,292,0
17.535624999999982,-4,-12,284,0
17.53625000000011,0,-18,268,0
17.53687500000001,0,-36,250,0
17.53749999999991,-6,-22,252,0
17.538125000000036,-4,-12,230,0
17.538749999999936,0,-32,200,0
17.539375000000064,-6,-16,222,0
17.539999999999964,-16,-16,232,0
17.54062500000009,-8,-8,220,0
17.54124999999999,0,-18,236,0
17.54187500000012,-8,2,252,0
17.542500000000018,-12,-6,286,0
17.543124999999918,-10,-20,280,0
17.543750000000045,-10,-12,256,0
17.544374999999945,-12,-10,280,0
17.545000000000073,-4,-18,252,0
17.545624999999973,-6,-18,230,0
17.5462500000001,-20,-14,220,0
17.546875,0,-20,206,0
17.547500000000127,-24,6,220,0
17.548125000000027,-4,-6,214,0
17.548749999999927,-8,0,248,0
17.549375000000055,-12,12,264,0
17.549999999999955,0,-14,254,0
17.550625000000082,0,-10,280,0
17.551249999999982,-6,0,280,0
17.55187500000011,0,-12,252,0
17.55250000000001,0,-16,248,0
17.55312499999991,-16,-8,244,0
17.553750000000036,-14,-22,228,0
17.554374999999936,-6,-24,226,0
17.555000000000064,-8,-24,206,0
17.555624999999964,-4,-18,236,0
17.55625000000009,-10,-16,250,0
17.55687499999999,0,-38,248,0
17.55750000000012,0,-32,256,0
17.558125000000018,0,-30,278,0
17.558749999999918,-6,-30,288,0
17.559375000000045,0,-30,270,0
17.559999999999945,-6,-22,266,0
17.560625000000073,0,-36,242,0
17.561249999999973,-6,-16,246,0
17.5618750000001,-16,-12,240,0
17.5625,0,-32,218,0
17.563125000000127,0,-20,212,0
17.563750000000027,-14,-10,230,0
17.564374999999927,0,-24,236,0
17.565000000000055,-6,-8,268,0
17.565624999999955,-18,-6,276,0
17.566250000000082,0,-20,274,0
17.566874999999982,0,-16,284,0
17.56750000000011,-8,0,284,0
17.56812500000001,0,-24,262,0
17.56874999999991,-6,-18,252,0
17.569375000000036,-16,-4,238,0
17.569999999999936,0,-16,222,0
17.570625000000064,0,-8,218,0
17.571249999999964,-12,2,216,0
17.57187500000009,0,-18,222,0
17.57249999999999,-4,-8,248,0
17.57312500000012,-12,0,260,0
17.573750000000018,0,-18,258,0
17.574374999999918,0,-16,280,0
17.575000000000045,-6,-18,274,0
17.575624999999945,-10,-14,256,0
17.576250000000073,-14,-18,252,0
17.576874999999973,2,-44,228,0
17.5775000000001,-14,-20,240,0
17.578125,-16,-34,216,0
17.578750000000127,-4,-36,224,0
17.579375000000027,-12,-16,232,0
17.579999999999927,0,-24,230,0
17.580625000000055,0,-32,240,0
17.581249999999955,0,-8,264,0
17.581875000000082,0,-26,248,0
17.582499999999982,0,-20,286,0
17.58312500000011,0,-4,274,0
17.58375000000001,-8,-22,258,0
17.58437499999991,-8,0,258,0
17.585000000000036,-8,-4,240,0
17.585624999999936,-2,-28,228,0
17.586250000000064,-8,-8,220,0
17.586874999999964,-18,-8,230,0
17.58750000000009,-4,-20,232,0
17.58812499999999,0,-16,244,0
17.58875000000012,-14,-6,262,0
17.589375000000018,0,-26,248,0
17.589999999999918,-4,-16,278,0
17.590625000000045,-18,-10,272,0
17.591249999999945,0,-24,256,0
17.591875000000073,0,-16,270,0
17.592499999999973,-24,-8,248,0
17.5931250000001,0,-24,216,0
17.59375,-4,-10,228,0
17.594375000000127,-22,0,226,0
17.595000000000027,-4,-18,204,0
17.595624999999927,-8,-6,234,0
17.596250000000055,-20,0,248,0
17.596874999999955,0,-18,246,0
17.597500000000082,0,-10,282,0
17.598124999999982,0,-6,276,0
17.59875000000011,-10,-12,278,0
17.59937500000001,-10,-20,272,0
17.59999999999991,4,-26,242,0
17.600625000000036,-6,-26,250,0
17.601249999999936,-8,-20,236,0
17.601875000000064,0,-34,214,0
17.602499999999964,-12,-22,232,0
17.60312500000009,-6,-18,234,0
17.60374999999999,2,-26,228,0
17.60437500000012,-10,-16,260,0
17.605000000000018,-10,-10,270,0
17.605624999999918,0,-24,262,0
17.606250000000045,-14,-14,286,0
17.606874999999945,-20,-16,262,0
17.607500000000073,0,-24,258,0
17.608124999999973,-10,0,270,0
17.6087500000001,-18,0,240,0
17.609375,6,-10,220,0
17.610000000000127,-4,2,234,0
17.610625000000027,-14,0,242,0
17.611249999999927,2,-12,224,0
17.611875000000055,0,-14,246,0
17.612499999999955,-8,-6,266,0
17.613125000000082,2,-20,260,0
17.613749999999982,-8,-12,292,0
17.61437500000011,-8,-22,286,0
17.61500000000001,6,-30,270,0
17.61562499999991,0,-36,266,0
17.616250000000036,-10,-24,254,0
17.616874999999936,-4,-16,236,0
17.617500000000064,-10,-28,208,0
17.618124999999964,0,-36,208,0
17.61875000000009,-8,-10,220,0
17.61937499999999,-10,-20,232,0
17.62000000000012,-16,-18,240,0
17.620625000000018,-6,-28,256,0
17.621249999999918,-4,-16,260,0
17.621875000000045,-14,-14,282,0
17.622499999999945,-16,-14,298,0
17.623125000000073,0,-20,262,0
17.623749999999973,-8,-6,270,0
17.6243750000001,2,-28,232,0
17.625,0,-20,228,0
17.625625000000127,-8,0,230,0
17.626250000000027,0,-26,214,0
17.626874999999927,-4,-18,218,0
17.627500000000055,-14,-10,230,0
17.628124999999955,-8,-12,240,0
17.628750000000082,-12,-8,276,0
17.629374999999982,0,-16,266,0
17.63000000000011,-4,-12,264,0
17.63062500000001,-12,-16,292,0
17.63124999999991,-10,-22,260,0
17.631875000000036,-8,-22,242,0
17.632499999999936,-18,-22,232,0
17.633125000000064,0,-22,210,0
17.633749999999964,-12,-20,214,0
17.63437500000009,-16,-20,222,0
17.63499999999999,0,-20,224,0
17.63562500000012,-14,2,228,0
17.636250000000018,-18,0,238,0
17.636874999999918,-18,-4,266,0
17.637500000000045,0,-18,270,0
17.638124999999945,-6,-6,280,0
17.638750000000073,-10,-20,276,0
17.639374999999973,-14,-8,272,0
17.6400000000001,-4,-18,246,0
17.640625,6,-24,224,0
17.641250000000127,-8,-10,240,0
17.641875000000027,-10,-16,218,0
17.642499999999927,6,-24,220,0
17.643125000000055,0,-22,248,0
17.643749999999955,-8,-10,238,0
17.644375000000082,0,-30,254,0
17.644999999999982,-4,-20,266,0
17.64562500000011,-8,-14,274,0
17.64625000000001,2,-28,278,0
17.64687499999991,-8,-18,266,0
17.647500000000036,-10,-14,260,0
17.648124999999936,0,-24,240,0
17.648750000000064,-12,-14,248,0
17.649374999999964,-8,-14,236,0
17.65000000000009,0,0,224,0
17.65062499999999,-4,-26,234,0
17.65125000000012,-10,-10,246,0
17.651875000000018,-20,0,262,0
17.652499999999918,-12,-14,244,0
17.653125000000045,-2,-16,262,0
17.653749999999945,-16,-8,258,0
17.654375000000073,-14,-12,266,0
17.654999999999973,0,-12,258,0
17.6556250000001,-16,-6,238,0
17.65625,0,-12,224,0
17.656875000000127,4,-24,224,0
17.657500000000027,-20,2,218,0
17.658124999999927,-8,-16,220,0
17.658750000000055,-8,-8,218,0
17.659374999999955,-6,2,230,0
17.660000000000082,-12,-14,250,0
17.660624999999982,0,-20,256,0
17.66125000000011,-8,-8,276,0
17.66187500000001,-8,-16,276,0
17.66249999999991,0,-28,264,0
17.663125000000036,-20,-8,266,0
17.663749999999936,-6,-22,246,0
17.664375000000064,0,-32,224,0
17.664999999999964,-18,-16,234,0
17.66562500000009,-14,-26,212,0
17.66624999999999,6,-26,212,0
17.66687500000012,-18,-14,230,0
17.667500000000018,0,-26,236,0
17.668124999999918,0,-20,248,0
17.668750000000045,-4,-6,266,0
17.669374999999945,-8,-26,264,0
17.670000000000073,0,-20,270,0
17.670624999999973,-16,-16,262,0
17.6712500000001,-16,-12,274,0
17.671875,-12,-16,240,0
17.672500000000127,-22,0,214,0
17.673125000000027,-4,-14,210,0
17.673749999999927,0,-14,212,0
17.674375000000055,-22,0,214,0
17.674999999999955,-14,-10,234,0
17.675625000000082,0,-8,252,0
17.676249999999982,-10,4,258,0
17.67687500000011,-4,-4,268,0
17.67750000000001,0,-10,278,0
17.67812499999991,-12,0,264,0
17.678750000000036,-16,0,274,0
17.679374999999936,-6,-12,252,0
17.680000000000064,-12,-16,230,0
17.680624999999964,-12,-10,222,0
17.68125000000009,0,-18,210,0
17.68187499999999,-4,-20,216,0
17.68250000000012,0,-14,240,0
17.683125000000018,-6,-22,238,0
17.683749999999918,0,-38,244,0
17.684375000000045,0,-26,278,0
17.684999999999945,-10,-30,274,0
17.685625000000073,2,-46,266,0
17.686249999999973,0,-36,276,0
17.6868750000001,-8,-28,270,0
17.6875,0,-32,242,0
17.688125000000127,0,-30,224,0
17.688750000000027,-8,-22,238,0
17.689374999999927,-8,-24,218,0
17.690000000000055,-6,-24,212,0
17.690624999999955,-8,-26,230,0
17.691250000000082,-18,-24,266,0
17.691874999999982,-10,-10,244,0
17.69250000000011,-12,-18,274,0
17.69312500000001,0,-18,284,0
17.69374999999991,-6,-18,268,0
17.694375000000036,-12,-14,270,0
17.694999999999936,-16,-20,274,0
17.695625000000064,-6,-18,230,0
17.696249999999964,-18,-6,236,0
17.69687500000009,-8,-6,240,0
17.69749999999999,-4,-16,210,0
17.69812500000012,-12,-16,216,0
17.698750000000018,-20,0,248,0
17.699374999999918,-12,-12,244,0
17.700000000000045,2,-18,256,0
17.700624999999945,0,-28,246,0
17.701250000000073,-8,-8,282,0
17.701874999999973,-18,-6,272,0
17.7025000000001,-16,-14,276,0
17.703125,-10,-24,254,0
17.703750000000127,0,-36,230,0
17.704375000000027,0,-26,224,0
17.704999999999927,-14,-24,218,0
17.705625000000055,-4,-24,236,0
17.706249999999955,-8,-26,214,0
17.706875000000082,6,-34,226,0
17.707499999999982,-14,-32,266,0
17.70812500000011,0,-40,250,0
17.70875000000001,-10,-32,274,0
17.70937499999991,-16,-32,292,0
17.710000000000036,0,-36,254,0
17.710624999999936,10,-40,256,0
17.711250000000064,-16,-16,260,0
17.711874999999964,-10,-32,232,0
17.71250000000009,4,-32,224,0
17.71312499999999,0,-26,228,0
17.71375000000012,-10,-6,232,0
17.714375000000018,-16,-6,226,0
17.714999999999918,-14,-8,260,0
17.715625000000045,-4,-16,254,0
17.716249999999945,0,-26,264,0
17.716875000000073,-8,-8,278,0
17.717499999999973,-8,-8,282,0
17.7181250000001,-18,-18,288,0
17.71875,-6,-6,256,0
17.719375000000127,0,-16,240,0
17.720000000000027,-6,-10,252,0
17.720624999999927,0,-14,232,0
17.721250000000055,-16,-8,220,0
17.721874999999955,-18,-10,222,0
17.722500000000082,-12,-8,242,0
17.723124999999982,0,-28,240,0
17.72375000000011,-10,-18,272,0
17.72437500000001,-8,-16,286,0
17.72499999999991,0,-34,272,0
17.725625000000036,0,-36,258,0
17.726249999999936,2,-36,256,0
17.726875000000064,-4,-26,270,0
17.727499999999964,-4,-26,246,0
17.72812500000009,0,-18,232,0
17.72874999999999,-12,-28,214,0
17.72937500000012,-8,-26,222,0
17.730000000000018,0,-36,226,0
17.730624999999918,0,-28,240,0
17.731250000000045,-4,-30,242,0
17.731874999999945,-16,-10,284,0
17.732500000000073,-16,-10,282,0
17.733124999999973,-4,-8,278,0
17.7337500000001,-4,-16,250,0
17.734375,-6,-22,264,0
17.735000000000127,-18,0,244,0
17.735625000000027,0,-14,234,0
17.736249999999927,-6,-10,220,0
17.736875000000055,-10,-10,212,0
17.737499999999955,-8,0,238,0
17.738125000000082,-12,-6,244,0
17.738749999999982,2,-26,246,0
17.73937500000011,0,-20,258,0
17.74000000000001,-8,-12,284,0
17.74062499999991,-18,-20,296,0
17.741250000000036,-4,-24,266,0
17.741874999999936,-4,-24,270,0
17.742500000000064,-12,-4,272,0
17.743124999999964,0,-18,238,0
17.74375000000009,-8,-28,226,0
17.74437499999999,-18,-10,230,0
17.74500000000012,0,-20,220,0
17.745625000000018,2,-26,230,0
17.746249999999918,-12,-16,250,0
17.746875000000045,-4,-16,258,0
17.747499999999945,-18,-6,256,0
17.748125000000073,-14,-20,264,0
17.748749999999973,-12,-22,270,0
17.7493750000001,0,-32,266,0
17.75,-8,-16,268,0
17.750625000000127,-8,-16,254,0
17.751250000000027,0,-30,234,0
17.751874999999927,0,-26,234,0
17.752500000000055,-18,-4,220,0
17.753124999999955,-16,-8,232,0
17.753750000000082,-14,-14,228,0
17.754374999999982,10,-14,236,0
17.75500000000011,0,-26,242,0
17.75562500000001,-8,-10,266,0
17.75624999999991,-18,-4,282,0
17.756875000000036,-12,-6,276,0
17.757499999999936,0,-16,258,0
17.758125000000064,-20,0,254,0
17.758749999999964,-14,-8,266,0
17.75937500000009,-10,-6,248,0
17.75999999999999,0,-30,214,0
17.76062500000012,0,-22,224,0
17.761250000000018,-16,-14,230,0
17.761874999999918,-14,0,250,0
17.762500000000045,-14,-16,244,0
17.763124999999945,0,-14,250,0
17.763750000000073,0,-18,286,0
17.764374999999973,-8,-14,282,0
17.7650000000001,0,-6,284,0
17.765625,0,-20,248,0
17.766250000000127,0,-24,240,0
17.766875000000027,-10,-14,232,0
17.767499999999927,-4,-18,246,0
17.768125000000055,-12,-10,240,0
17.768749999999955,-4,-32,216,0
17.769375000000082,-8,-16,218,0
17.769999999999982,6,-20,222,0
17.77062500000011,-8,-10,256,0
17.77125000000001,-12,-4,274,0
17.77187499999991,0,-16,264,0
17.772500000000036,-8,-10,286,0
17.773124999999936,-14,-6,284,0
17.773750000000064,0,-12,264,0
17.774374999999964,0,-16,230,0
17.77500000000009,0,-12,242,0
17.77562499999999,-24,6,230,0
17.77625000000012,-18,-6,214,0
17.776875000000018,-14,-8,218,0
17.777499999999918,0,-22,220,0
17.778125000000045,0,-12,246,0
17.778749999999945,-10,-4,258,0
17.779375000000073,-16,-8,278,0
17.779999999999973,-4,-14,266,0
17.7806250000001,2,-14,260,0
17.78125,-10,-10,262,0
17.781875000000127,-4,-16,264,0
17.782500000000027,0,-8,248,0
17.783124999999927,-16,-12,238,0
17.783750000000055,0,-28,230,0
17.784374999999955,-18,-10,226,0
17.785000000000082,-14,-18,222,0
17.785624999999982,-10,-14,232,0
17.78625000000011,0,-24,238,0
17.78687500000001,-8,-18,268,0
17.78749999999991,-14,-14,284,0
17.788125000000036,0,-30,258,0
17.788749999999936,-10,-16,282,0
17.789375000000064,-10,-16,272,0
17.789999999999964,0,-24,256,0
17.79062500000009,0,-22,232,0
17.79124999999999,-6,-20,234,0
17.79187500000012,-14,-8,242,0
17.792500000000018,-12,-18,222,0
17.793124999999918,4,-16,220,0
17.793750000000045,-10,-8,260,0
17.794374999999945,-6,-6,258,0
17.795000000000073,6,-22,260,0
17.795624999999973,4,-20,248,0
17.7962500000001,0,-14,280,0
17.796875,-16,0,278,0
17.797500000000127,-4,-10,260,0
17.798125000000027,-4,-14,244,0
17.798749999999927,-6,0,236,0
17.799375000000055,-16,-10,226,0
17.799999999999955,0,-12,222,0
17.800625000000082,-12,-8,214,0
17.801249999999982,-18,0,218,0
17.80187500000011,-16,-16,236,0
17.80250000000001,-8,0,240,0
17.80312499999991,0,-18,244,0
17.803750000000036,-6,-16,256,0
17.804374999999936,-20,-8,258,0
17.805000000000064,0,-20,252,0
17.805624999999964,0,-28,238,0
17.80625000000009,-12,-8,236,0
17.80687499999999,-16,-18,230,0
17.80750000000012,0,-26,214,0
17.808125000000018,-18,-16,218,0
17.808749999999918,-10,-24,224,0
17.809375000000045,-4,-24,224,0
17.809999999999945,-10,-8,234,0
17.810625000000073,-6,-8,264,0
17.811249999999973,-10,-14,278,0
17.8118750000001,-6,-24,268,0
17.8125,0,-24,262,0
17.813125000000127,-10,-26,272,0
17.813750000000027,-16,-12,274,0
17.814374999999927,-14,-8,242,0
17.815000000000055,0,-24,230,0
17.815624999999955,0,-22,230,0
17.816250000000082,-10,-6,242,0
17.816874999999982,0,-12,230,0
17.81750000000011,0,-18,246,0
17.81812500000001,-4,-14,252,0
17.81874999999991,0,-16,266,0
17.819375000000036,0,-26,256,0
17.819999999999936,-8,-18,274,0
17.820625000000064,-8,0,266,0
17.821249999999964,0,-22,246,0
17.82187500000009,-10,-12,238,0
17.82249999999999,-20,-12,240,0
17.82312500000012,-16,-18,226,0
17.823750000000018,-4,-18,212,0
17.824374999999918,-8,-14,222,0
17.825000000000045,-10,-12,242,0
17.825624999999945,-14,-14,238,0
17.826250000000073,2,-36,238,0
17.826874999999973,-4,-32,268,0
17.8275000000001,-10,-20,286,0
17.828125,0,-28,284,0
17.828750000000127,0,-28,254,0
17.829375000000027,-12,-32,256,0
17.829999999999927,-12,-14,256,0
17.830625000000055,-14,-24,240,0
17.831249999999955,8,-32,222,0
17.831875000000082,-6,-18,240,0
17.832499999999982,-12,-10,226,0
17.83312500000011,6,-30,226,0
17.83375000000001,-14,-8,252,0
17.83437499999991,-14,-4,252,0
17.835000000000036,0,-30,256,0
17.835624999999936,-10,0,280,0
17.836250000000064,-10,-12,280,0
17.836874999999964,12,-22,252,0
17.83750000000009,-18,-4,270,0
17.83812499999999,0,-12,236,0
17.83875000000012,6,-24,226,0
17.839375000000018,-14,-6,244,0
17.839999999999918,-4,-10,216,0
17.840625000000045,2,-8,222,0
17.841249999999945,-26,0,258,0
17.841875000000073,-16,-12,248,0
17.842499999999973,2,-24,250,0
17.8431250000001,-16,-8,282,0
17.84375,-6,-14,270,0
17.844375000000127,2,-28,268,0
17.845000000000027,-14,-12,274,0
17.845624999999927,-10,-14,256,0
17.846250000000055,-4,-8,246,0
17.846874999999955,0,-24,218,0
17.847500000000082,-6,-14,236,0
17.848124999999982,0,-6,232,0
17.84875000000011,-6,-16,218,0
17.84937500000001,-6,-16,254,0
17.84999999999991,2,-26,260,0
17.850625000000036,0,-28,252,0
17.851249999999936,-4,-20,278,0
17.851875000000064,8,-28,276,0
17.852499999999964,0,-26,256,0
17.85312500000009,-4,-14,270,0
17.85374999999999,2,-18,244,0
17.85437500000012,4,-28,220,0
17.855000000000018,0,-10,236,0
17.855624999999918,2,-18,226,0
17.856250000000045,-8,-4,248,0
17.856874999999945,-14,-4,236,0
17.857500000000073,8,-20,244,0
17.858124999999973,-16,-20,274,0
17.8587500000001,0,-16,250,0
17.859375,0,-16,256,0
17.860000000000127,-14,-8,280,0
17.860625000000027,-8,-12,258,0
17.861249999999927,0,-18,254,0
17.861875000000055,-18,-8,258,0
17.862499999999955,-12,-20,234,0
17.863125000000082,0,-18,226,0
17.863749999999982,-12,-10,238,0
17.86437500000011,-4,-10,234,0
17.86500000000001,-4,-10,246,0
17.86562499999991,-8,-8,256,0
17.866250000000036,-10,-6,266,0
17.866874999999936,6,-30,266,0
17.867500000000064,0,-30,260,0
17.868124999999964,-10,-10,270,0
17.86875000000009,4,-24,264,0
17.86937499999999,-14,-18,266,0
17.87000000000012,-8,-14,246,0
17.870625000000018,8,-26,208,0
17.871249999999918,-6,-18,244,0
17.871875000000045,-10,-10,224,0
17.872499999999945,6,-20,216,0
17.873125000000073,-8,-10,254,0
17.873749999999973,-16,-16,256,0
17.8743750000001,6,-22,252,0
17.875,-14,-6,282,0
17.875625000000127,-14,-10,274,0
17.876250000000027,2,-34,266,0
17.876874999999927,-4,-24,248,0
17.877500000000055,-6,-18,256,0
17.878124999999955,0,-26,238,0
17.878750000000082,0,-26,218,0
17.879374999999982,-8,-10,238,0
17.88000000000011,2,-18,226,0
17.88062500000001,-4,-24,236,0
17.88124999999991,-6,-10,264,0
17.881875000000036,6,-20,256,0
17.882499999999936,0,-12,282,0
17.883125000000064,-12,-10,264,0
17.883749999999964,6,-20,258,0
17.88437500000009,-18,-10,280,0
17.88499999999999,-8,-16,246,0
17.88562500000012,-12,-16,246,0
17.886250000000018,-4,-24,234,0
17.886874999999918,0,-22,220,0
17.887500000000045,-10,-18,244,0
17.888124999999945,-8,-22,228,0
17.888750000000073,-8,-16,230,0
17.889374999999973,-8,-12,256,0
17.8900000000001,0,-30,256,0
17.890625,-10,-18,260,0
17.891250000000127,-8,-18,270,0
17.891875000000027,0,-36,256,0
17.892499999999927,-10,-12,274,0
17.893125000000055,-6,-12,260,0
17.893749999999955,0,-18,238,0
17.894375000000082,0,-24,240,0
17.894999999999982,-10,-20,238,0
17.89562500000011,-18,-12,240,0
17.89625000000001,0,-20,222,0
17.89687499999991,-10,-24,250,0
17.897500000000036,-16,-4,270,0
17.898124999999936,-6,-16,252,0
17.898750000000064,-6,-26,270,0
17.899374999999964,-14,-12,278,0
17.90000000000009,0,-22,248,0
17.90062499999999,4,-26,240,0
17.90125000000012,-18,-8,256,0
17.901875000000018,-12,-20,238,0
17.902499999999918,6,-24,224,0
17.903125000000045,-4,-14,248,0
17.903749999999945,-16,-22,230,0
17.904375000000073,0,-16,224,0
17.904999999999973,-16,-18,260,0
17.9056250000001,-10,-16,256,0
17.90625,0,-30,258,0
17.906875000000127,-14,-16,284,0
17.907500000000027,-18,-24,264,0
17.908124999999927,4,-22,250,0
17.908750000000055,-12,-24,268,0
17.909374999999955,-4,-14,232,0
17.910000000000082,4,-20,232,0
17.910624999999982,-16,-10,246,0
17.91125000000011,-16,-18,232,0
17.91187500000001,0,-24,226,0
17.91249999999991,-4,-8,262,0
17.913125000000036,-10,-12,260,0
17.913749999999936,2,0,266,0
17.914375000000064,0,-28,246,0
17.914999999999964,0,-24,256,0
17.91562500000009,-16,-10,262,0
17.91624999999999,0,-28,244,0
17.91687500000012,-10,-10,252,0
17.917500000000018,-20,-8,248,0
17.918124999999918,0,-24,218,0
17.918750000000045,-10,-8,234,0
17.919374999999945,-18,0,232,0
17.920000000000073,0,-26,222,0
17.920624999999973,0,-14,252,0
17.9212500000001,0,-26,254,0
17.921875,-6,-14,258,0
17.922500000000127,-14,-16,276,0
17.923125000000027,2,-26,262,0
17.923749999999927,0,-30,242,0
17.924375000000055,-10,-16,258,0
17.924999999999955,-8,-14,248,0
17.925625000000082,0,-28,220,0
17.926249999999982,-8,-10,242,0
17.92687500000011,0,-10,234,0
17.92750000000001,0,-24,214,0
17.92812499999991,0,-28,248,0
17.928750000000036,-6,-14,252,0
17.929374999999936,-12,-8,272,0
17.930000000000064,-14,-16,268,0
17.930624999999964,2,-28,258,0
17.93125000000009,-8,-18,282,0
17.93187499999999,-18,-8,268,0
17.93250000000012,2,-20,246,0
17.933125000000018,-14,-14,256,0
17.933749999999918,-8,-16,236,0
17.934375000000045,6,-16,224,0
17.934999999999945,-14,-8,250,0
17.935625000000073,-8,-10,230,0
17.936249999999973,-8,-18,246,0
17.9368750000001,0,-16,252,0
17.9375,-6,-10,250,0
17.938125000000127,-14,-6,272,0
17.938750000000027,4,-32,256,0
17.939374999999927,-6,-6,270,0
17.940000000000055,-12,-14,262,0
17.940624999999955,0,-26,242,0
17.941250000000082,0,-12,252,0
17.941874999999982,-12,-16,246,0
17.94250000000011,-22,-8,250,0
17.94312500000001,0,-14,226,0
17.94374999999991,0,-24,238,0
17.944375000000036,0,-26,230,0
17.944999999999936,0,-28,260,0
17.945625000000064,4,-24,262,0
17.946249999999964,-10,-14,264,0
17.94687500000009,-6,-16,270,0
17.94749999999999,2,-22,252,0
17.94812500000012,0,-28,236,0
17.948750000000018,-6,-18,256,0
17.949374999999918,0,-26,234,0
17.950000000000045,0,-30,206,0
17.950624999999945,-8,-12,238,0
17.951250000000073,0,-26,230,0
17.951874999999973,-4,-14,236,0
17.9525000000001,-8,-14,254,0
17.953125,2,-28,252,0
17.953750000000127,2,-30,260,0
17.954375000000027,-4,-14,278,0
17.954999999999927,0,-20,262,0
17.955625000000055,2,-20,262,0
17.956249999999955,-4,-8,268,0
17.956875000000082,-20,0,250,0
17.957499999999982,-6,-10,220,0
17.95812500000011,0,-18,222,0
17.95875000000001,-8,-8,222,0
17.95937499999991,-14,-4,222,0
17.960000000000036,-14,-6,238,0
17.960624999999936,0,-30,246,0
17.961250000000064,-8,-8,258,0
17.961874999999964,-16,-10,256,0
17.96250000000009,0,-26,256,0
17.96312499999999,-8,-6,272,0
17.96375000000012,-12,-12,260,0
17.964375000000018,0,-26,244,0
17.964999999999918,-10,-14,246,0
17.965625000000045,-10,-14,242,0
17.966249999999945,8,-30,228,0
17.966875000000073,-4,-12,236,0
17.967499999999973,-10,-12,248,0
17.9681250000001,-4,-18,264,0
17.96875,0,-20,244,0
17.969375000000127,-6,-26,270,0
17.970000000000027,-14,-10,286,0
17.970624999999927,0,-26,256,0
17.971250000000055,-10,-26,264,0
17.971874999999955,-12,-24,274,0
17.972500000000082,-6,-18,238,0
17.973124999999982,6,-20,234,0
17.97375000000011,-18,-18,252,0
17.97437500000001,-4,-18,230,0
17.97499999999991,4,-20,236,0
17.975625000000036,-12,0,266,0
17.976249999999936,-8,-4,256,0
17.976875000000064,8,-20,256,0
17.977499999999964,0,-22,266,0
17.97812500000009,-8,-10,274,0
17.97874999999999,-18,-8,270,0
17.97937500000012,2,-18,244,0
17.980000000000018,2,-26,258,0
17.980624999999918,-16,-4,240,0
17.981250000000045,-10,-18,232,0
17.981874999999945,0,-16,224,0
17.982500000000073,-24,0,220,0
17.983124999999973,-8,-18,234,0
17.9837500000001,2,-18,230,0
17.984375,0,0,248,0
17.985000000000127,-10,-16,252,0
17.985625000000027,0,-20,250,0
17.986249999999927,-8,-4,256,0
17.986875000000055,-12,-20,256,0
17.987499999999955,-6,-18,246,0
17.988125000000082,-18,-12,242,0
17.988749999999982,-14,-8,232,0
17.98937500000011,-14,-16,238,0
17.99000000000001,0,-6,222,0
17.99062499999991,-12,-10,244,0
17.991250000000036,-16,-6,242,0
17.991874999999936,0,-24,232,0
17.992500000000064,-6,-14,268,0
17.993124999999964,-10,-14,274,0
17.99375000000009,0,-30,260,0
17.99437499999999,-8,-16,282,0
17.99500000000012,-8,-10,274,0
17.995625000000018,-6,-22,258,0
17.996249999999918,-10,-14,258,0
17.996875000000045,-10,-12,254,0
17.997499999999945,0,-24,234,0
17.998125000000073,0,-24,232,0
17.998749999999973,-14,-14,244,0
17.9993750000001,-4,-20,234,0
18.0,-4,-16,260,0
18.000625000000127,-10,-12,278,0
18.001250000000027,0,-28,256,0
18.001874999999927,-6,-16,278,0
18.002500000000055,-16,-14,258,0
18.003124999999955,4,-30,252,0
18.003750000000082,-8,-6,258,0
18.004374999999982,-10,-22,240,0
18.00500000000011,-14,-12,230,0
18.00562500000001,-16,-8,246,0
18.00624999999991,-6,-16,220,0
18.006875000000036,-10,-18,232,0
18.007499999999936,-16,-10,256,0
18.008125000000064,-4,-18,238,0
18.008749999999964,-8,-14,252,0
18.00937500000009,-14,-8,268,0
18.00999999999999,0,-18,256,0
18.01062500000012,-20,-6,260,0
18.011250000000018,-12,-14,248,0
18.011874999999918,0,-28,234,0
18.012500000000045,-16,-12,240,0
18.013124999999945,-18,-8,250,0
18.013750000000073,-4,-16,224,0
18.014374999999973,-8,-6,228,0
18.0150000000001,-20,-4,232,0
18.015625,0,-24,232,0
18.016250000000127,-22,-6,252,0
18.016875000000027,-12,-8,256,0
18.017499999999927,0,-20,268,0
18.018125000000055,-6,-8,256,0
18.018749999999955,-12,-14,280,0
18.019375000000082,-4,-16,252,0
18.019999999999982,-8,-14,238,0
18.02062500000011,-18,-10,226,0
18.02125000000001,-12,-14,230,0
18.02187499999991,0,-26,226,0
18.022500000000036,0,-24,224,0
18.023124999999936,-10,-26,238,0
18.023750000000064,-20,-12,262,0
18.024374999999964,-12,-18,254,0
18.02500000000009,-4,-24,256,0
18.02562499999999,-4,-28,268,0
18.02625000000012,-6,-14,272,0
18.026875000000018,2,-28,252,0
18.027499999999918,0,-28,250,0
18.028125000000045,0,-10,250,0
18.028749999999945,6,-22,238,0
18.029375000000073,0,-28,224,0
18.029999999999973,-4,-16,232,0
18.0306250000001,-20,-12,240,0
18.03125,-18,-18,242,0
18.031875000000127,0,-22,248,0
18.032500000000027,-26,0,258,0
18.033124999999927,-16,-18,256,0
18.033750000000055,0,-16,248,0
18.034374999999955,-16,0,254,0
18.035000000000082,0,-12,246,0
18.035624999999982,0,-16,244,0
18.03625000000011,-8,-12,228,0
18.03687500000001,-16,-20,232,0
18.03749999999991,-4,-18,222,0
18.038125000000036,-10,-8,226,0
18.038749999999936,-14,-10,250,0
18.039375000000064,-12,-14,250,0
18.039999999999964,4,-34,252,0
18.04062500000009,-8,-20,272,0
18.04124999999999,-10,-16,270,0
18.04187500000012,-16,-36,284,0
18.042500000000018,0,-30,246,0
18.043124999999918,8,-22,248,0
18.043750000000045,-4,-10,256,0
18.044374999999945,-14,-16,242,0
18.045000000000073,6,-26,230,0
18.045624999999973,0,-20,252,0
18.0462500000001,-12,-10,242,0
18.046875,0,-18,246,0
18.047500000000127,-6,-14,258,0
18.048125000000027,-10,-12,264,0
18.048749999999927,0,-24,252,0
18.049375000000055,0,-30,256,0
18.049999999999955,0,-12,270,0
18.050625000000082,2,-24,250,0
18.051249999999982,-6,-10,230,0
18.05187500000011,-6,-8,250,0
18.05250000000001,2,-26,236,0
18.05312499999991,-10,-14,234,0
18.053750000000036,0,-16,248,0
18.054374999999936,-8,0,244,0
18.055000000000064,0,-26,232,0
18.055624999999964,-8,-10,252,0
18.05625000000009,-20,-4,268,0
18.05687499999999,0,-30,244,0
18.05750000000012,-4,-12,268,0
18.058125000000018,-6,0,264,0
18.058749999999918,0,-30,256,0
18.059375000000045,-6,-14,264,0
18.059999999999945,-8,0,248,0
18.060625000000073,0,-26,212,0
18.061249999999973,0,-20,240,0
18.0618750000001,-18,-8,238,0
18.0625,0,-26,218,0
18.063125000000127,-8,-10,262,0
18.063750000000027,-6,-14,258,0
18.064374999999927,0,-26,238,0
18.065000000000055,-6,-10,268,0
18.065624999999955,0,-30,264,0
18.066250000000082,-6,-12,284,0
18.066874999999982,-8,-24,254,0
18.06750000000011,4,-32,232,0
18.06812500000001,-10,-6,250,0
18.06874999999991,-10,-20,232,0
18.069375000000036,4,-22,230,0
18.069999999999936,-14,-10,254,0
18.070625000000064,-18,-12,250,0
18.071249999999964,-6,-26,240,0
18.07187500000009,-18,-12,270,0
18.07249999999999,-16,-8,260,0
18.07312500000012,2,-20,262,0
18.073750000000018,-8,-24,254,0
18.074374999999918,-6,-22,256,0
18.075000000000045,0,-8,250,0
18.075624999999945,0,-20,222,0
18.076250000000073,0,-20,240,0
18.076874999999973,-8,0,242,0
18.0775000000001,0,-24,222,0
18.078125,0,-20,224,0
18.078750000000127,-20,-4,256,0
18.079375000000027,-4,-16,238,0
18.079999999999927,2,-20,248,0
18.080625000000055,-14,-10,270,0
18.081249999999955,0,-28,248,0
18.081875000000082,-8,-16,252,0
18.082499999999982,-20,-14,252,0
18.08312500000011,-4,-14,238,0
18.08375000000001,0,-24,244,0
18.08437499999991,-20,-8,242,0
18.085000000000036,-8,-24,220,0
18.085624999999936,-10,-8,240,0
18.086250000000064,-18,-8,248,0
18.086874999999964,-16,-18,244,0
18.08750000000009,0,-28,246,0
18.08812499999999,-6,-8,250,0
18.08875000000012,-6,-16,278,0
18.089375000000018,-10,-24,260,0
18.089999999999918,2,-32,252,0
18.090625000000045,-2,-22,252,0
18.091249999999945,-12,-10,258,0
18.091875000000073,-8,-16,232,0
18.092499999999973,-12,-6,246,0
18.0931250000001,-12,-20,238,0
18.09375,-4,-18,230,0
18.094375000000127,-14,-6,230,0
18.095000000000027,0,-22,240,0
18.095624999999927,-22,0,256,0
18.096250000000055,-14,-6,278,0
18.096874999999955,-6,-12,250,0
18.097500000000082,-18,-10,242,0
18.098124999999982,-18,-18,248,0
18.09875000000011,0,-22,240,0
18.09937500000001,-20,-6,242,0
18.09999999999991,0,-16,230,0
18.100625000000036,0,-16,224,0
18.101249999999936,-18,-10,234,0
18.101875000000064,-8,-22,232,0
18.102499999999964,-4,-14,236,0
18.10312500000009,-14,-12,240,0
18.10374999999999,-8,-10,272,0
18.10437500000012,-16,-12,268,0
18.105000000000018,0,-30,248,0
18.105624999999918,-6,-8,266,0
18.106250000000045,-10,-24,256,0
18.106874999999945,0,-30,240,0
18.107500000000073,-12,-6,246,0
18.108124999999973,-8,-14,246,0
18.1087500000001,-8,-12,240,0
18.109375,-4,-16,244,0
18.110000000000127,-10,-10,246,0
18.110625000000027,-4,-18,252,0
18.111249999999927,0,-24,244,0
18.111875000000055,-14,-18,260,0
18.112499999999955,-18,-20,284,0
18.113125000000082,0,-28,252,0
18.113749999999982,-4,-28,254,0
18.11437500000011,-18,-8,276,0
18.11500000000001,-6,-18,238,0
18.11562499999991,-12,-18,234,0
18.116250000000036,-14,-10,256,0
18.116874999999936,0,-16,230,0
18.117500000000064,-12,-26,228,0
18.118124999999964,-16,-10,256,0
18.11875000000009,-16,-16,254,0
18.11937499999999,0,-26,258,0
18.12000000000012,-8,-8,266,0
18.120625000000018,0,-20,272,0
18.121249999999918,-22,-4,266,0
18.121875000000045,0,-28,230,0
18.122499999999945,-10,-20,236,0
18.123125000000073,-16,-10,238,0
18.123749999999973,-12,-20,228,0
18.1243750000001,-12,-22,232,0
18.125,-8,-8,222,0
18.125625000000127,-10,-12,250,0
18.126250000000027,-10,-20,246,0
18.126874999999927,0,-24,250,0
18.127500000000055,-12,-12,270,0
18.128124999999955,-12,-24,256,0
18.128750000000082,0,-32,246,0
18.129374999999982,0,-8,268,0
18.13000000000011,-10,-14,254,0
18.13062500000001,6,-32,232,0
18.13124999999991,0,-16,256,0
18.131875000000036,-12,-12,244,0
18.132499999999936,-6,-28,230,0
18.133125000000064,0,-20,248,0
18.133749999999964,-8,-6,254,0
18.13437500000009,0,-32,240,0
18.13499999999999,0,-30,244,0
18.13562500000012,0,-22,250,0
18.136250000000018,-16,-14,274,0
18.136874999999918,-16,-8,260,0
18.137500000000045,0,-26,262,0
18.138124999999945,0,-30,226,0
18.138750000000073,0,-14,254,0
18.139374999999973,2,-6,244,0
18.1400000000001,0,-32,218,0
18.140625,0,-26,226,0
18.141250000000127,-6,0,242,0
18.141875000000027,-16,-18,242,0
18.142499999999927,0,-24,242,0
18.143125000000055,-6,-18,242,0
18.143749999999955,-10,-20,252,0
18.144375000000082,0,-16,254,0
18.144999999999982,-8,-14,244,0
18.14562500000011,-14,-10,262,0
18.14625000000001,-16,-6,242,0
18.14687499999991,4,-30,230,0
18.147500000000036,-4,-10,256,0
18.148124999999936,-12,-6,250,0
18.148750000000064,0,-32,234,0
18.149374999999964,-6,-16,248,0
18.15000000000009,-4,-6,260,0
18.15062499999999,0,-30,250,0
18.15125000000012,0,-24,248,0
18.151875000000018,-10,-26,256,0
18.152499999999918,-16,-10,278,0
18.153125000000045,-20,-16,254,0
18.153749999999945,0,-22,248,0
18.154375000000073,0,-18,244,0
18.154999999999973,-10,-8,248,0
18.1556250000001,-20,-6,248,0
18.15625,-4,-18,222,0
18.156875000000127,0,-24,228,0
18.157500000000027,-12,-16,230,0
18.158124999999927,-12,-18,242,0
18.158750000000055,-10,-16,246,0
18.159374999999955,-10,-18,246,0
18.160000000000082,-14,-14,268,0
18.160624999999982,-12,-22,258,0
18.16125000000011,2,-36,238,0
18.16187500000001,-14,-4,258,0
18.16249999999991,-14,-14,240,0
18.163125000000036,14,-30,228,0
18.163749999999936,-10,-6,248,0
18.164375000000064,-16,-4,244,0
18.164999999999964,0,-28,228,0
18.16562500000009,-4,-12,254,0
18.16624999999999,-10,-14,254,0
18.16687500000012,-6,-26,256,0
18.167500000000018,-6,-14,272,0
18.168124999999918,-8,-14,270,0
18.168750000000045,0,-18,262,0
18.169374999999945,-4,-24,242,0
18.170000000000073,6,-18,246,0
18.170624999999973,-14,0,252,0
18.1712500000001,-14,-18,240,0
18.171875,0,-18,234,0
18.172500000000127,-6,-24,246,0
18.173125000000027,-8,-14,250,0
18.173749999999927,-24,-8,254,0
18.174375000000055,-4,-14,240,0
18.174999999999955,0,-22,250,0
18.175625000000082,-8,-4,250,0
18.176249999999982,-12,-18,256,0
18.17687500000011,-4,-16,244,0
18.17750000000001,-8,-6,240,0
18.17812499999991,-12,-24,242,0
18.178750000000036,0,-18,234,0
18.179374999999936,-8,-12,230,0
18.180000000000064,-14,-12,246,0
18.180624999999964,0,-22,240,0
18.18125000000009,4,-26,230,0
18.18187499999999,-6,-10,256,0
18.18250000000012,-12,-18,260,0
18.183125000000018,0,-30,246,0
18.183749999999918,4,-26,262,0
18.184375000000045,-6,-20,260,0
18.184999999999945,-18,-26,268,0
18.185625000000073,0,-14,238,0
18.186249999999973,6,-24,232,0
18.1868750000001,-4,-6,254,0
18.1875,-14,-14,240,0
18.188125000000127,0,-14,242,0
18.188750000000027,0,-24,222,0
18.189374999999927,0,-18,250,0
18.190000000000055,-20,-4,258,0
18.190624999999955,0,-22,236,0
18.191250000000082,-4,-16,270,0
18.191874999999982,-16,0,268,0
18.19250000000011,0,-28,240,0
18.19312500000001,-6,-10,254,0
18.19374999999991,-18,0,254,0
18.194375000000036,0,-16,228,0
18.194999999999936,-4,-20,244,0
18.195625000000064,-22,0,240,0
18.196249999999964,-4,-20,220,0
18.19687500000009,-12,0,250,0
18.19749999999999,-10,0,256,0
18.19812500000012,0,-26,240,0
18.198750000000018,0,-14,256,0
18.199374999999918,6,-22,264,0
18.200000000000045,-4,-26,266,0
18.200624999999945,-6,-10,266,0
18.201250000000073,2,-24,250,0
18.201874999999973,0,-26,248,0
18.2025000000001,-8,-12,252,0
18.203125,2,-26,226,0
18.203750000000127,-4,-10,254,0
18.204375000000027,-10,-16,246,0
18.204999999999927,0,-22,242,0
18.205625000000055,-10,-10,266,0
18.206249999999955,-14,-6,262,0
18.206875000000082,0,-18,250,0
18.207499999999982,-18,-12,272,0
18.20812500000011,-4,-10,274,0
18.20875000000001,0,-20,254,0
18.20937499999991,-12,-6,248,0
18.210000000000036,-10,-6,260,0
18.210624999999936,2,-22,238,0
18.211250000000064,-8,-10,254,0
18.211874999999964,-10,-10,250,0
18.21250000000009,2,-22,246,0
18.21312499999999,0,-28,226,0
18.21375000000012,0,-12,264,0
18.214375000000018,0,-8,262,0
18.214999999999918,4,-28,236,0
18.215625000000045,-8,-10,268,0
18.216249999999945,-18,-8,254,0
18.216875000000073,-16,-8,244,0
18.217499999999973,2,-16,240,0
18.2181250000001,0,-24,240,0
18.21875,0,-20,236,0
18.219375000000127,-10,-8,250,0
18.220000000000027,0,-26,236,0
18.220624999999927,2,-24,236,0
18.221250000000055,-14,-22,242,0
18.221874999999955,-18,-8,264,0
18.222500000000082,-10,-10,256,0
18.223124999999982,6,-24,256,0
18.22375000000011,-10,-6,272,0
18.22437500000001,-12,0,272,0
18.22499999999991,0,-28,248,0
18.225625000000036,-6,-16,242,0
18.226249999999936,-12,-14,256,0
18.226875000000064,-12,0,244,0
18.227499999999964,-8,-22,222,0
18.22812500000009,-6,-16,244,0
18.22874999999999,0,0,244,0
18.22937500000012,0,-28,228,0
18.230000000000018,0,-16,272,0
18.230624999999918,8,-26,252,0
18.231250000000045,0,-20,258,0
18.231874999999945,-12,-12,260,0
18.232500000000073,2,-24,258,0
18.233124999999973,0,-26,230,0
18.2337500000001,0,-18,254,0
18.234375,-20,-14,238,0
18.235000000000127,-20,-8,234,0
18.235625000000027,2,-20,226,0
18.236249999999927,-20,-10,248,0
18.236875000000055,-12,-24,246,0
18.237499999999955,0,-20,240,0
18.238125000000082,-6,-20,244,0
18.238749999999982,-14,-10,264,0
18.23937500000011,-12,-20,250,0
18.24000000000001,-8,-12,244,0
18.24062499999991,-10,-8,270,0
18.241250000000036,-8,-16,244,0
18.241874999999936,-10,-18,232,0
18.242500000000064,-10,-8,256,0
18.243124999999964,-4,-18,238,0
18.24375000000009,-6,0,230,0
18.24437499999999,-12,-10,262,0
18.24500000000012,0,-18,240,0
18.245625000000018,-18,-8,244,0
18.246249999999918,-4,-18,236,0
18.246875000000045,0,-16,252,0
18.247499999999945,-4,-10,248,0
18.248125000000073,-10,-22,250,0
18.248749999999973,0,-22,240,0
18.2493750000001,-4,-20,240,0
18.25,-12,-18,232,0
18.250625000000127,-18,-16,236,0
18.251250000000027,0,-30,230,0
18.251874999999927,-8,-14,258,0
18.252500000000055,-10,-16,254,0
18.253124999999955,-14,-22,272,0
18.253750000000082,-6,-20,264,0
18.254374999999982,-8,-8,266,0
18.25500000000011,0,-34,256,0
18.25562500000001,-4,-22,264,0
18.25624999999991,-12,-14,262,0
18.256875000000036,2,-28,240,0
18.257499999999936,-10,-12,256,0
18.258125000000064,-16,-10,242,0
18.258749999999964,0,-30,222,0
18.25937500000009,-12,-8,250,0
18.25999999999999,-8,-14,244,0
18.26062500000012,-6,-18,228,0
18.261250000000018,-14,-22,242,0
18.261874999999918,0,-16,248,0
18.262500000000045,-20,-4,260,0
18.263124999999945,0,-12,254,0
18.263750000000073,0,-20,244,0
18.264374999999973,-14,-10,262,0
18.2650000000001,-10,-20,246,0
18.265625,0,-22,226,0
18.266250000000127,-16,-8,248,0
18.266875000000027,-16,-22,234,0
18.267499999999927,-4,-18,232,0
18.268125000000055,-18,-4,242,0
18.268749999999955,-4,-22,234,0
18.269375000000082,0,-26,256,0
18.269999999999982,0,-14,256,0
18.27062500000011,-4,-22,240,0
18.27125000000001,0,-24,248,0
18.27187499999991,-18,-10,250,0
18.272500000000036,-16,-22,246,0
18.273124999999936,-8,-22,242,0
18.273750000000064,-18,-4,232,0
18.274374999999964,0,-24,224,0
18.27500000000009,0,-22,226,0
18.27562499999999,-16,-10,232,0
18.27625000000012,-10,-16,242,0
18.276875000000018,-6,-24,238,0
18.277499999999918,0,-8,242,0
18.278125000000045,-8,-18,254,0
18.278749999999945,0,-18,246,0
18.279375000000073,0,-26,248,0
18.279999999999973,-4,-10,264,0
18.2806250000001,0,-18,246,0
18.28125,-6,-16,234,0
18.281875000000127,-14,-14,246,0
18.282500000000027,2,-24,228,0
18.283124999999927,-8,-4,232,0
18.283750000000055,-12,-14,234,0
18.284374999999955,0,-18,238,0
18.285000000000082,-14,-12,248,0
18.285624999999982,-12,-8,262,0
18.28625000000011,-4,-18,248,0
18.28687500000001,-6,-18,246,0
18.28749999999991,-12,-10,264,0
18.288125000000036,-12,-20,254,0
18.288749999999936,-10,-12,238,0
18.289375000000064,-18,-4,254,0
18.289999999999964,0,-22,226,0
18.29062500000009,-20,-10,234,0
18.29124999999999,-16,-10,242,0
18.29187500000012,0,-24,236,0
18.292500000000018,-16,-10,250,0
18.293124999999918,-8,-16,252,0
18.293750000000045,0,-20,246,0
18.294374999999945,-14,-8,264,0
18.295000000000073,0,-32,242,0
18.295624999999973,-8,-16,260,0
18.2962500000001,0,-20,242,0
18.296875,-4,-10,258,0
18.297500000000127,-8,-18,246,0
18.298125000000027,0,-26,236,0
18.298749999999927,-6,-14,262,0
18.299375000000055,0,-10,252,0
18.299999999999955,2,-18,256,0
18.300625000000082,0,-32,242,0
18.301249999999982,0,-10,260,0
18.30187500000011,0,-6,256,0
18.30250000000001,0,-26,242,0
18.30312499999991,-4,-14,264,0
18.303750000000036,0,-24,256,0
18.304374999999936,0,-28,252,0
18.305000000000064,-10,-14,250,0
18.305624999999964,0,-14,236,0
18.30625000000009,-10,-12,242,0
18.30687499999999,-12,-10,238,0
18.30750000000012,4,-20,236,0
18.308125000000018,0,-22,268,0
18.308749999999918,-16,-14,252,0
18.309375000000045,6,-32,242,0
18.309999999999945,-16,-4,274,0
18.310625000000073,0,-14,248,0
18.311249999999973,0,-20,248,0
18.3118750000001,-16,-10,260,0
18.3125,-14,-20,242,0
18.313125000000127,4,-18,236,0
18.313750000000027,-8,-6,258,0
18.314374999999927,-10,-12,244,0
18.315000000000055,0,-20,236,0
18.315624999999955,-4,-26,250,0
18.316250000000082,0,-20,256,0
18.316874999999982,0,-16,256,0
18.31750000000011,0,-24,236,0
18.31812500000001,-4,-24,264,0
18.31874999999991,-18,-10,256,0
18.319375000000036,-12,-20,246,0
18.319999999999936,0,-24,240,0
18.320625000000064,-22,-10,238,0
18.321249999999964,0,-18,226,0
18.32187500000009,0,-18,232,0
18.32249999999999,-6,0,226,0
18.32312500000012,-8,-6,254,0
18.323750000000018,-20,-4,262,0
18.324374999999918,2,-34,248,0
18.325000000000045,0,-20,244,0
18.325624999999945,-14,-18,260,0
18.326250000000073,-20,-6,276,0
18.326874999999973,-12,-20,256,0
18.3275000000001,6,-32,238,0
18.328125,-8,0,264,0
18.328750000000127,-10,-14,248,0
18.329375000000027,2,-26,232,0
18.329999999999927,-12,-10,238,0
18.330625000000055,-6,-8,254,0
18.331249999999955,6,-26,250,0
18.331875000000082,0,-30,232,0
18.332499999999982,0,-20,242,0
18.33312500000011,-16,0,244,0
18.33375000000001,-12,-10,268,0
18.33437499999991,-8,-10,260,0
18.335000000000036,0,-30,246,0
18.335624999999936,-14,-8,262,0
18.336250000000064,-16,-8,252,0
18.336874999999964,0,-26,228,0
18.33750000000009,-8,-6,250,0
18.33812499999999,-10,-6,248,0
18.33875000000012,2,-30,234,0
18.339375000000018,-4,-18,256,0
18.339999999999918,-18,-12,262,0
18.340625000000045,2,-32,254,0
18.341249999999945,0,-24,258,0
18.341875000000073,-12,-10,264,0
18.342499999999973,-4,-36,256,0
18.3431250000001,-10,-14,266,0
18.34375,-12,-24,254,0
18.344375000000127,-6,-20,244,0
18.345000000000027,-8,-8,252,0
18.345624999999927,-14,-12,246,0
18.346250000000055,6,-30,234,0
18.346874999999955,-6,-14,244,0
18.347500000000082,-14,-18,242,0
18.348124999999982,0,-28,242,0
18.34875000000011,-4,-12,268,0
18.34937500000001,-10,-12,258,0
18.34999999999991,-14,-4,252,0
18.350625000000036,-14,-14,250,0
18.351249999999936,0,-24,242,0
18.351875000000064,-18,-4,238,0
18.352499999999964,-8,-12,242,0
18.35312500000009,0,-16,238,0
18.35374999999999,-20,0,230,0
18.35437500000012,-16,-6,234,0
18.355000000000018,-6,-24,230,0
18.355624999999918,-18,-8,244,0
18.356250000000045,-18,-10,262,0
18.356874999999945,0,-18,244,0
18.357500000000073,-8,-18,244,0
18.358124999999973,-16,-16,262,0
18.3587500000001,-16,-8,262,0
18.359375,0,-28,246,0
18.360000000000127,0,-18,256,0
18.360625000000027,-12,-10,254,0
18.361249999999927,0,-30,240,0
18.361875000000055,0,-12,248,0
18.362499999999955,-6,-8,252,0
18.363125000000082,-14,-22,262,0
18.363749999999982,0,-24,236,0
18.36437500000011,8,-22,248,0
18.36500000000001,-4,-16,270,0
18.36562499999991,-18,-8,246,0
18.366250000000036,0,-24,248,0
18.366874999999936,0,-22,230,0
18.367500000000064,-6,-18,256,0
18.368124999999964,-16,-8,252,0
18.36875000000009,-20,-16,238,0
18.36937499999999,-6,-20,232,0
18.37000000000012,-22,-6,236,0
18.370625000000018,-18,0,238,0
18.371249999999918,-4,-18,242,0
18.371875000000045,-4,-6,240,0
18.372499999999945,-4,-8,272,0
18.373125000000073,-14,-14,266,0
18.373749999999973,-4,-30,256,0
18.3743750000001,-6,-16,252,0
18.375,-12,-8,260,0
18.375625000000127,0,-28,238,0
18.376250000000027,-8,-14,244,0
18.376874999999927,-14,-22,248,0
18.377500000000055,-20,-24,256,0
18.378124999999955,0,-26,230,0
18.378750000000082,-8,-20,246,0
18.379374999999982,-16,-8,260,0
18.38000000000011,-10,-12,254,0
18.38062500000001,0,-26,256,0
18.38124999999991,0,-30,240,0
18.381875000000036,-8,-8,264,0
18.382499999999936,0,-20,256,0
18.383125000000064,0,-28,236,0
18.383749999999964,0,-10,248,0
18.38437500000009,4,-20,242,0
18.38499999999999,-8,-16,226,0
18.38562500000012,-8,-18,226,0
18.386250000000018,-18,-10,238,0
18.386874999999918,-12,-10,238,0
18.387500000000045,0,-16,244,0
18.388124999999945,0,-8,242,0
18.388750000000073,-6,-16,266,0
18.389374999999973,-16,-10,254,0
18.3900000000001,0,-34,242,0
18.390625,-10,-8,252,0
18.391250000000127,-8,-4,260,0
18.391875000000027,0,-28,234,0
18.392499999999927,-6,-12,254,0
18.393125000000055,-8,-14,250,0
18.393749999999955,2,-30,234,0
18.394375000000082,0,-16,258,0
18.394999999999982,-12,-16,256,0
18.39562500000011,0,-20,248,0
18.39625000000001,0,-30,258,0
18.39687499999991,-10,-26,258,0
18.397500000000036,-14,-12,270,0
18.398124999999936,-4,-16,248,0
18.398750000000064,10,-22,246,0
18.399374999999964,0,-24,252,0
18.40000000000009,-10,-14,252,0
18.40062499999999,4,-20,240,0
18.40125000000012,0,-26,240,0
18.401875000000018,-4,-8,258,0
18.402499999999918,4,-26,242,0
18.403125000000045,0,-22,224,0
18.403749999999945,0,-18,266,0
18.404375000000073,-8,-8,256,0
18.404999999999973,-4,-28,236,0
18.4056250000001,0,-26,262,0
18.40625,-16,-8,256,0
18.406875000000127,-6,-18,240,0
18.407500000000027,0,-24,236,0
18.408124999999927,-18,-8,248,0
18.408750000000055,-4,-18,220,0
18.409374999999955,0,-20,228,0
18.410000000000082,-12,-6,230,0
18.410624999999982,-4,-24,244,0
18.41125000000011,-4,-16,248,0
18.41187500000001,0,-32,244,0
18.41249999999991,-8,-14,264,0
18.413125000000036,-10,-6,266,0
18.413749999999936,0,-32,248,0
18.414375000000064,0,-24,256,0
18.414999999999964,-8,-6,254,0
18.41562500000009,-6,-22,264,0
18.41624999999999,-4,-24,236,0
18.41687500000012,-6,-18,248,0
18.417500000000018,-14,-12,254,0
18.418124999999918,-8,-16,228,0
18.418750000000045,-10,-22,246,0
18.419374999999945,-14,-10,266,0
18.420000000000073,-4,-14,246,0
18.420624999999973,0,-16,252,0
18.4212500000001,-18,-6,276,0
18.421875,-10,-18,256,0
18.422500000000127,12,-20,246,0
18.423125000000027,-16,-16,264,0
18.423749999999927,-14,-22,244,0
18.424375000000055,0,-16,230,0
18.424999999999955,-8,0,254,0
18.425625000000082,-16,-4,254,0
18.426249999999982,4,-22,248,0
18.42687500000011,-8,0,268,0
18.42750000000001,-14,-10,256,0
18.42812499999991,4,-26,248,0
18.428750000000036,-4,-16,268,0
18.429374999999936,-8,-10,268,0
18.430000000000064,6,-20,254,0
18.430624999999964,-6,0,262,0
18.43125000000009,-14,-10,254,0
18.43187499999999,0,-18,248,0
18.43250000000012,-4,-26,246,0
18.433125000000018,-8,-14,244,0
18.433749999999918,-18,-8,244,0
18.434375000000045,2,-26,230,0
18.434999999999945,0,-22,258,0
18.435625000000073,-22,-6,252,0
18.436249999999973,-16,-26,256,0
18.4368750000001,0,-18,242,0
18.4375,-8,-22,246,0
18.438125000000127,-12,-12,260,0
18.438750000000027,-14,-20,248,0
18.439374999999927,4,-32,232,0
18.440000000000055,-4,-12,252,0
18.440624999999955,-16,-10,248,0
18.441250000000082,0,-28,240,0
18.441874999999982,-4,-24,254,0
18.44250000000011,-10,-18,254,0
18.44312500000001,0,-30,250,0
18.44374999999991,0,-24,246,0
18.444375000000036,2,-24,248,0
18.444999999999936,-18,-20,268,0
18.445625000000064,-14,-22,250,0
18.446249999999964,-4,-24,254,0
18.44687500000009,-6,-6,264,0
18.44749999999999,-10,-8,248,0
18.44812500000012,-10,0,246,0
18.448750000000018,0,-22,222,0
18.449374999999918,-4,-14,254,0
18.450000000000045,-18,0,252,0
18.450624999999945,-6,-14,240,0
18.451250000000073,-6,-16,242,0
18.451874999999973,-24,0,240,0
18.4525000000001,-12,-20,246,0
18.453125,-4,-18,250,0
18.453750000000127,0,-30,236,0
18.454375000000027,-12,-10,260,0
18.454999999999927,-10,-8,250,0
18.455625000000055,0,-34,236,0
18.456249999999955,0,-28,248,0
18.456875000000082,-8,-14,256,0
18.457499999999982,2,-26,240,0
18.45812500000011,0,-18,244,0
18.45875000000001,-8,-26,246,0
18.45937499999991,0,-20,254,0
18.460000000000036,0,-22,242,0
18.460624999999936,4,-26,252,0
18.461250000000064,-6,-14,272,0
